LS	2022-08-02  12:34
File name:	1175_STV0044_si_09.$ls
File ID:	1175
Sample ID:	STV0044_si
Operator:	HMB
Bar code:	
Comment 1:	
Comment 2:	
Instrument:	LS 230, VSM Plus
Run number:	9
Start time:	2022-08-02  12:33
Run length:	62
Optical model:	Fraunhofer.rfd   PIDS included
Obscuration:	4
PIDS Obscur:	9
Obscuration:	LOW
Serial Number:	7205

From	0.0400
To	2000
Volume 	100
Mean:	158.2
Median:	134.3
D(0,0):	0.0860
Mean/Median ratio:	1.178
Mode:	185.4
S.D.:	123.1
Variance:	15163
C.V.:	77.82
Skewness:	1.696
Kurtosis:	3.420
d10:	32.72
d50:	134.3
d90:	288.2
Specific Surf. Area:	4243

% <	Size 
10	32.7
25	80.1
50	134
75	200
90	288

% >	Size 
10	288
25	200
50	134
75	80.1
90	32.7

Size 	% <
1	1.00
10	4.33
100	35.0
1000	100

Size 	% >
1	99.0
10	95.7
100	65.0
1000	0

Particle	1175_STV004	Volume	Volume
Diameter	4_si_09.$ls	% >	%
um	Volume		
	% <		
0.4	0.69	99.3	0.076
0.488	0.77	99.2	0.11
0.69	0.88	99.1	0.12
0.98	0.99	99.0	0.19
1.38	1.18	98.8	0.34
1.95	1.51	98.5	0.46
2.76	1.97	98.0	0.50
3.91	2.48	97.5	0.57
5.52	3.05	96.9	0.71
7.81	3.76	96.2	0.83
11.05	4.59	95.4	1.18
15.63	5.78	94.2	1.40
22.1	7.18	92.8	2.37
31.3	9.55	90.4	3.52
44.2	13.1	86.9	5.09
62.5	18.2	81.8	11.0
88.4	29.2	70.8	16.8
125	46.0	54.0	21.3
177	67.3	32.7	18.6
250	85.9	14.1	6.44
354	92.4	7.62	4.27
500	96.6	3.35	3.33
707	99.98	0.020	0.020
1000	100	0	0
1414	100	0	0
2000	100	0	0
2828	100	0	0
4000	100	0	

Channel	Channel	Channel	Diff.	Cum. <	Cum. >	Diff.
Diameter	Diameter	Diameter	Volume	Volume	Volume	Number
(Lower)	(Center)	(Upper)	%	%	%	%
um	um	um				
0.040	0.042	0.044	0.00043	0	100	1.43
0.044	0.046	0.048	0.00076	0.00043	100	1.88
0.048	0.050	0.053	0.0024	0.0012	99.999	4.48
0.053	0.055	0.058	0.0058	0.0036	99.996	8.30
0.058	0.061	0.064	0.0095	0.0094	99.99	10.2
0.064	0.067	0.070	0.013	0.019	99.98	10.4
0.070	0.073	0.077	0.016	0.032	99.97	9.93
0.077	0.080	0.084	0.020	0.048	99.95	9.15
0.084	0.088	0.093	0.023	0.068	99.9	8.18
0.093	0.097	0.102	0.027	0.091	99.9	7.11
0.102	0.106	0.112	0.030	0.12	99.9	6.03
0.112	0.117	0.122	0.033	0.15	99.9	4.94
0.122	0.128	0.134	0.035	0.18	99.8	3.99
0.134	0.141	0.148	0.037	0.22	99.8	3.19
0.148	0.155	0.162	0.039	0.25	99.7	2.53
0.162	0.170	0.178	0.040	0.29	99.7	1.98
0.178	0.186	0.195	0.041	0.33	99.7	1.54
0.195	0.205	0.214	0.042	0.37	99.6	1.19
0.214	0.225	0.235	0.043	0.41	99.6	0.91
0.235	0.247	0.258	0.043	0.46	99.5	0.69
0.258	0.271	0.284	0.043	0.50	99.5	0.52
0.284	0.297	0.311	0.042	0.54	99.5	0.39
0.311	0.326	0.342	0.041	0.58	99.4	0.28
0.342	0.358	0.375	0.039	0.63	99.4	0.21
0.375	0.393	0.412	0.038	0.66	99.3	0.15
0.412	0.431	0.452	0.036	0.70	99.3	0.11
0.452	0.474	0.496	0.034	0.74	99.3	0.077
0.496	0.520	0.545	0.032	0.77	99.2	0.055
0.545	0.571	0.598	0.030	0.80	99.2	0.039
0.598	0.627	0.656	0.029	0.83	99.2	0.028
0.656	0.688	0.721	0.028	0.86	99.1	0.021
0.721	0.755	0.791	0.028	0.89	99.1	0.016
0.791	0.829	0.868	0.030	0.92	99.1	0.013
0.868	0.910	0.953	0.033	0.95	99.1	0.011
0.953	0.999	1.047	0.038	0.98	99.0	0.0091
1.047	1.097	1.149	0.044	1.02	99.0	0.0082
1.149	1.204	1.261	0.053	1.06	98.9	0.0074
1.261	1.321	1.385	0.064	1.12	98.9	0.0067
1.385	1.451	1.520	0.075	1.18	98.8	0.0059
1.520	1.592	1.668	0.087	1.26	98.7	0.0052
1.668	1.748	1.832	0.099	1.34	98.7	0.0045
1.832	1.919	2.011	0.11	1.44	98.6	0.0037
2.011	2.107	2.207	0.12	1.55	98.4	0.0031
2.207	2.313	2.423	0.12	1.67	98.3	0.0024
2.423	2.539	2.660	0.13	1.79	98.2	0.0019
2.660	2.787	2.920	0.13	1.92	98.1	0.0015
2.920	3.059	3.205	0.13	2.05	97.9	0.0011
3.205	3.358	3.519	0.13	2.19	97.8	0.00086
3.519	3.687	3.863	0.14	2.32	97.7	0.00066
3.863	4.047	4.240	0.14	2.46	97.5	0.00052
4.240	4.443	4.655	0.15	2.60	97.4	0.00041
4.655	4.877	5.110	0.16	2.75	97.2	0.00033
5.110	5.354	5.610	0.17	2.91	97.1	0.00027
5.610	5.878	6.158	0.18	3.08	96.9	0.00022
6.158	6.452	6.760	0.19	3.26	96.7	0.00017
6.760	7.083	7.421	0.20	3.45	96.5	0.00013
7.421	7.775	8.147	0.20	3.65	96.3	0.00011
8.147	8.536	8.943	0.21	3.86	96.1	0.000082
8.943	9.370	9.817	0.22	4.07	95.9	0.000065
9.817	10.29	10.78	0.24	4.29	95.7	0.000053
10.78	11.29	11.83	0.26	4.53	95.5	0.000044
11.83	12.40	12.99	0.30	4.79	95.2	0.000038
12.99	13.61	14.26	0.33	5.09	94.9	0.000032
14.26	14.94	15.65	0.36	5.42	94.6	0.000026
15.65	16.40	17.18	0.38	5.78	94.2	0.000021
17.18	18.00	18.86	0.37	6.16	93.8	0.000016
18.86	19.76	20.70	0.37	6.53	93.5	0.000012
20.70	21.69	22.73	0.40	6.91	93.1	0.000009
22.73	23.81	24.95	0.47	7.30	92.7	0.000008
24.95	26.14	27.39	0.61	7.77	92.2	0.000008
27.39	28.70	30.07	0.78	8.38	91.6	0.000008
30.07	31.50	33.01	0.93	9.16	90.8	0.000007
33.01	34.58	36.24	0.99	10.1	89.9	0.000006
36.24	37.97	39.78	0.95	11.1	88.9	0.000004
39.78	41.68	43.67	0.92	12.0	88.0	0.000003
43.67	45.75	47.94	0.99	12.9	87.1	0.000003
47.94	50.22	52.62	1.22	13.9	86.1	0.000002
52.62	55.13	57.77	1.51	15.2	84.8	0.000002
57.77	60.52	63.41	1.78	16.7	83.3	0.000002
63.41	66.44	69.61	2.11	18.5	81.5	0.000002
69.61	72.94	76.42	2.70	20.6	79.4	0.000002
76.42	80.07	83.89	3.54	23.3	76.7	0.000002
83.89	87.90	92.09	4.25	26.8	73.2	0.000002
92.09	96.49	101.1	4.48	31.1	68.9	0.000001
101.1	105.9	111.0	4.45	35.5	64.5	0.000001
111.0	116.3	121.8	4.65	40.0	60.0	0.000001
121.8	127.6	133.7	5.12	44.6	55.4	0.000001
133.7	140.1	146.8	5.54	49.8	50.2	4.87E-7
146.8	153.8	161.2	5.86	55.3	44.7	3.89E-7
161.2	168.9	176.9	6.15	61.2	38.8	3.08E-7
176.9	185.4	194.2	6.15	67.3	32.7	2.33E-7
194.2	203.5	213.2	5.53	73.4	26.6	1.59E-7
213.2	223.4	234.1	4.51	79.0	21.0	9.77E-8
234.1	245.2	256.9	3.53	83.5	16.5	5.78E-8
256.9	269.2	282.1	2.62	87.0	13.0	3.24E-8
282.1	295.5	309.6	1.66	89.6	10.4	1.56E-8
309.6	324.4	339.9	0.85	91.3	8.71	5.98E-9
339.9	356.1	373.1	0.57	92.1	7.86	3.06E-9
373.1	390.9	409.6	1.01	92.7	7.29	4.07E-9
409.6	429.2	449.7	1.63	93.7	6.28	4.98E-9
449.7	471.1	493.6	1.20	95.3	4.65	2.76E-9
493.6	517.2	541.9	0.82	96.5	3.46	1.43E-9
541.9	567.7	594.9	1.38	97.4	2.64	1.82E-9
594.9	623.3	653.0	1.13	98.7	1.26	1.13E-9
653.0	684.2	716.8	0.13	99.9	0.13	9.87E-11
716.8	751.1	786.9	0	100	0	0
786.9	824.5	863.9	0	100	0	0
863.9	905.1	948.3	0	100	0	0
948.3	993.6	1041	0	100	0	0
1041	1091	1143	0	100	0	0
1143	1197	1255	0	100	0	0
1255	1314	1377	0	100	0	0
1377	1443	1512	0	100	0	0
1512	1584	1660	0	100	0	0
1660	1739	1822	0	100	0	0
1822	1909	2000	0	100	0	0
2000				100	0	

