LS	2022-08-02  11:43
File name:	1175_STV0003_si_03.$ls
File ID:	1175
Sample ID:	STV0003_sieved
Operator:	HMB
Bar code:	
Comment 1:	
Comment 2:	
Instrument:	LS 230, VSM Plus
Run number:	3
Start time:	2022-08-02  11:42
Run length:	62
Optical model:	Fraunhofer.rfd   PIDS included
Obscuration:	10
PIDS Obscur:	36
Obscuration:	OK
Serial Number:	7205

From	0.0400
To	2000
Volume 	100
Mean:	111.0
Median:	99.16
D(0,0):	0.100
Mean/Median ratio:	1.120
Mode:	116.3
S.D.:	83.69
Variance:	7004
C.V.:	75.37
Skewness:	2.620
Kurtosis:	12.71
d10:	25.89
d50:	99.16
d90:	194.7
Specific Surf. Area:	3111

% <	Size 
10	25.9
25	59.3
50	99.2
75	144
90	195

% >	Size 
10	195
25	144
50	99.2
75	59.3
90	25.9

Size 	% <
1	0.85
10	4.53
100	50.5
1000	100

Size 	% >
1	99.1
10	95.5
100	49.5
1000	0.000038

Particle	1175_STV000	Volume	Volume
Diameter	3_si_03.$ls	% >	%
um	Volume		
	% <		
0.4	0.37	99.6	0.083
0.488	0.45	99.5	0.17
0.69	0.62	99.4	0.21
0.98	0.84	99.2	0.26
1.38	1.10	98.9	0.32
1.95	1.42	98.6	0.40
2.76	1.81	98.2	0.50
3.91	2.31	97.7	0.63
5.52	2.95	97.1	0.83
7.81	3.78	96.2	1.10
11.05	4.88	95.1	1.51
15.63	6.39	93.6	2.22
22.1	8.62	91.4	3.46
31.3	12.1	87.9	5.44
44.2	17.5	82.5	9.27
62.5	26.8	73.2	16.2
88.4	42.9	57.1	22.6
125	65.5	34.5	20.6
177	86.1	13.9	9.98
250	96.1	3.91	2.18
354	98.3	1.73	0.77
500	99.0	0.96	0.86
707	99.9	0.100	0.099
1000	100	0.000038	0.000038
1414	100	0	0
2000	100	0	0
2828	100	0	0
4000	100	0	

Channel	Channel	Channel	Diff.	Cum. <	Cum. >	Diff.
Diameter	Diameter	Diameter	Volume	Volume	Volume	Number
(Lower)	(Center)	(Upper)	%	%	%	%
um	um	um				
0.040	0.042	0.044	0.00020	0	100	1.99
0.044	0.046	0.048	0.00026	0.00020	100	1.98
0.048	0.050	0.053	0.00042	0.00046	100	2.41
0.053	0.055	0.058	0.00085	0.00087	99.999	3.70
0.058	0.061	0.064	0.0018	0.0017	99.998	5.84
0.064	0.067	0.070	0.0033	0.0035	99.997	8.13
0.070	0.073	0.077	0.0049	0.0067	99.99	9.25
0.077	0.080	0.084	0.0064	0.012	99.99	9.19
0.084	0.088	0.093	0.0079	0.018	99.98	8.57
0.093	0.097	0.102	0.0096	0.026	99.97	7.80
0.102	0.106	0.112	0.011	0.036	99.96	6.92
0.112	0.117	0.122	0.013	0.047	99.95	5.96
0.122	0.128	0.134	0.014	0.060	99.9	5.06
0.134	0.141	0.148	0.016	0.074	99.9	4.25
0.148	0.155	0.162	0.017	0.090	99.9	3.52
0.162	0.170	0.178	0.019	0.11	99.9	2.89
0.178	0.186	0.195	0.021	0.13	99.9	2.37
0.195	0.205	0.214	0.022	0.15	99.9	1.94
0.214	0.225	0.235	0.024	0.17	99.8	1.58
0.235	0.247	0.258	0.026	0.19	99.8	1.29
0.258	0.271	0.284	0.028	0.22	99.8	1.05
0.284	0.297	0.311	0.030	0.25	99.8	0.85
0.311	0.326	0.342	0.032	0.28	99.7	0.69
0.342	0.358	0.375	0.034	0.31	99.7	0.55
0.375	0.393	0.412	0.036	0.34	99.7	0.44
0.412	0.431	0.452	0.038	0.38	99.6	0.36
0.452	0.474	0.496	0.041	0.42	99.6	0.29
0.496	0.520	0.545	0.043	0.46	99.5	0.23
0.545	0.571	0.598	0.046	0.50	99.5	0.18
0.598	0.627	0.656	0.048	0.55	99.5	0.15
0.656	0.688	0.721	0.051	0.60	99.4	0.12
0.721	0.755	0.791	0.054	0.65	99.4	0.094
0.791	0.829	0.868	0.057	0.70	99.3	0.075
0.868	0.910	0.953	0.061	0.76	99.2	0.060
0.953	0.999	1.047	0.064	0.82	99.2	0.048
1.047	1.097	1.149	0.068	0.88	99.1	0.038
1.149	1.204	1.261	0.072	0.95	99.0	0.031
1.261	1.321	1.385	0.076	1.02	99.0	0.024
1.385	1.451	1.520	0.080	1.10	98.9	0.020
1.520	1.592	1.668	0.085	1.18	98.8	0.016
1.668	1.748	1.832	0.090	1.26	98.7	0.012
1.832	1.919	2.011	0.095	1.35	98.6	0.0100
2.011	2.107	2.207	0.10	1.45	98.6	0.0080
2.207	2.313	2.423	0.11	1.55	98.5	0.0064
2.423	2.539	2.660	0.11	1.65	98.3	0.0051
2.660	2.787	2.920	0.12	1.77	98.2	0.0041
2.920	3.059	3.205	0.13	1.89	98.1	0.0033
3.205	3.358	3.519	0.14	2.01	98.0	0.0027
3.519	3.687	3.863	0.14	2.15	97.8	0.0021
3.863	4.047	4.240	0.15	2.29	97.7	0.0017
4.240	4.443	4.655	0.17	2.45	97.6	0.0014
4.655	4.877	5.110	0.18	2.61	97.4	0.0011
5.110	5.354	5.610	0.19	2.79	97.2	0.00092
5.610	5.878	6.158	0.20	2.98	97.0	0.00075
6.158	6.452	6.760	0.22	3.19	96.8	0.00061
6.760	7.083	7.421	0.24	3.41	96.6	0.00049
7.421	7.775	8.147	0.25	3.64	96.4	0.00040
8.147	8.536	8.943	0.27	3.90	96.1	0.00033
8.943	9.370	9.817	0.30	4.17	95.8	0.00027
9.817	10.29	10.78	0.32	4.47	95.5	0.00022
10.78	11.29	11.83	0.35	4.79	95.2	0.00018
11.83	12.40	12.99	0.38	5.14	94.9	0.00015
12.99	13.61	14.26	0.42	5.52	94.5	0.00012
14.26	14.94	15.65	0.46	5.94	94.1	0.00010
15.65	16.40	17.18	0.51	6.40	93.6	0.000086
17.18	18.00	18.86	0.57	6.91	93.1	0.000073
18.86	19.76	20.70	0.64	7.48	92.5	0.000062
20.70	21.69	22.73	0.72	8.12	91.9	0.000052
22.73	23.81	24.95	0.81	8.84	91.2	0.000045
24.95	26.14	27.39	0.91	9.65	90.4	0.000038
27.39	28.70	30.07	1.03	10.6	89.4	0.000032
30.07	31.50	33.01	1.16	11.6	88.4	0.000028
33.01	34.58	36.24	1.32	12.8	87.2	0.000024
36.24	37.97	39.78	1.49	14.1	85.9	0.000020
39.78	41.68	43.67	1.71	15.6	84.4	0.000018
43.67	45.75	47.94	1.96	17.3	82.7	0.000015
47.94	50.22	52.62	2.28	19.2	80.8	0.000013
52.62	55.13	57.77	2.66	21.5	78.5	0.000012
57.77	60.52	63.41	3.12	24.2	75.8	0.000010
63.41	66.44	69.61	3.64	27.3	72.7	0.000009
69.61	72.94	76.42	4.22	30.9	69.1	0.000008
76.42	80.07	83.89	4.82	35.2	64.8	0.000007
83.89	87.90	92.09	5.40	40.0	60.0	0.000006
92.09	96.49	101.1	5.88	45.4	54.6	0.000005
101.1	105.9	111.0	6.22	51.3	48.7	0.000004
111.0	116.3	121.8	6.36	57.5	42.5	0.000003
121.8	127.6	133.7	6.27	63.8	36.2	0.000002
133.7	140.1	146.8	5.94	70.1	29.9	0.000002
146.8	153.8	161.2	5.38	76.1	23.9	0.000001
161.2	168.9	176.9	4.65	81.4	18.6	0.000001
176.9	185.4	194.2	3.83	86.1	13.9	4.47E-7
194.2	203.5	213.2	2.98	89.9	10.1	2.63E-7
213.2	223.4	234.1	2.17	92.9	7.10	1.45E-7
234.1	245.2	256.9	1.47	95.1	4.93	7.4E-8
256.9	269.2	282.1	0.90	96.5	3.47	3.43E-8
282.1	295.5	309.6	0.50	97.4	2.57	1.43E-8
309.6	324.4	339.9	0.27	97.9	2.07	5.79E-9
339.9	356.1	373.1	0.17	98.2	1.80	2.78E-9
373.1	390.9	409.6	0.16	98.4	1.63	2.01E-9
409.6	429.2	449.7	0.21	98.5	1.47	1.94E-9
449.7	471.1	493.6	0.27	98.7	1.27	1.9E-9
493.6	517.2	541.9	0.30	99.0	1.00	1.6E-9
541.9	567.7	594.9	0.28	99.3	0.70	1.13E-9
594.9	623.3	653.0	0.21	99.6	0.43	6.58E-10
653.0	684.2	716.8	0.13	99.8	0.21	3.08E-10
716.8	751.1	786.9	0.060	99.9	0.079	1.05E-10
786.9	824.5	863.9	0.017	99.98	0.019	2.22E-11
863.9	905.1	948.3	0.0023	99.998	0.0024	2.29E-12
948.3	993.6	1041	0.000082	100	0.000082	6.23E-14
1041	1091	1143	0	100	0	0
1143	1197	1255	0	100	0	0
1255	1314	1377	0	100	0	0
1377	1443	1512	0	100	0	0
1512	1584	1660	0	100	0	0
1660	1739	1822	0	100	0	0
1822	1909	2000	0	100	0	0
2000				100	0	

