LS	2022-08-02  12:06
File name:	1175_STV0008_si_04.$ls
File ID:	1175
Sample ID:	STV0008_si
Operator:	HMB
Bar code:	
Comment 1:	
Comment 2:	
Instrument:	LS 230, VSM Plus
Run number:	4
Start time:	2022-08-02  12:05
Run length:	62
Optical model:	Fraunhofer.rfd   PIDS included
Obscuration:	4
PIDS Obscur:	14
Obscuration:	LOW
Serial Number:	7205

From	0.0400
To	2000
Volume 	100
Mean:	167.4
Median:	160.8
D(0,0):	0.0887
Mean/Median ratio:	1.041
Mode:	185.4
S.D.:	89.93
Variance:	8087
C.V.:	53.73
Skewness:	0.931
Kurtosis:	1.931
d10:	60.10
d50:	160.8
d90:	272.0
Specific Surf. Area:	2411

% <	Size 
10	60.1
25	109
50	161
75	212
90	272

% >	Size 
10	272
25	212
50	161
75	109
90	60.1

Size 	% <
1	0.65
10	2.35
100	21.5
1000	100

Size 	% >
1	99.4
10	97.7
100	78.5
1000	0

Particle	1175_STV000	Volume	Volume
Diameter	8_si_04.$ls	% >	%
um	Volume		
	% <		
0.4	0.35	99.6	0.057
0.488	0.41	99.6	0.11
0.69	0.51	99.5	0.12
0.98	0.64	99.4	0.15
1.38	0.79	99.2	0.20
1.95	0.99	99.0	0.24
2.76	1.22	98.8	0.26
3.91	1.48	98.5	0.29
5.52	1.77	98.2	0.32
7.81	2.09	97.9	0.37
11.05	2.46	97.5	0.47
15.63	2.93	97.1	0.68
22.1	3.61	96.4	1.14
31.3	4.75	95.2	2.05
44.2	6.80	93.2	3.74
62.5	10.5	89.5	7.06
88.4	17.6	82.4	13.9
125	31.5	68.5	27.3
177	58.8	41.2	27.2
250	86.0	14.0	10.1
354	96.1	3.88	3.37
500	99.5	0.51	0.51
707	100	0	0
1000	100	0	0
1414	100	0	0
2000	100	0	0
2828	100	0	0
4000	100	0	

Channel	Channel	Channel	Diff.	Cum. <	Cum. >	Diff.
Diameter	Diameter	Diameter	Volume	Volume	Volume	Number
(Lower)	(Center)	(Upper)	%	%	%	%
um	um	um				
0.040	0.042	0.044	0.00019	0	100	1.38
0.044	0.046	0.048	0.00032	0.00019	100	1.79
0.048	0.050	0.053	0.00099	0.00050	99.999	4.19
0.053	0.055	0.058	0.0024	0.0015	99.999	7.82
0.058	0.061	0.064	0.0040	0.0039	99.996	9.71
0.064	0.067	0.070	0.0055	0.0079	99.99	10.0
0.070	0.073	0.077	0.0070	0.013	99.99	9.64
0.077	0.080	0.084	0.0085	0.020	99.98	8.95
0.084	0.088	0.093	0.010	0.029	99.97	8.08
0.093	0.097	0.102	0.012	0.039	99.96	7.09
0.102	0.106	0.112	0.013	0.051	99.9	6.08
0.112	0.117	0.122	0.015	0.064	99.9	5.05
0.122	0.128	0.134	0.016	0.079	99.9	4.13
0.134	0.141	0.148	0.017	0.095	99.9	3.35
0.148	0.155	0.162	0.018	0.11	99.9	2.69
0.162	0.170	0.178	0.019	0.13	99.9	2.15
0.178	0.186	0.195	0.020	0.15	99.9	1.70
0.195	0.205	0.214	0.021	0.17	99.8	1.35
0.214	0.225	0.235	0.022	0.19	99.8	1.06
0.235	0.247	0.258	0.023	0.21	99.8	0.83
0.258	0.271	0.284	0.023	0.24	99.8	0.65
0.284	0.297	0.311	0.024	0.26	99.7	0.50
0.311	0.326	0.342	0.025	0.28	99.7	0.39
0.342	0.358	0.375	0.025	0.31	99.7	0.30
0.375	0.393	0.412	0.026	0.33	99.7	0.23
0.412	0.431	0.452	0.026	0.36	99.6	0.18
0.452	0.474	0.496	0.027	0.39	99.6	0.14
0.496	0.520	0.545	0.028	0.41	99.6	0.11
0.545	0.571	0.598	0.028	0.44	99.6	0.084
0.598	0.627	0.656	0.029	0.47	99.5	0.065
0.656	0.688	0.721	0.030	0.50	99.5	0.051
0.721	0.755	0.791	0.032	0.53	99.5	0.040
0.791	0.829	0.868	0.033	0.56	99.4	0.032
0.868	0.910	0.953	0.035	0.59	99.4	0.025
0.953	0.999	1.047	0.037	0.63	99.4	0.020
1.047	1.097	1.149	0.040	0.67	99.3	0.016
1.149	1.204	1.261	0.042	0.70	99.3	0.013
1.261	1.321	1.385	0.045	0.75	99.3	0.011
1.385	1.451	1.520	0.049	0.79	99.2	0.0087
1.520	1.592	1.668	0.052	0.84	99.2	0.0070
1.668	1.748	1.832	0.055	0.89	99.1	0.0056
1.832	1.919	2.011	0.058	0.95	99.1	0.0045
2.011	2.107	2.207	0.061	1.01	99.0	0.0036
2.207	2.313	2.423	0.063	1.07	98.9	0.0028
2.423	2.539	2.660	0.065	1.13	98.9	0.0022
2.660	2.787	2.920	0.067	1.20	98.8	0.0017
2.920	3.059	3.205	0.069	1.26	98.7	0.0013
3.205	3.358	3.519	0.070	1.33	98.7	0.0010
3.519	3.687	3.863	0.072	1.40	98.6	0.00079
3.863	4.047	4.240	0.074	1.47	98.5	0.00061
4.240	4.443	4.655	0.076	1.55	98.5	0.00047
4.655	4.877	5.110	0.078	1.62	98.4	0.00037
5.110	5.354	5.610	0.081	1.70	98.3	0.00029
5.610	5.878	6.158	0.083	1.78	98.2	0.00022
6.158	6.452	6.760	0.086	1.87	98.1	0.00018
6.760	7.083	7.421	0.089	1.95	98.0	0.00014
7.421	7.775	8.147	0.092	2.04	98.0	0.00011
8.147	8.536	8.943	0.095	2.13	97.9	0.000084
8.943	9.370	9.817	0.099	2.23	97.8	0.000066
9.817	10.29	10.78	0.10	2.33	97.7	0.000053
10.78	11.29	11.83	0.11	2.43	97.6	0.000042
11.83	12.40	12.99	0.12	2.54	97.5	0.000034
12.99	13.61	14.26	0.13	2.66	97.3	0.000028
14.26	14.94	15.65	0.14	2.79	97.2	0.000023
15.65	16.40	17.18	0.16	2.94	97.1	0.000019
17.18	18.00	18.86	0.17	3.09	96.9	0.000016
18.86	19.76	20.70	0.19	3.27	96.7	0.000014
20.70	21.69	22.73	0.22	3.46	96.5	0.000012
22.73	23.81	24.95	0.25	3.68	96.3	0.000010
24.95	26.14	27.39	0.30	3.93	96.1	0.000009
27.39	28.70	30.07	0.35	4.23	95.8	0.000008
30.07	31.50	33.01	0.42	4.58	95.4	0.000007
33.01	34.58	36.24	0.49	4.99	95.0	0.000006
36.24	37.97	39.78	0.56	5.48	94.5	0.000006
39.78	41.68	43.67	0.66	6.04	94.0	0.000005
43.67	45.75	47.94	0.78	6.70	93.3	0.000004
47.94	50.22	52.62	0.92	7.48	92.5	0.000004
52.62	55.13	57.77	1.08	8.40	91.6	0.000004
57.77	60.52	63.41	1.26	9.48	90.5	0.000003
63.41	66.44	69.61	1.48	10.7	89.3	0.000003
69.61	72.94	76.42	1.78	12.2	87.8	0.000003
76.42	80.07	83.89	2.16	14.0	86.0	0.000002
83.89	87.90	92.09	2.61	16.2	83.8	0.000002
92.09	96.49	101.1	3.11	18.8	81.2	0.000002
101.1	105.9	111.0	3.69	21.9	78.1	0.000002
111.0	116.3	121.8	4.47	25.6	74.4	0.000002
121.8	127.6	133.7	5.53	30.0	70.0	0.000001
133.7	140.1	146.8	6.75	35.6	64.4	0.000001
146.8	153.8	161.2	7.88	42.3	57.7	0.000001
161.2	168.9	176.9	8.57	50.2	49.8	0.000001
176.9	185.4	194.2	8.60	58.7	41.3	0.000001
194.2	203.5	213.2	7.98	67.4	32.6	0.000001
213.2	223.4	234.1	6.86	75.3	24.7	3.37E-7
234.1	245.2	256.9	5.44	82.2	17.8	2.02E-7
256.9	269.2	282.1	3.94	87.6	12.4	1.1E-7
282.1	295.5	309.6	2.57	91.6	8.43	5.44E-8
309.6	324.4	339.9	1.55	94.1	5.86	2.48E-8
339.9	356.1	373.1	1.03	95.7	4.32	1.24E-8
373.1	390.9	409.6	0.93	96.7	3.29	8.51E-9
409.6	429.2	449.7	0.97	97.6	2.36	6.71E-9
449.7	471.1	493.6	0.82	98.6	1.39	4.28E-9
493.6	517.2	541.9	0.45	99.4	0.57	1.77E-9
541.9	567.7	594.9	0.12	99.9	0.12	3.52E-10
594.9	623.3	653.0	0.0073	99.99	0.0073	1.64E-11
653.0	684.2	716.8	0	100	0	0
716.8	751.1	786.9	0	100	0	0
786.9	824.5	863.9	0	100	0	0
863.9	905.1	948.3	0	100	0	0
948.3	993.6	1041	0	100	0	0
1041	1091	1143	0	100	0	0
1143	1197	1255	0	100	0	0
1255	1314	1377	0	100	0	0
1377	1443	1512	0	100	0	0
1512	1584	1660	0	100	0	0
1660	1739	1822	0	100	0	0
1822	1909	2000	0	100	0	0
2000				100	0	

