LS	2022-08-02  12:08
File name:	1175_STV0008_si_06.$ls
File ID:	1175
Sample ID:	STV0008_si
Operator:	HMB
Bar code:	
Comment 1:	
Comment 2:	
Instrument:	LS 230, VSM Plus
Run number:	6
Start time:	2022-08-02  12:07
Run length:	62
Optical model:	Fraunhofer.rfd   PIDS included
Obscuration:	4
PIDS Obscur:	16
Obscuration:	LOW
Serial Number:	7205

From	0.0400
To	2000
Volume 	100
Mean:	167.1
Median:	160.6
D(0,0):	0.0893
Mean/Median ratio:	1.040
Mode:	185.4
S.D.:	89.64
Variance:	8035
C.V.:	53.65
Skewness:	0.887
Kurtosis:	1.677
d10:	60.15
d50:	160.6
d90:	271.5
Specific Surf. Area:	2396

% <	Size 
10	60.1
25	109
50	161
75	212
90	271

% >	Size 
10	271
25	212
50	161
75	109
90	60.1

Size 	% <
1	0.65
10	2.47
100	21.6
1000	100

Size 	% >
1	99.4
10	97.5
100	78.4
1000	0

Particle	1175_STV000	Volume	Volume
Diameter	8_si_06.$ls	% >	%
um	Volume		
	% <		
0.4	0.34	99.7	0.058
0.488	0.40	99.6	0.11
0.69	0.51	99.5	0.13
0.98	0.64	99.4	0.16
1.38	0.80	99.2	0.21
1.95	1.01	99.0	0.25
2.76	1.26	98.7	0.28
3.91	1.54	98.5	0.31
5.52	1.86	98.1	0.35
7.81	2.20	97.8	0.39
11.05	2.59	97.4	0.48
15.63	3.07	96.9	0.65
22.1	3.72	96.3	1.11
31.3	4.83	95.2	2.02
44.2	6.85	93.2	3.67
62.5	10.5	89.5	7.13
88.4	17.7	82.3	14.0
125	31.7	68.3	27.2
177	58.9	41.1	27.2
250	86.1	13.9	9.88
354	96.0	4.02	3.68
500	99.7	0.34	0.34
707	100	0	0
1000	100	0	0
1414	100	0	0
2000	100	0	0
2828	100	0	0
4000	100	0	

Channel	Channel	Channel	Diff.	Cum. <	Cum. >	Diff.
Diameter	Diameter	Diameter	Volume	Volume	Volume	Number
(Lower)	(Center)	(Upper)	%	%	%	%
um	um	um				
0.040	0.042	0.044	0.00018	0	100	1.37
0.044	0.046	0.048	0.00030	0.00018	100	1.77
0.048	0.050	0.053	0.00092	0.00047	100	4.11
0.053	0.055	0.058	0.0023	0.0014	99.999	7.70
0.058	0.061	0.064	0.0038	0.0037	99.996	9.62
0.064	0.067	0.070	0.0052	0.0074	99.99	9.98
0.070	0.073	0.077	0.0066	0.013	99.99	9.60
0.077	0.080	0.084	0.0081	0.019	99.98	8.92
0.084	0.088	0.093	0.0097	0.027	99.97	8.07
0.093	0.097	0.102	0.011	0.037	99.96	7.09
0.102	0.106	0.112	0.013	0.048	99.95	6.10
0.112	0.117	0.122	0.014	0.061	99.9	5.08
0.122	0.128	0.134	0.015	0.075	99.9	4.16
0.134	0.141	0.148	0.016	0.090	99.9	3.38
0.148	0.155	0.162	0.017	0.11	99.9	2.72
0.162	0.170	0.178	0.019	0.12	99.9	2.18
0.178	0.186	0.195	0.020	0.14	99.9	1.74
0.195	0.205	0.214	0.020	0.16	99.8	1.38
0.214	0.225	0.235	0.021	0.18	99.8	1.09
0.235	0.247	0.258	0.022	0.20	99.8	0.86
0.258	0.271	0.284	0.023	0.23	99.8	0.67
0.284	0.297	0.311	0.024	0.25	99.8	0.52
0.311	0.326	0.342	0.025	0.27	99.7	0.41
0.342	0.358	0.375	0.025	0.30	99.7	0.32
0.375	0.393	0.412	0.026	0.32	99.7	0.25
0.412	0.431	0.452	0.027	0.35	99.7	0.19
0.452	0.474	0.496	0.028	0.38	99.6	0.15
0.496	0.520	0.545	0.028	0.40	99.6	0.12
0.545	0.571	0.598	0.029	0.43	99.6	0.091
0.598	0.627	0.656	0.031	0.46	99.5	0.071
0.656	0.688	0.721	0.032	0.49	99.5	0.056
0.721	0.755	0.791	0.033	0.52	99.5	0.044
0.791	0.829	0.868	0.035	0.56	99.4	0.035
0.868	0.910	0.953	0.037	0.59	99.4	0.028
0.953	0.999	1.047	0.039	0.63	99.4	0.023
1.047	1.097	1.149	0.042	0.67	99.3	0.018
1.149	1.204	1.261	0.045	0.71	99.3	0.015
1.261	1.321	1.385	0.048	0.76	99.2	0.012
1.385	1.451	1.520	0.051	0.80	99.2	0.0097
1.520	1.592	1.668	0.055	0.85	99.1	0.0078
1.668	1.748	1.832	0.058	0.91	99.1	0.0063
1.832	1.919	2.011	0.062	0.97	99.0	0.0050
2.011	2.107	2.207	0.065	1.03	99.0	0.0040
2.207	2.313	2.423	0.067	1.09	98.9	0.0031
2.423	2.539	2.660	0.070	1.16	98.8	0.0025
2.660	2.787	2.920	0.072	1.23	98.8	0.0019
2.920	3.059	3.205	0.075	1.30	98.7	0.0015
3.205	3.358	3.519	0.077	1.38	98.6	0.0012
3.519	3.687	3.863	0.079	1.46	98.5	0.00091
3.863	4.047	4.240	0.081	1.53	98.5	0.00071
4.240	4.443	4.655	0.084	1.62	98.4	0.00055
4.655	4.877	5.110	0.086	1.70	98.3	0.00043
5.110	5.354	5.610	0.089	1.78	98.2	0.00033
5.610	5.878	6.158	0.091	1.87	98.1	0.00026
6.158	6.452	6.760	0.093	1.96	98.0	0.00020
6.760	7.083	7.421	0.095	2.06	97.9	0.00015
7.421	7.775	8.147	0.098	2.15	97.8	0.00012
8.147	8.536	8.943	0.10	2.25	97.7	0.000093
8.943	9.370	9.817	0.10	2.35	97.6	0.000073
9.817	10.29	10.78	0.11	2.45	97.5	0.000057
10.78	11.29	11.83	0.11	2.56	97.4	0.000046
11.83	12.40	12.99	0.12	2.68	97.3	0.000037
12.99	13.61	14.26	0.13	2.80	97.2	0.000030
14.26	14.94	15.65	0.14	2.93	97.1	0.000024
15.65	16.40	17.18	0.15	3.07	96.9	0.000020
17.18	18.00	18.86	0.17	3.22	96.8	0.000016
18.86	19.76	20.70	0.18	3.39	96.6	0.000014
20.70	21.69	22.73	0.21	3.57	96.4	0.000012
22.73	23.81	24.95	0.24	3.78	96.2	0.000010
24.95	26.14	27.39	0.29	4.02	96.0	0.000009
27.39	28.70	30.07	0.35	4.31	95.7	0.000008
30.07	31.50	33.01	0.41	4.65	95.3	0.000008
33.01	34.58	36.24	0.48	5.07	94.9	0.000007
36.24	37.97	39.78	0.56	5.55	94.5	0.000006
39.78	41.68	43.67	0.65	6.11	93.9	0.000005
43.67	45.75	47.94	0.76	6.75	93.2	0.000005
47.94	50.22	52.62	0.90	7.51	92.5	0.000004
52.62	55.13	57.77	1.06	8.41	91.6	0.000004
57.77	60.52	63.41	1.25	9.47	90.5	0.000003
63.41	66.44	69.61	1.48	10.7	89.3	0.000003
69.61	72.94	76.42	1.80	12.2	87.8	0.000003
76.42	80.07	83.89	2.19	14.0	86.0	0.000002
83.89	87.90	92.09	2.65	16.2	83.8	0.000002
92.09	96.49	101.1	3.14	18.8	81.2	0.000002
101.1	105.9	111.0	3.72	22.0	78.0	0.000002
111.0	116.3	121.8	4.50	25.7	74.3	0.000002
121.8	127.6	133.7	5.55	30.2	69.8	0.000002
133.7	140.1	146.8	6.74	35.7	64.3	0.000001
146.8	153.8	161.2	7.83	42.5	57.5	0.000001
161.2	168.9	176.9	8.52	50.3	49.7	0.000001
176.9	185.4	194.2	8.58	58.8	41.2	0.000001
194.2	203.5	213.2	8.01	67.4	32.6	0.000001
213.2	223.4	234.1	6.89	75.4	24.6	3.56E-7
234.1	245.2	256.9	5.44	82.3	17.7	2.12E-7
256.9	269.2	282.1	3.88	87.8	12.2	1.15E-7
282.1	295.5	309.6	2.46	91.6	8.37	5.5E-8
309.6	324.4	339.9	1.46	94.1	5.90	2.45E-8
339.9	356.1	373.1	1.01	95.6	4.45	1.28E-8
373.1	390.9	409.6	1.00	96.6	3.44	9.65E-9
409.6	429.2	449.7	1.12	97.6	2.44	8.16E-9
449.7	471.1	493.6	0.93	98.7	1.32	5.15E-9
493.6	517.2	541.9	0.36	99.6	0.38	1.48E-9
541.9	567.7	594.9	0.028	99.97	0.028	8.86E-11
594.9	623.3	653.0	0	100	0	0
653.0	684.2	716.8	0	100	0	0
716.8	751.1	786.9	0	100	0	0
786.9	824.5	863.9	0	100	0	0
863.9	905.1	948.3	0	100	0	0
948.3	993.6	1041	0	100	0	0
1041	1091	1143	0	100	0	0
1143	1197	1255	0	100	0	0
1255	1314	1377	0	100	0	0
1377	1443	1512	0	100	0	0
1512	1584	1660	0	100	0	0
1660	1739	1822	0	100	0	0
1822	1909	2000	0	100	0	0
2000				100	0	

