LS	2022-11-18  11:49
File name:	IODP_std_MazPB_15.$ls
File ID:	IODP
Sample ID:	std_MazPB
Operator:	RG
Bar code:	
Comment 1:	
Comment 2:	
Instrument:	LS 230, VSM Plus
Run number:	15
Start time:	2022-11-18  11:48
Run length:	61
Optical model:	Fraunhofer.rfd   PIDS included
Obscuration:	9
PIDS Obscur:	39
Obscuration:	OK
Serial Number:	7205

From	0.0400
To	2000
Volume 	100
Mean:	70.39
Median:	33.92
D(0,0):	0.107
Mean/Median ratio:	2.075
Mode:	34.58
S.D.:	98.01
Variance:	9605
C.V.:	139.2
Skewness:	2.740
Kurtosis:	8.845
d10:	4.892
d50:	33.92
d90:	194.3
Specific Surf. Area:	7838

% <	Size 
10	4.89
25	14.1
50	33.9
75	78.0
90	194

% >	Size 
10	194
25	78.0
50	33.9
75	14.1
90	4.89

Size 	% <
1	2.23
10	18.6
100	79.9
1000	100

Size 	% >
1	97.8
10	81.4
100	20.1
1000	0

Particle	IODP_std	Volume	Volume
Diameter	_MazPB_15	% >	%
um	.$ls		
	Volume		
	% <		
0.4	0.78	99.2	0.22
0.488	1.00	99.0	0.50
0.69	1.49	98.5	0.69
0.98	2.18	97.8	0.92
1.38	3.10	96.9	1.25
1.95	4.35	95.7	1.66
2.76	6.01	94.0	2.20
3.91	8.21	91.8	2.91
5.52	11.1	88.9	3.91
7.81	15.0	85.0	5.22
11.05	20.3	79.7	6.96
15.63	27.2	72.8	9.09
22.1	36.3	63.7	11.0
31.3	47.3	52.7	11.4
44.2	58.7	41.3	10.7
62.5	69.4	30.6	8.18
88.4	77.6	22.4	5.89
125	83.5	16.5	5.11
177	88.6	11.4	5.24
250	93.8	6.17	3.49
354	97.3	2.67	1.58
500	98.9	1.10	1.08
707	99.99	0.014	0.014
1000	100	0	0
1414	100	0	0
2000	100	0	0
2828	100	0	0
4000	100	0	

Channel	Channel	Channel	Diff.	Cum. <	Cum. >	Diff.
Diameter	Diameter	Diameter	Volume	Volume	Volume	Number
(Lower)	(Center)	(Upper)	%	%	%	%
um	um	um				
0.040	0.042	0.044	0.00031	0	100	1.78
0.044	0.046	0.048	0.00042	0.00031	100	1.79
0.048	0.050	0.053	0.00068	0.00073	99.999	2.20
0.053	0.055	0.058	0.0014	0.0014	99.999	3.37
0.058	0.061	0.064	0.0029	0.0028	99.997	5.30
0.064	0.067	0.070	0.0053	0.0057	99.99	7.41
0.070	0.073	0.077	0.0081	0.011	99.99	8.55
0.077	0.080	0.084	0.011	0.019	99.98	8.63
0.084	0.088	0.093	0.014	0.030	99.97	8.17
0.093	0.097	0.102	0.017	0.043	99.96	7.55
0.102	0.106	0.112	0.020	0.060	99.9	6.82
0.112	0.117	0.122	0.023	0.080	99.9	5.99
0.122	0.128	0.134	0.026	0.10	99.9	5.17
0.134	0.141	0.148	0.030	0.13	99.9	4.42
0.148	0.155	0.162	0.033	0.16	99.8	3.74
0.162	0.170	0.178	0.037	0.19	99.8	3.15
0.178	0.186	0.195	0.041	0.23	99.8	2.64
0.195	0.205	0.214	0.046	0.27	99.7	2.22
0.214	0.225	0.235	0.051	0.32	99.7	1.87
0.235	0.247	0.258	0.057	0.37	99.6	1.57
0.258	0.271	0.284	0.063	0.42	99.6	1.31
0.284	0.297	0.311	0.069	0.49	99.5	1.10
0.311	0.326	0.342	0.076	0.56	99.4	0.92
0.342	0.358	0.375	0.084	0.63	99.4	0.76
0.375	0.393	0.412	0.092	0.72	99.3	0.63
0.412	0.431	0.452	0.10	0.81	99.2	0.52
0.452	0.474	0.496	0.11	0.91	99.1	0.43
0.496	0.520	0.545	0.12	1.02	99.0	0.35
0.545	0.571	0.598	0.13	1.14	98.9	0.29
0.598	0.627	0.656	0.14	1.27	98.7	0.24
0.656	0.688	0.721	0.16	1.41	98.6	0.20
0.721	0.755	0.791	0.17	1.57	98.4	0.16
0.791	0.829	0.868	0.18	1.74	98.3	0.13
0.868	0.910	0.953	0.20	1.92	98.1	0.11
0.953	0.999	1.047	0.22	2.12	97.9	0.091
1.047	1.097	1.149	0.24	2.34	97.7	0.075
1.149	1.204	1.261	0.26	2.58	97.4	0.061
1.261	1.321	1.385	0.28	2.83	97.2	0.050
1.385	1.451	1.520	0.30	3.11	96.9	0.041
1.520	1.592	1.668	0.33	3.42	96.6	0.034
1.668	1.748	1.832	0.35	3.74	96.3	0.027
1.832	1.919	2.011	0.38	4.10	95.9	0.022
2.011	2.107	2.207	0.41	4.48	95.5	0.018
2.207	2.313	2.423	0.44	4.89	95.1	0.015
2.423	2.539	2.660	0.48	5.33	94.7	0.012
2.660	2.787	2.920	0.51	5.81	94.2	0.0099
2.920	3.059	3.205	0.55	6.32	93.7	0.0080
3.205	3.358	3.519	0.60	6.88	93.1	0.0066
3.519	3.687	3.863	0.65	7.48	92.5	0.0054
3.863	4.047	4.240	0.70	8.12	91.9	0.0044
4.240	4.443	4.655	0.75	8.82	91.2	0.0036
4.655	4.877	5.110	0.82	9.57	90.4	0.0029
5.110	5.354	5.610	0.88	10.4	89.6	0.0024
5.610	5.878	6.158	0.96	11.3	88.7	0.0020
6.158	6.452	6.760	1.03	12.2	87.8	0.0016
6.760	7.083	7.421	1.12	13.3	86.7	0.0013
7.421	7.775	8.147	1.21	14.4	85.6	0.0011
8.147	8.536	8.943	1.30	15.6	84.4	0.00087
8.943	9.370	9.817	1.41	16.9	83.1	0.00071
9.817	10.29	10.78	1.52	18.3	81.7	0.00058
10.78	11.29	11.83	1.65	19.8	80.2	0.00048
11.83	12.40	12.99	1.78	21.5	78.5	0.00039
12.99	13.61	14.26	1.92	23.3	76.7	0.00032
14.26	14.94	15.65	2.07	25.2	74.8	0.00026
15.65	16.40	17.18	2.23	27.2	72.8	0.00021
17.18	18.00	18.86	2.40	29.5	70.5	0.00017
18.86	19.76	20.70	2.56	31.9	68.1	0.00014
20.70	21.69	22.73	2.72	34.4	65.6	0.00011
22.73	23.81	24.95	2.86	37.2	62.8	0.000088
24.95	26.14	27.39	2.97	40.0	60.0	0.000069
27.39	28.70	30.07	3.05	43.0	57.0	0.000054
30.07	31.50	33.01	3.09	46.0	54.0	0.000041
33.01	34.58	36.24	3.09	49.1	50.9	0.000031
36.24	37.97	39.78	3.08	52.2	47.8	0.000023
39.78	41.68	43.67	3.05	55.3	44.7	0.000018
43.67	45.75	47.94	3.01	58.3	41.7	0.000013
47.94	50.22	52.62	2.95	61.4	38.6	0.000010
52.62	55.13	57.77	2.85	64.3	35.7	0.000007
57.77	60.52	63.41	2.69	67.2	32.8	0.000005
63.41	66.44	69.61	2.48	69.8	30.2	0.000004
69.61	72.94	76.42	2.25	72.3	27.7	0.000002
76.42	80.07	83.89	2.02	74.6	25.4	0.000002
83.89	87.90	92.09	1.82	76.6	23.4	0.000001
92.09	96.49	101.1	1.67	78.4	21.6	0.000001
101.1	105.9	111.0	1.56	80.1	19.9	0.000001
111.0	116.3	121.8	1.47	81.6	18.4	3.89E-7
121.8	127.6	133.7	1.41	83.1	16.9	2.81E-7
133.7	140.1	146.8	1.36	84.5	15.5	2.06E-7
146.8	153.8	161.2	1.35	85.9	14.1	1.54E-7
161.2	168.9	176.9	1.36	87.2	12.8	1.18E-7
176.9	185.4	194.2	1.40	88.6	11.4	9.16E-8
194.2	203.5	213.2	1.44	90.0	10.0	7.12E-8
213.2	223.4	234.1	1.44	91.4	8.57	5.39E-8
234.1	245.2	256.9	1.37	92.9	7.12	3.86E-8
256.9	269.2	282.1	1.20	94.2	5.75	2.55E-8
282.1	295.5	309.6	0.96	95.4	4.55	1.54E-8
309.6	324.4	339.9	0.71	96.4	3.60	8.6E-9
339.9	356.1	373.1	0.51	97.1	2.89	4.66E-9
373.1	390.9	409.6	0.40	97.6	2.38	2.8E-9
409.6	429.2	449.7	0.39	98.0	1.98	2.03E-9
449.7	471.1	493.6	0.43	98.4	1.59	1.73E-9
493.6	517.2	541.9	0.48	98.8	1.16	1.44E-9
541.9	567.7	594.9	0.40	99.3	0.68	9.05E-10
594.9	623.3	653.0	0.22	99.7	0.28	3.79E-10
653.0	684.2	716.8	0.055	99.9	0.061	7.1E-11
716.8	751.1	786.9	0.0059	99.99	0.0059	5.83E-12
786.9	824.5	863.9	0	100	0	0
863.9	905.1	948.3	0	100	0	0
948.3	993.6	1041	0	100	0	0
1041	1091	1143	0	100	0	0
1143	1197	1255	0	100	0	0
1255	1314	1377	0	100	0	0
1377	1443	1512	0	100	0	0
1512	1584	1660	0	100	0	0
1660	1739	1822	0	100	0	0
1822	1909	2000	0	100	0	0
2000				100	0	

