LS	2022-11-18  10:35
File name:	IODP_std_MazPB_02.$ls
File ID:	IODP
Sample ID:	std_MazPB
Operator:	RG
Bar code:	
Comment 1:	
Comment 2:	
Instrument:	LS 230, VSM Plus
Run number:	2
Start time:	2022-11-18  10:34
Run length:	62
Optical model:	Fraunhofer.rfd   PIDS included
Obscuration:	10
PIDS Obscur:	43
Obscuration:	OK
Serial Number:	7205

From	0.0400
To	2000
Volume 	100
Mean:	68.40
Median:	33.34
D(0,0):	0.107
Mean/Median ratio:	2.051
Mode:	34.58
S.D.:	95.73
Variance:	9164
C.V.:	140.0
Skewness:	2.775
Kurtosis:	8.969
d10:	4.822
d50:	33.34
d90:	180.7
Specific Surf. Area:	8036

% <	Size 
10	4.82
25	14.0
50	33.3
75	75.4
90	181

% >	Size 
10	181
25	75.4
50	33.3
75	14.0
90	4.82

Size 	% <
1	2.31
10	18.8
100	80.6
1000	100

Size 	% >
1	97.7
10	81.2
100	19.4
1000	0

Particle	IODP_std	Volume	Volume
Diameter	_MazPB_02	% >	%
um	.$ls		
	Volume		
	% <		
0.4	0.82	99.2	0.23
0.488	1.04	99.0	0.51
0.69	1.55	98.4	0.71
0.98	2.26	97.7	0.93
1.38	3.19	96.8	1.26
1.95	4.45	95.5	1.67
2.76	6.12	93.9	2.21
3.91	8.33	91.7	2.92
5.52	11.2	88.8	3.94
7.81	15.2	84.8	5.28
11.05	20.5	79.5	7.06
15.63	27.5	72.5	9.23
22.1	36.8	63.2	11.1
31.3	47.9	52.1	11.5
44.2	59.3	40.7	10.8
62.5	70.1	29.9	8.19
88.4	78.3	21.7	5.90
125	84.2	15.8	5.49
177	89.7	10.3	4.38
250	94.1	5.90	3.04
354	97.1	2.86	2.01
500	99.1	0.85	0.84
707	99.98	0.017	0.017
1000	100	0	0
1414	100	0	0
2000	100	0	0
2828	100	0	0
4000	100	0	

Channel	Channel	Channel	Diff.	Cum. <	Cum. >	Diff.
Diameter	Diameter	Diameter	Volume	Volume	Volume	Number
(Lower)	(Center)	(Upper)	%	%	%	%
um	um	um				
0.040	0.042	0.044	0.00034	0	100	1.80
0.044	0.046	0.048	0.00045	0.00034	100	1.80
0.048	0.050	0.053	0.00072	0.00078	99.999	2.19
0.053	0.055	0.058	0.0014	0.0015	99.998	3.34
0.058	0.061	0.064	0.0030	0.0029	99.997	5.27
0.064	0.067	0.070	0.0056	0.0060	99.99	7.39
0.070	0.073	0.077	0.0086	0.012	99.99	8.58
0.077	0.080	0.084	0.012	0.020	99.98	8.68
0.084	0.088	0.093	0.014	0.032	99.97	8.21
0.093	0.097	0.102	0.018	0.046	99.95	7.59
0.102	0.106	0.112	0.021	0.064	99.9	6.85
0.112	0.117	0.122	0.024	0.085	99.9	6.01
0.122	0.128	0.134	0.028	0.11	99.9	5.19
0.134	0.141	0.148	0.031	0.14	99.9	4.42
0.148	0.155	0.162	0.035	0.17	99.8	3.74
0.162	0.170	0.178	0.039	0.20	99.8	3.14
0.178	0.186	0.195	0.043	0.24	99.8	2.63
0.195	0.205	0.214	0.048	0.29	99.7	2.21
0.214	0.225	0.235	0.053	0.33	99.7	1.85
0.235	0.247	0.258	0.059	0.39	99.6	1.56
0.258	0.271	0.284	0.066	0.45	99.6	1.30
0.284	0.297	0.311	0.073	0.51	99.5	1.09
0.311	0.326	0.342	0.080	0.58	99.4	0.90
0.342	0.358	0.375	0.087	0.66	99.3	0.75
0.375	0.393	0.412	0.095	0.75	99.2	0.62
0.412	0.431	0.452	0.10	0.85	99.2	0.51
0.452	0.474	0.496	0.11	0.95	99.0	0.42
0.496	0.520	0.545	0.12	1.06	98.9	0.35
0.545	0.571	0.598	0.13	1.19	98.8	0.29
0.598	0.627	0.656	0.15	1.32	98.7	0.23
0.656	0.688	0.721	0.16	1.47	98.5	0.19
0.721	0.755	0.791	0.17	1.63	98.4	0.16
0.791	0.829	0.868	0.19	1.80	98.2	0.13
0.868	0.910	0.953	0.20	1.99	98.0	0.11
0.953	0.999	1.047	0.22	2.20	97.8	0.088
1.047	1.097	1.149	0.24	2.42	97.6	0.072
1.149	1.204	1.261	0.26	2.66	97.3	0.059
1.261	1.321	1.385	0.28	2.92	97.1	0.048
1.385	1.451	1.520	0.31	3.20	96.8	0.039
1.520	1.592	1.668	0.33	3.51	96.5	0.032
1.668	1.748	1.832	0.36	3.84	96.2	0.026
1.832	1.919	2.011	0.38	4.20	95.8	0.021
2.011	2.107	2.207	0.41	4.58	95.4	0.017
2.207	2.313	2.423	0.45	5.00	95.0	0.014
2.423	2.539	2.660	0.48	5.44	94.6	0.012
2.660	2.787	2.920	0.52	5.92	94.1	0.0094
2.920	3.059	3.205	0.56	6.44	93.6	0.0076
3.205	3.358	3.519	0.60	6.99	93.0	0.0062
3.519	3.687	3.863	0.65	7.59	92.4	0.0051
3.863	4.047	4.240	0.70	8.24	91.8	0.0042
4.240	4.443	4.655	0.76	8.94	91.1	0.0034
4.655	4.877	5.110	0.82	9.70	90.3	0.0028
5.110	5.354	5.610	0.89	10.5	89.5	0.0023
5.610	5.878	6.158	0.96	11.4	88.6	0.0019
6.158	6.452	6.760	1.04	12.4	87.6	0.0015
6.760	7.083	7.421	1.13	13.4	86.6	0.0012
7.421	7.775	8.147	1.22	14.5	85.5	0.0010
8.147	8.536	8.943	1.32	15.8	84.2	0.00083
8.943	9.370	9.817	1.42	17.1	82.9	0.00068
9.817	10.29	10.78	1.54	18.5	81.5	0.00056
10.78	11.29	11.83	1.67	20.0	80.0	0.00046
11.83	12.40	12.99	1.80	21.7	78.3	0.00037
12.99	13.61	14.26	1.95	23.5	76.5	0.00030
14.26	14.94	15.65	2.11	25.5	74.5	0.00025
15.65	16.40	17.18	2.27	27.6	72.4	0.00020
17.18	18.00	18.86	2.43	29.8	70.2	0.00016
18.86	19.76	20.70	2.60	32.3	67.7	0.00013
20.70	21.69	22.73	2.75	34.9	65.1	0.00011
22.73	23.81	24.95	2.89	37.6	62.4	0.000084
24.95	26.14	27.39	3.00	40.5	59.5	0.000066
27.39	28.70	30.07	3.07	43.5	56.5	0.000051
30.07	31.50	33.01	3.11	46.6	53.4	0.000039
33.01	34.58	36.24	3.11	49.7	50.3	0.000030
36.24	37.97	39.78	3.10	52.8	47.2	0.000022
39.78	41.68	43.67	3.08	55.9	44.1	0.000017
43.67	45.75	47.94	3.04	59.0	41.0	0.000012
47.94	50.22	52.62	2.98	62.0	38.0	0.000009
52.62	55.13	57.77	2.88	65.0	35.0	0.000007
57.77	60.52	63.41	2.72	67.9	32.1	0.000005
63.41	66.44	69.61	2.50	70.6	29.4	0.000003
69.61	72.94	76.42	2.25	73.1	26.9	0.000002
76.42	80.07	83.89	2.01	75.3	24.7	0.000002
83.89	87.90	92.09	1.79	77.3	22.7	0.000001
92.09	96.49	101.1	1.64	79.1	20.9	0.000001
101.1	105.9	111.0	1.55	80.8	19.2	0.000001
111.0	116.3	121.8	1.51	82.3	17.7	3.77E-7
121.8	127.6	133.7	1.50	83.8	16.2	2.84E-7
133.7	140.1	146.8	1.50	85.3	14.7	2.14E-7
146.8	153.8	161.2	1.47	86.8	13.2	1.59E-7
161.2	168.9	176.9	1.42	88.3	11.7	1.16E-7
176.9	185.4	194.2	1.33	89.7	10.3	8.22E-8
194.2	203.5	213.2	1.23	91.0	8.96	5.73E-8
213.2	223.4	234.1	1.12	92.3	7.73	3.95E-8
234.1	245.2	256.9	1.02	93.4	6.61	2.71E-8
256.9	269.2	282.1	0.91	94.4	5.59	1.84E-8
282.1	295.5	309.6	0.82	95.3	4.68	1.24E-8
309.6	324.4	339.9	0.72	96.1	3.86	8.33E-9
339.9	356.1	373.1	0.64	96.9	3.14	5.6E-9
373.1	390.9	409.6	0.58	97.5	2.49	3.82E-9
409.6	429.2	449.7	0.53	98.1	1.91	2.63E-9
449.7	471.1	493.6	0.48	98.6	1.38	1.79E-9
493.6	517.2	541.9	0.40	99.1	0.91	1.14E-9
541.9	567.7	594.9	0.29	99.5	0.50	6.21E-10
594.9	623.3	653.0	0.15	99.8	0.22	2.52E-10
653.0	684.2	716.8	0.052	99.9	0.061	6.37E-11
716.8	751.1	786.9	0.0086	99.99	0.0090	7.95E-12
786.9	824.5	863.9	0.00044	100	0.00044	3.12E-13
863.9	905.1	948.3	0	100	0	0
948.3	993.6	1041	0	100	0	0
1041	1091	1143	0	100	0	0
1143	1197	1255	0	100	0	0
1255	1314	1377	0	100	0	0
1377	1443	1512	0	100	0	0
1512	1584	1660	0	100	0	0
1660	1739	1822	0	100	0	0
1822	1909	2000	0	100	0	0
2000				100	0	

