LS	2022-11-18  12:16
File name:	IODP_std_MazPB_19.$ls
File ID:	IODP
Sample ID:	std_MazPB
Operator:	RG
Bar code:	
Comment 1:	
Comment 2:	
Instrument:	LS 230, VSM Plus
Run number:	19
Start time:	2022-11-18  12:15
Run length:	61
Optical model:	Fraunhofer.rfd   PIDS included
Obscuration:	11
PIDS Obscur:	46
Obscuration:	OK
Serial Number:	7205

From	0.0400
To	2000
Volume 	100
Mean:	67.62
Median:	33.60
D(0,0):	0.106
Mean/Median ratio:	2.012
Mode:	34.58
S.D.:	91.16
Variance:	8311
C.V.:	134.8
Skewness:	2.537
Kurtosis:	7.235
d10:	4.884
d50:	33.60
d90:	184.2
Specific Surf. Area:	8051

% <	Size 
10	4.88
25	14.1
50	33.6
75	75.8
90	184

% >	Size 
10	184
25	75.8
50	33.6
75	14.1
90	4.88

Size 	% <
1	2.31
10	18.6
100	80.6
1000	100

Size 	% >
1	97.7
10	81.4
100	19.4
1000	0

Particle	IODP_std	Volume	Volume
Diameter	_MazPB_19	% >	%
um	.$ls		
	Volume		
	% <		
0.4	0.83	99.2	0.23
0.488	1.06	98.9	0.51
0.69	1.56	98.4	0.70
0.98	2.26	97.7	0.92
1.38	3.18	96.8	1.23
1.95	4.41	95.6	1.64
2.76	6.05	93.9	2.18
3.91	8.23	91.8	2.89
5.52	11.1	88.9	3.92
7.81	15.0	85.0	5.25
11.05	20.3	79.7	7.04
15.63	27.3	72.7	9.20
22.1	36.5	63.5	11.1
31.3	47.6	52.4	11.5
44.2	59.1	40.9	10.8
62.5	70.0	30.0	8.33
88.4	78.3	21.7	5.91
125	84.2	15.8	5.26
177	89.5	10.5	4.55
250	94.0	6.00	3.53
354	97.5	2.47	2.01
500	99.5	0.46	0.46
707	99.998	0.0024	0.0024
1000	100	0	0
1414	100	0	0
2000	100	0	0
2828	100	0	0
4000	100	0	

Channel	Channel	Channel	Diff.	Cum. <	Cum. >	Diff.
Diameter	Diameter	Diameter	Volume	Volume	Volume	Number
(Lower)	(Center)	(Upper)	%	%	%	%
um	um	um				
0.040	0.042	0.044	0.00036	0	100	1.84
0.044	0.046	0.048	0.00047	0.00036	100	1.82
0.048	0.050	0.053	0.00075	0.00082	99.999	2.20
0.053	0.055	0.058	0.0015	0.0016	99.998	3.34
0.058	0.061	0.064	0.0031	0.0031	99.997	5.27
0.064	0.067	0.070	0.0058	0.0062	99.99	7.42
0.070	0.073	0.077	0.0090	0.012	99.99	8.65
0.077	0.080	0.084	0.012	0.021	99.98	8.75
0.084	0.088	0.093	0.015	0.033	99.97	8.28
0.093	0.097	0.102	0.018	0.048	99.95	7.64
0.102	0.106	0.112	0.022	0.066	99.9	6.88
0.112	0.117	0.122	0.025	0.088	99.9	6.03
0.122	0.128	0.134	0.029	0.11	99.9	5.19
0.134	0.141	0.148	0.033	0.14	99.9	4.42
0.148	0.155	0.162	0.036	0.18	99.8	3.73
0.162	0.170	0.178	0.040	0.21	99.8	3.12
0.178	0.186	0.195	0.044	0.25	99.7	2.61
0.195	0.205	0.214	0.049	0.30	99.7	2.18
0.214	0.225	0.235	0.054	0.35	99.7	1.82
0.235	0.247	0.258	0.060	0.40	99.6	1.53
0.258	0.271	0.284	0.067	0.46	99.5	1.27
0.284	0.297	0.311	0.073	0.53	99.5	1.06
0.311	0.326	0.342	0.080	0.60	99.4	0.88
0.342	0.358	0.375	0.088	0.68	99.3	0.73
0.375	0.393	0.412	0.095	0.77	99.2	0.60
0.412	0.431	0.452	0.10	0.86	99.1	0.49
0.452	0.474	0.496	0.11	0.97	99.0	0.40
0.496	0.520	0.545	0.12	1.08	98.9	0.33
0.545	0.571	0.598	0.13	1.20	98.8	0.27
0.598	0.627	0.656	0.15	1.34	98.7	0.22
0.656	0.688	0.721	0.16	1.48	98.5	0.18
0.721	0.755	0.791	0.17	1.64	98.4	0.15
0.791	0.829	0.868	0.19	1.81	98.2	0.12
0.868	0.910	0.953	0.20	2.00	98.0	0.10
0.953	0.999	1.047	0.22	2.20	97.8	0.083
1.047	1.097	1.149	0.24	2.42	97.6	0.068
1.149	1.204	1.261	0.26	2.65	97.3	0.056
1.261	1.321	1.385	0.28	2.91	97.1	0.046
1.385	1.451	1.520	0.30	3.19	96.8	0.037
1.520	1.592	1.668	0.32	3.49	96.5	0.031
1.668	1.748	1.832	0.35	3.81	96.2	0.025
1.832	1.919	2.011	0.38	4.16	95.8	0.020
2.011	2.107	2.207	0.41	4.54	95.5	0.017
2.207	2.313	2.423	0.44	4.95	95.1	0.013
2.423	2.539	2.660	0.47	5.38	94.6	0.011
2.660	2.787	2.920	0.51	5.86	94.1	0.0089
2.920	3.059	3.205	0.55	6.37	93.6	0.0073
3.205	3.358	3.519	0.59	6.91	93.1	0.0059
3.519	3.687	3.863	0.64	7.51	92.5	0.0049
3.863	4.047	4.240	0.69	8.15	91.9	0.0040
4.240	4.443	4.655	0.75	8.84	91.2	0.0033
4.655	4.877	5.110	0.81	9.59	90.4	0.0027
5.110	5.354	5.610	0.88	10.4	89.6	0.0022
5.610	5.878	6.158	0.95	11.3	88.7	0.0018
6.158	6.452	6.760	1.03	12.2	87.8	0.0015
6.760	7.083	7.421	1.12	13.3	86.7	0.0012
7.421	7.775	8.147	1.21	14.4	85.6	0.00098
8.147	8.536	8.943	1.31	15.6	84.4	0.00080
8.943	9.370	9.817	1.42	16.9	83.1	0.00065
9.817	10.29	10.78	1.53	18.3	81.7	0.00054
10.78	11.29	11.83	1.66	19.9	80.1	0.00044
11.83	12.40	12.99	1.80	21.5	78.5	0.00036
12.99	13.61	14.26	1.94	23.3	76.7	0.00029
14.26	14.94	15.65	2.10	25.3	74.7	0.00024
15.65	16.40	17.18	2.26	27.4	72.6	0.00019
17.18	18.00	18.86	2.43	29.6	70.4	0.00016
18.86	19.76	20.70	2.59	32.0	68.0	0.00013
20.70	21.69	22.73	2.74	34.6	65.4	0.00010
22.73	23.81	24.95	2.88	37.4	62.6	0.000081
24.95	26.14	27.39	2.99	40.3	59.7	0.000064
27.39	28.70	30.07	3.07	43.3	56.7	0.000049
30.07	31.50	33.01	3.11	46.3	53.7	0.000038
33.01	34.58	36.24	3.12	49.4	50.6	0.000029
36.24	37.97	39.78	3.11	52.5	47.5	0.000022
39.78	41.68	43.67	3.09	55.7	44.3	0.000016
43.67	45.75	47.94	3.05	58.7	41.3	0.000012
47.94	50.22	52.62	2.99	61.8	38.2	0.000009
52.62	55.13	57.77	2.89	64.8	35.2	0.000007
57.77	60.52	63.41	2.73	67.7	32.3	0.000005
63.41	66.44	69.61	2.53	70.4	29.6	0.000003
69.61	72.94	76.42	2.29	72.9	27.1	0.000002
76.42	80.07	83.89	2.05	75.2	24.8	0.000002
83.89	87.90	92.09	1.84	77.3	22.7	0.000001
92.09	96.49	101.1	1.67	79.1	20.9	0.000001
101.1	105.9	111.0	1.55	80.8	19.2	4.96E-7
111.0	116.3	121.8	1.48	82.3	17.7	3.58E-7
121.8	127.6	133.7	1.45	83.8	16.2	2.64E-7
133.7	140.1	146.8	1.42	85.3	14.7	1.97E-7
146.8	153.8	161.2	1.40	86.7	13.3	1.46E-7
161.2	168.9	176.9	1.36	88.1	11.9	1.08E-7
176.9	185.4	194.2	1.31	89.5	10.5	7.84E-8
194.2	203.5	213.2	1.26	90.8	9.23	5.67E-8
213.2	223.4	234.1	1.20	92.0	7.98	4.07E-8
234.1	245.2	256.9	1.13	93.2	6.78	2.91E-8
256.9	269.2	282.1	1.05	94.3	5.65	2.05E-8
282.1	295.5	309.6	0.96	95.4	4.60	1.41E-8
309.6	324.4	339.9	0.86	96.4	3.64	9.52E-9
339.9	356.1	373.1	0.74	97.2	2.79	6.26E-9
373.1	390.9	409.6	0.63	98.0	2.04	4.01E-9
409.6	429.2	449.7	0.52	98.6	1.41	2.48E-9
449.7	471.1	493.6	0.40	99.1	0.90	1.45E-9
493.6	517.2	541.9	0.28	99.5	0.50	7.62E-10
541.9	567.7	594.9	0.15	99.8	0.22	3.15E-10
594.9	623.3	653.0	0.057	99.9	0.068	8.9E-11
653.0	684.2	716.8	0.011	99.99	0.011	1.26E-11
716.8	751.1	786.9	0.00078	99.999	0.00078	6.97E-13
786.9	824.5	863.9	0	100	0	0
863.9	905.1	948.3	0	100	0	0
948.3	993.6	1041	0	100	0	0
1041	1091	1143	0	100	0	0
1143	1197	1255	0	100	0	0
1255	1314	1377	0	100	0	0
1377	1443	1512	0	100	0	0
1512	1584	1660	0	100	0	0
1660	1739	1822	0	100	0	0
1822	1909	2000	0	100	0	0
2000				100	0	

