LS	2022-11-18  16:24
File name:	IODP_STV0132_06.$ls
File ID:	IODP
Sample ID:	STV0132
Operator:	RG
Bar code:	
Comment 1:	
Comment 2:	
Instrument:	LS 230, VSM Plus
Run number:	6
Start time:	2022-11-18  16:23
Run length:	61
Optical model:	Fraunhofer.rfd   PIDS included
Obscuration:	8
PIDS Obscur:	43
Obscuration:	OK
Serial Number:	7205

From	0.0400
To	2000
Volume 	100
Mean:	73.18
Median:	32.18
D(0,0):	0.105
Mean/Median ratio:	2.274
Mode:	26.14
S.D.:	96.48
Variance:	9309
C.V.:	131.9
Skewness:	2.366
Kurtosis:	7.196
d10:	3.904
d50:	32.18
d90:	205.7
Specific Surf. Area:	9291

% <	Size 
10	3.90
25	11.2
50	32.2
75	99.4
90	206

% >	Size 
10	206
25	99.4
50	32.2
75	11.2
90	3.90

Size 	% <
1	2.65
10	22.9
100	75.1
1000	100

Size 	% >
1	97.3
10	77.1
100	24.9
1000	0

Particle	IODP_STV013	Volume	Volume
Diameter	2_06.$ls	% >	%
um	Volume		
	% <		
0.4	1.02	99.0	0.26
0.488	1.28	98.7	0.57
0.69	1.84	98.2	0.76
0.98	2.60	97.4	1.01
1.38	3.62	96.4	1.45
1.95	5.06	94.9	2.07
2.76	7.13	92.9	2.88
3.91	10.0	90.0	3.80
5.52	13.8	86.2	4.88
7.81	18.7	81.3	6.02
11.05	24.7	75.3	7.26
15.63	32.0	68.0	8.40
22.1	40.4	59.6	8.92
31.3	49.3	50.7	8.36
44.2	57.7	42.3	8.06
62.5	65.7	34.3	7.06
88.4	72.8	27.2	6.54
125	79.3	20.7	7.23
177	86.6	13.4	7.64
250	94.2	5.81	3.87
354	98.1	1.94	1.03
500	99.1	0.91	0.90
707	99.99	0.013	0.013
1000	100	0	0
1414	100	0	0
2000	100	0	0
2828	100	0	0
4000	100	0	

Channel	Channel	Channel	Diff.	Cum. <	Cum. >	Diff.
Diameter	Diameter	Diameter	Volume	Volume	Volume	Number
(Lower)	(Center)	(Upper)	%	%	%	%
um	um	um				
0.040	0.042	0.044	0.00045	0	100	1.85
0.044	0.046	0.048	0.00059	0.00045	100	1.84
0.048	0.050	0.053	0.00095	0.0010	99.999	2.24
0.053	0.055	0.058	0.0019	0.0020	99.998	3.41
0.058	0.061	0.064	0.0040	0.0039	99.996	5.37
0.064	0.067	0.070	0.0074	0.0079	99.99	7.53
0.070	0.073	0.077	0.011	0.015	99.98	8.73
0.077	0.080	0.084	0.015	0.027	99.97	8.81
0.084	0.088	0.093	0.019	0.042	99.96	8.31
0.093	0.097	0.102	0.023	0.060	99.9	7.66
0.102	0.106	0.112	0.027	0.083	99.9	6.90
0.112	0.117	0.122	0.032	0.11	99.9	6.03
0.122	0.128	0.134	0.036	0.14	99.9	5.19
0.134	0.141	0.148	0.040	0.18	99.8	4.41
0.148	0.155	0.162	0.045	0.22	99.8	3.71
0.162	0.170	0.178	0.050	0.26	99.7	3.11
0.178	0.186	0.195	0.055	0.31	99.7	2.59
0.195	0.205	0.214	0.061	0.37	99.6	2.16
0.214	0.225	0.235	0.067	0.43	99.6	1.80
0.235	0.247	0.258	0.074	0.50	99.5	1.50
0.258	0.271	0.284	0.081	0.57	99.4	1.24
0.284	0.297	0.311	0.088	0.65	99.3	1.03
0.311	0.326	0.342	0.096	0.74	99.3	0.84
0.342	0.358	0.375	0.10	0.84	99.2	0.69
0.375	0.393	0.412	0.11	0.94	99.1	0.56
0.412	0.431	0.452	0.12	1.05	98.9	0.46
0.452	0.474	0.496	0.13	1.17	98.8	0.37
0.496	0.520	0.545	0.14	1.30	98.7	0.30
0.545	0.571	0.598	0.15	1.44	98.6	0.25
0.598	0.627	0.656	0.16	1.59	98.4	0.20
0.656	0.688	0.721	0.17	1.75	98.2	0.16
0.721	0.755	0.791	0.19	1.93	98.1	0.13
0.791	0.829	0.868	0.20	2.12	97.9	0.11
0.868	0.910	0.953	0.22	2.32	97.7	0.088
0.953	0.999	1.047	0.24	2.54	97.5	0.073
1.047	1.097	1.149	0.26	2.77	97.2	0.060
1.149	1.204	1.261	0.28	3.03	97.0	0.050
1.261	1.321	1.385	0.31	3.32	96.7	0.041
1.385	1.451	1.520	0.34	3.63	96.4	0.034
1.520	1.592	1.668	0.38	3.97	96.0	0.028
1.668	1.748	1.832	0.41	4.35	95.7	0.024
1.832	1.919	2.011	0.46	4.76	95.2	0.020
2.011	2.107	2.207	0.50	5.22	94.8	0.016
2.207	2.313	2.423	0.55	5.72	94.3	0.014
2.423	2.539	2.660	0.61	6.27	93.7	0.011
2.660	2.787	2.920	0.66	6.88	93.1	0.0093
2.920	3.059	3.205	0.72	7.54	92.5	0.0077
3.205	3.358	3.519	0.79	8.26	91.7	0.0063
3.519	3.687	3.863	0.85	9.05	91.0	0.0052
3.863	4.047	4.240	0.92	9.90	90.1	0.0042
4.240	4.443	4.655	0.99	10.8	89.2	0.0034
4.655	4.877	5.110	1.07	11.8	88.2	0.0028
5.110	5.354	5.610	1.14	12.9	87.1	0.0023
5.610	5.878	6.158	1.22	14.0	86.0	0.0018
6.158	6.452	6.760	1.30	15.2	84.8	0.0015
6.760	7.083	7.421	1.38	16.5	83.5	0.0012
7.421	7.775	8.147	1.46	17.9	82.1	0.00094
8.147	8.536	8.943	1.54	19.4	80.6	0.00075
8.943	9.370	9.817	1.63	20.9	79.1	0.00060
9.817	10.29	10.78	1.71	22.5	77.5	0.00048
10.78	11.29	11.83	1.80	24.3	75.7	0.00038
11.83	12.40	12.99	1.89	26.1	73.9	0.00030
12.99	13.61	14.26	1.99	27.9	72.1	0.00024
14.26	14.94	15.65	2.08	29.9	70.1	0.00019
15.65	16.40	17.18	2.17	32.0	68.0	0.00015
17.18	18.00	18.86	2.25	34.2	65.8	0.00012
18.86	19.76	20.70	2.32	36.4	63.6	0.000091
20.70	21.69	22.73	2.37	38.7	61.3	0.000071
22.73	23.81	24.95	2.41	41.1	58.9	0.000054
24.95	26.14	27.39	2.41	43.5	56.5	0.000041
27.39	28.70	30.07	2.39	45.9	54.1	0.000031
30.07	31.50	33.01	2.34	48.3	51.7	0.000023
33.01	34.58	36.24	2.28	50.7	49.3	0.000017
36.24	37.97	39.78	2.24	52.9	47.1	0.000012
39.78	41.68	43.67	2.21	55.2	44.8	0.000009
43.67	45.75	47.94	2.20	57.4	42.6	0.000007
47.94	50.22	52.62	2.19	59.6	40.4	0.000005
52.62	55.13	57.77	2.17	61.8	38.2	0.000004
57.77	60.52	63.41	2.11	64.0	36.0	0.000003
63.41	66.44	69.61	2.02	66.1	33.9	0.000002
69.61	72.94	76.42	1.91	68.1	31.9	0.000001
76.42	80.07	83.89	1.82	70.0	30.0	0.000001
83.89	87.90	92.09	1.77	71.8	28.2	0.000001
92.09	96.49	101.1	1.74	73.6	26.4	0.000001
101.1	105.9	111.0	1.75	75.3	24.7	4.48E-7
111.0	116.3	121.8	1.77	77.1	22.9	3.43E-7
121.8	127.6	133.7	1.81	78.8	21.2	2.65E-7
133.7	140.1	146.8	1.87	80.7	19.3	2.07E-7
146.8	153.8	161.2	1.96	82.5	17.5	1.64E-7
161.2	168.9	176.9	2.06	84.5	15.5	1.3E-7
176.9	185.4	194.2	2.15	86.5	13.5	1.03E-7
194.2	203.5	213.2	2.16	88.7	11.3	7.81E-8
213.2	223.4	234.1	2.06	90.9	9.14	5.63E-8
234.1	245.2	256.9	1.82	92.9	7.08	3.77E-8
256.9	269.2	282.1	1.46	94.7	5.25	2.28E-8
282.1	295.5	309.6	1.04	96.2	3.79	1.23E-8
309.6	324.4	339.9	0.65	97.3	2.75	5.79E-9
339.9	356.1	373.1	0.37	97.9	2.10	2.49E-9
373.1	390.9	409.6	0.24	98.3	1.73	1.22E-9
409.6	429.2	449.7	0.23	98.5	1.49	8.71E-10
449.7	471.1	493.6	0.30	98.7	1.26	8.64E-10
493.6	517.2	541.9	0.38	99.0	0.96	8.31E-10
541.9	567.7	594.9	0.34	99.4	0.59	5.64E-10
594.9	623.3	653.0	0.19	99.8	0.25	2.43E-10
653.0	684.2	716.8	0.048	99.9	0.053	4.59E-11
716.8	751.1	786.9	0.0052	99.99	0.0052	3.72E-12
786.9	824.5	863.9	0	100	0	0
863.9	905.1	948.3	0	100	0	0
948.3	993.6	1041	0	100	0	0
1041	1091	1143	0	100	0	0
1143	1197	1255	0	100	0	0
1255	1314	1377	0	100	0	0
1377	1443	1512	0	100	0	0
1512	1584	1660	0	100	0	0
1660	1739	1822	0	100	0	0
1822	1909	2000	0	100	0	0
2000				100	0	

