LS	2022-11-18  12:52
File name:	IODP_STV0122-12_05.$ls
File ID:	IODP
Sample ID:	STV0122-124
Operator:	RG
Bar code:	
Comment 1:	
Comment 2:	
Instrument:	LS 230, VSM Plus
Run number:	5
Start time:	2022-11-18  12:51
Run length:	62
Optical model:	Fraunhofer.rfd   PIDS included
Obscuration:	9
PIDS Obscur:	47
Obscuration:	OK
Serial Number:	7205

From	0.0400
To	2000
Volume 	100
Mean:	69.88
Median:	47.17
D(0,0):	0.120
Mean/Median ratio:	1.482
Mode:	80.07
S.D.:	75.17
Variance:	5650
C.V.:	107.6
Skewness:	2.484
Kurtosis:	10.28
d10:	5.261
d50:	47.17
d90:	163.2
Specific Surf. Area:	6670

% <	Size 
10	5.26
25	17.2
50	47.2
75	98.6
90	163

% >	Size 
10	163
25	98.6
50	47.2
75	17.2
90	5.26

Size 	% <
1	1.97
10	16.6
100	75.5
1000	100

Size 	% >
1	98.0
10	83.4
100	24.5
1000	0

Particle	IODP_STV012	Volume	Volume
Diameter	2-12_05.$ls	% >	%
um	Volume		
	% <		
0.4	0.57	99.4	0.20
0.488	0.77	99.2	0.47
0.69	1.24	98.8	0.68
0.98	1.93	98.1	0.93
1.38	2.85	97.1	1.25
1.95	4.11	95.9	1.63
2.76	5.74	94.3	2.07
3.91	7.81	92.2	2.59
5.52	10.4	89.6	3.29
7.81	13.7	86.3	4.18
11.05	17.9	82.1	5.37
15.63	23.2	76.8	6.87
22.1	30.1	69.9	8.42
31.3	38.5	61.5	9.53
44.2	48.0	52.0	11.1
62.5	59.2	40.8	12.0
88.4	71.2	28.8	11.5
125	82.7	17.3	9.16
177	91.9	8.13	5.54
250	97.4	2.59	1.70
354	99.1	0.89	0.46
500	99.6	0.43	0.42
707	99.996	0.0043	0.0043
1000	100	0	0
1414	100	0	0
2000	100	0	0
2828	100	0	0
4000	100	0	

Channel	Channel	Channel	Diff.	Cum. <	Cum. >	Diff.
Diameter	Diameter	Diameter	Volume	Volume	Volume	Number
(Lower)	(Center)	(Upper)	%	%	%	%
um	um	um				
0.040	0.042	0.044	0.00014	0	100	1.39
0.044	0.046	0.048	0.00019	0.00014	100	1.44
0.048	0.050	0.053	0.00032	0.00034	100	1.81
0.053	0.055	0.058	0.00065	0.00066	99.999	2.76
0.058	0.061	0.064	0.0013	0.0013	99.999	4.30
0.064	0.067	0.070	0.0025	0.0026	99.997	6.06
0.070	0.073	0.077	0.0040	0.0051	99.99	7.25
0.077	0.080	0.084	0.0055	0.0091	99.99	7.60
0.084	0.088	0.093	0.0071	0.015	99.99	7.45
0.093	0.097	0.102	0.0090	0.022	99.98	7.12
0.102	0.106	0.112	0.011	0.031	99.97	6.67
0.112	0.117	0.122	0.013	0.042	99.96	6.08
0.122	0.128	0.134	0.016	0.055	99.9	5.41
0.134	0.141	0.148	0.018	0.071	99.9	4.76
0.148	0.155	0.162	0.021	0.089	99.9	4.18
0.162	0.170	0.178	0.025	0.11	99.9	3.65
0.178	0.186	0.195	0.028	0.14	99.9	3.17
0.195	0.205	0.214	0.033	0.16	99.8	2.75
0.214	0.225	0.235	0.038	0.20	99.8	2.40
0.235	0.247	0.258	0.043	0.23	99.8	2.09
0.258	0.271	0.284	0.050	0.28	99.7	1.81
0.284	0.297	0.311	0.057	0.33	99.7	1.56
0.311	0.326	0.342	0.064	0.38	99.6	1.34
0.342	0.358	0.375	0.072	0.45	99.6	1.14
0.375	0.393	0.412	0.081	0.52	99.5	0.96
0.412	0.431	0.452	0.090	0.60	99.4	0.81
0.452	0.474	0.496	0.10	0.69	99.3	0.68
0.496	0.520	0.545	0.11	0.79	99.2	0.57
0.545	0.571	0.598	0.12	0.90	99.1	0.48
0.598	0.627	0.656	0.14	1.03	99.0	0.40
0.656	0.688	0.721	0.15	1.16	98.8	0.34
0.721	0.755	0.791	0.17	1.32	98.7	0.28
0.791	0.829	0.868	0.18	1.48	98.5	0.23
0.868	0.910	0.953	0.20	1.66	98.3	0.19
0.953	0.999	1.047	0.22	1.86	98.1	0.16
1.047	1.097	1.149	0.24	2.08	97.9	0.13
1.149	1.204	1.261	0.26	2.32	97.7	0.11
1.261	1.321	1.385	0.28	2.58	97.4	0.088
1.385	1.451	1.520	0.31	2.86	97.1	0.072
1.520	1.592	1.668	0.33	3.17	96.8	0.059
1.668	1.748	1.832	0.35	3.50	96.5	0.048
1.832	1.919	2.011	0.38	3.85	96.1	0.039
2.011	2.107	2.207	0.41	4.24	95.8	0.032
2.207	2.313	2.423	0.44	4.64	95.4	0.026
2.423	2.539	2.660	0.47	5.08	94.9	0.021
2.660	2.787	2.920	0.50	5.55	94.5	0.017
2.920	3.059	3.205	0.53	6.04	94.0	0.013
3.205	3.358	3.519	0.56	6.57	93.4	0.011
3.519	3.687	3.863	0.60	7.13	92.9	0.0086
3.863	4.047	4.240	0.64	7.73	92.3	0.0069
4.240	4.443	4.655	0.68	8.37	91.6	0.0056
4.655	4.877	5.110	0.72	9.05	91.0	0.0045
5.110	5.354	5.610	0.77	9.77	90.2	0.0036
5.610	5.878	6.158	0.82	10.5	89.5	0.0029
6.158	6.452	6.760	0.87	11.4	88.6	0.0023
6.760	7.083	7.421	0.93	12.2	87.8	0.0019
7.421	7.775	8.147	0.99	13.2	86.8	0.0015
8.147	8.536	8.943	1.06	14.1	85.9	0.0012
8.943	9.370	9.817	1.13	15.2	84.8	0.00099
9.817	10.29	10.78	1.20	16.3	83.7	0.00080
10.78	11.29	11.83	1.29	17.5	82.5	0.00065
11.83	12.40	12.99	1.38	18.8	81.2	0.00052
12.99	13.61	14.26	1.48	20.2	79.8	0.00042
14.26	14.94	15.65	1.58	21.7	78.3	0.00034
15.65	16.40	17.18	1.69	23.3	76.7	0.00028
17.18	18.00	18.86	1.81	25.0	75.0	0.00022
18.86	19.76	20.70	1.93	26.8	73.2	0.00018
20.70	21.69	22.73	2.05	28.7	71.3	0.00014
22.73	23.81	24.95	2.16	30.7	69.3	0.00012
24.95	26.14	27.39	2.26	32.9	67.1	0.000091
27.39	28.70	30.07	2.35	35.2	64.8	0.000072
30.07	31.50	33.01	2.42	37.5	62.5	0.000056
33.01	34.58	36.24	2.50	39.9	60.1	0.000044
36.24	37.97	39.78	2.58	42.4	57.6	0.000034
39.78	41.68	43.67	2.69	45.0	55.0	0.000027
43.67	45.75	47.94	2.81	47.7	52.3	0.000021
47.94	50.22	52.62	2.95	50.5	49.5	0.000017
52.62	55.13	57.77	3.07	53.5	46.5	0.000013
57.77	60.52	63.41	3.17	56.5	43.5	0.000010
63.41	66.44	69.61	3.23	59.7	40.3	0.000008
69.61	72.94	76.42	3.26	62.9	37.1	0.000006
76.42	80.07	83.89	3.26	66.2	33.8	0.000005
83.89	87.90	92.09	3.24	69.4	30.6	0.000003
92.09	96.49	101.1	3.19	72.7	27.3	0.000003
101.1	105.9	111.0	3.11	75.9	24.1	0.000002
111.0	116.3	121.8	2.98	79.0	21.0	0.000001
121.8	127.6	133.7	2.80	82.0	18.0	0.000001
133.7	140.1	146.8	2.59	84.8	15.2	0.000001
146.8	153.8	161.2	2.37	87.4	12.6	4.7E-7
161.2	168.9	176.9	2.13	89.7	10.3	3.21E-7
176.9	185.4	194.2	1.89	91.9	8.14	2.15E-7
194.2	203.5	213.2	1.62	93.7	6.25	1.39E-7
213.2	223.4	234.1	1.33	95.4	4.63	8.64E-8
234.1	245.2	256.9	1.02	96.7	3.30	4.98E-8
256.9	269.2	282.1	0.70	97.7	2.28	2.6E-8
282.1	295.5	309.6	0.42	98.4	1.58	1.18E-8
309.6	324.4	339.9	0.22	98.8	1.16	4.63E-9
339.9	356.1	373.1	0.11	99.1	0.94	1.84E-9
373.1	390.9	409.6	0.089	99.2	0.83	1.08E-9
409.6	429.2	449.7	0.12	99.3	0.74	1.05E-9
449.7	471.1	493.6	0.17	99.4	0.62	1.16E-9
493.6	517.2	541.9	0.20	99.5	0.45	1.04E-9
541.9	567.7	594.9	0.16	99.7	0.26	6.23E-10
594.9	623.3	653.0	0.078	99.9	0.098	2.34E-10
653.0	684.2	716.8	0.018	99.98	0.019	4E-11
716.8	751.1	786.9	0.0016	99.998	0.0016	2.76E-12
786.9	824.5	863.9	0	100	0	0
863.9	905.1	948.3	0	100	0	0
948.3	993.6	1041	0	100	0	0
1041	1091	1143	0	100	0	0
1143	1197	1255	0	100	0	0
1255	1314	1377	0	100	0	0
1377	1443	1512	0	100	0	0
1512	1584	1660	0	100	0	0
1660	1739	1822	0	100	0	0
1822	1909	2000	0	100	0	0
2000				100	0	

