LS	2022-11-18  16:23
File name:	IODP_STV0132_05.$ls
File ID:	IODP
Sample ID:	STV0132
Operator:	RG
Bar code:	
Comment 1:	
Comment 2:	
Instrument:	LS 230, VSM Plus
Run number:	5
Start time:	2022-11-18  16:22
Run length:	61
Optical model:	Fraunhofer.rfd   PIDS included
Obscuration:	7
PIDS Obscur:	42
Obscuration:	Low
Serial Number:	7205

From	0.0400
To	2000
Volume 	100
Mean:	74.97
Median:	34.11
D(0,0):	0.104
Mean/Median ratio:	2.198
Mode:	26.14
S.D.:	96.68
Variance:	9346
C.V.:	129.0
Skewness:	2.281
Kurtosis:	6.602
d10:	4.027
d50:	34.11
d90:	206.4
Specific Surf. Area:	9117

% <	Size 
10	4.03
25	11.7
50	34.1
75	104
90	206

% >	Size 
10	206
25	104
50	34.1
75	11.7
90	4.03

Size 	% <
1	2.61
10	22.1
100	74.2
1000	100

Size 	% >
1	97.4
10	77.9
100	25.8
1000	0

Particle	IODP_STV013	Volume	Volume
Diameter	2_05.$ls	% >	%
um	Volume		
	% <		
0.4	1.01	99.0	0.26
0.488	1.26	98.7	0.55
0.69	1.82	98.2	0.74
0.98	2.56	97.4	0.99
1.38	3.54	96.5	1.41
1.95	4.95	95.0	2.00
2.76	6.95	93.1	2.78
3.91	9.73	90.3	3.66
5.52	13.4	86.6	4.70
7.81	18.1	81.9	5.82
11.05	23.9	76.1	7.06
15.63	31.0	69.0	8.19
22.1	39.2	60.8	8.74
31.3	47.9	52.1	8.30
44.2	56.2	43.8	8.15
62.5	64.4	35.6	7.36
88.4	71.7	28.3	6.95
125	78.7	21.3	7.71
177	86.4	13.6	7.70
250	94.1	5.93	3.82
354	97.9	2.11	1.27
500	99.2	0.84	0.83
707	99.99	0.0100	0.0100
1000	100	0	0
1414	100	0	0
2000	100	0	0
2828	100	0	0
4000	100	0	

Channel	Channel	Channel	Diff.	Cum. <	Cum. >	Diff.
Diameter	Diameter	Diameter	Volume	Volume	Volume	Number
(Lower)	(Center)	(Upper)	%	%	%	%
um	um	um				
0.040	0.042	0.044	0.00045	0	100	1.86
0.044	0.046	0.048	0.00060	0.00045	100	1.86
0.048	0.050	0.053	0.00096	0.0011	99.999	2.26
0.053	0.055	0.058	0.0019	0.0020	99.998	3.44
0.058	0.061	0.064	0.0040	0.0040	99.996	5.43
0.064	0.067	0.070	0.0075	0.0080	99.99	7.61
0.070	0.073	0.077	0.011	0.015	99.98	8.80
0.077	0.080	0.084	0.015	0.027	99.97	8.86
0.084	0.088	0.093	0.019	0.042	99.96	8.35
0.093	0.097	0.102	0.023	0.061	99.9	7.68
0.102	0.106	0.112	0.028	0.084	99.9	6.90
0.112	0.117	0.122	0.032	0.11	99.9	6.02
0.122	0.128	0.134	0.036	0.14	99.9	5.17
0.134	0.141	0.148	0.041	0.18	99.8	4.38
0.148	0.155	0.162	0.045	0.22	99.8	3.69
0.162	0.170	0.178	0.050	0.27	99.7	3.08
0.178	0.186	0.195	0.055	0.32	99.7	2.56
0.195	0.205	0.214	0.060	0.37	99.6	2.13
0.214	0.225	0.235	0.066	0.43	99.6	1.77
0.235	0.247	0.258	0.073	0.50	99.5	1.47
0.258	0.271	0.284	0.080	0.57	99.4	1.22
0.284	0.297	0.311	0.087	0.65	99.4	1.00
0.311	0.326	0.342	0.094	0.74	99.3	0.82
0.342	0.358	0.375	0.10	0.83	99.2	0.67
0.375	0.393	0.412	0.11	0.93	99.1	0.55
0.412	0.431	0.452	0.12	1.04	99.0	0.45
0.452	0.474	0.496	0.13	1.16	98.8	0.36
0.496	0.520	0.545	0.14	1.29	98.7	0.29
0.545	0.571	0.598	0.15	1.42	98.6	0.24
0.598	0.627	0.656	0.16	1.57	98.4	0.19
0.656	0.688	0.721	0.17	1.73	98.3	0.16
0.721	0.755	0.791	0.18	1.90	98.1	0.13
0.791	0.829	0.868	0.20	2.08	97.9	0.10
0.868	0.910	0.953	0.21	2.28	97.7	0.086
0.953	0.999	1.047	0.23	2.49	97.5	0.070
1.047	1.097	1.149	0.25	2.72	97.3	0.058
1.149	1.204	1.261	0.28	2.98	97.0	0.048
1.261	1.321	1.385	0.30	3.25	96.7	0.040
1.385	1.451	1.520	0.33	3.56	96.4	0.033
1.520	1.592	1.668	0.37	3.89	96.1	0.027
1.668	1.748	1.832	0.40	4.26	95.7	0.023
1.832	1.919	2.011	0.44	4.66	95.3	0.019
2.011	2.107	2.207	0.49	5.10	94.9	0.016
2.207	2.313	2.423	0.53	5.59	94.4	0.013
2.423	2.539	2.660	0.58	6.12	93.9	0.011
2.660	2.787	2.920	0.64	6.70	93.3	0.0089
2.920	3.059	3.205	0.70	7.34	92.7	0.0074
3.205	3.358	3.519	0.76	8.04	92.0	0.0060
3.519	3.687	3.863	0.82	8.79	91.2	0.0050
3.863	4.047	4.240	0.89	9.61	90.4	0.0040
4.240	4.443	4.655	0.96	10.5	89.5	0.0033
4.655	4.877	5.110	1.03	11.5	88.5	0.0027
5.110	5.354	5.610	1.10	12.5	87.5	0.0022
5.610	5.878	6.158	1.17	13.6	86.4	0.0017
6.158	6.452	6.760	1.25	14.8	85.2	0.0014
6.760	7.083	7.421	1.33	16.0	84.0	0.0011
7.421	7.775	8.147	1.41	17.3	82.7	0.00091
8.147	8.536	8.943	1.49	18.7	81.3	0.00072
8.943	9.370	9.817	1.57	20.2	79.8	0.00058
9.817	10.29	10.78	1.66	21.8	78.2	0.00046
10.78	11.29	11.83	1.75	23.5	76.5	0.00037
11.83	12.40	12.99	1.84	25.2	74.8	0.00029
12.99	13.61	14.26	1.93	27.0	73.0	0.00023
14.26	14.94	15.65	2.02	29.0	71.0	0.00018
15.65	16.40	17.18	2.11	31.0	69.0	0.00014
17.18	18.00	18.86	2.19	33.1	66.9	0.00011
18.86	19.76	20.70	2.26	35.3	64.7	0.000089
20.70	21.69	22.73	2.32	37.6	62.4	0.000069
22.73	23.81	24.95	2.35	39.9	60.1	0.000053
24.95	26.14	27.39	2.36	42.2	57.8	0.000040
27.39	28.70	30.07	2.34	44.6	55.4	0.000030
30.07	31.50	33.01	2.30	46.9	53.1	0.000022
33.01	34.58	36.24	2.26	49.2	50.8	0.000017
36.24	37.97	39.78	2.22	51.5	48.5	0.000012
39.78	41.68	43.67	2.21	53.7	46.3	0.000009
43.67	45.75	47.94	2.21	55.9	44.1	0.000007
47.94	50.22	52.62	2.21	58.1	41.9	0.000005
52.62	55.13	57.77	2.20	60.3	39.7	0.000004
57.77	60.52	63.41	2.16	62.5	37.5	0.000003
63.41	66.44	69.61	2.08	64.7	35.3	0.000002
69.61	72.94	76.42	1.99	66.8	33.2	0.000002
76.42	80.07	83.89	1.92	68.8	31.2	0.000001
83.89	87.90	92.09	1.86	70.7	29.3	0.000001
92.09	96.49	101.1	1.85	72.6	27.4	0.000001
101.1	105.9	111.0	1.86	74.4	25.6	4.73E-7
111.0	116.3	121.8	1.89	76.3	23.7	3.63E-7
121.8	127.6	133.7	1.94	78.1	21.9	2.82E-7
133.7	140.1	146.8	2.01	80.1	19.9	2.21E-7
146.8	153.8	161.2	2.09	82.1	17.9	1.74E-7
161.2	168.9	176.9	2.18	84.2	15.8	1.37E-7
176.9	185.4	194.2	2.23	86.4	13.6	1.06E-7
194.2	203.5	213.2	2.20	88.6	11.4	7.88E-8
213.2	223.4	234.1	2.05	90.8	9.21	5.56E-8
234.1	245.2	256.9	1.78	92.8	7.17	3.64E-8
256.9	269.2	282.1	1.41	94.6	5.39	2.19E-8
282.1	295.5	309.6	1.02	96.0	3.98	1.19E-8
309.6	324.4	339.9	0.67	97.0	2.96	5.95E-9
339.9	356.1	373.1	0.43	97.7	2.29	2.91E-9
373.1	390.9	409.6	0.32	98.1	1.86	1.63E-9
409.6	429.2	449.7	0.30	98.5	1.53	1.17E-9
449.7	471.1	493.6	0.34	98.8	1.23	9.98E-10
493.6	517.2	541.9	0.38	99.1	0.88	8.23E-10
541.9	567.7	594.9	0.30	99.5	0.51	5.03E-10
594.9	623.3	653.0	0.16	99.8	0.20	2.02E-10
653.0	684.2	716.8	0.039	99.96	0.043	3.66E-11
716.8	751.1	786.9	0.0040	99.996	0.0040	2.83E-12
786.9	824.5	863.9	0	100	0	0
863.9	905.1	948.3	0	100	0	0
948.3	993.6	1041	0	100	0	0
1041	1091	1143	0	100	0	0
1143	1197	1255	0	100	0	0
1255	1314	1377	0	100	0	0
1377	1443	1512	0	100	0	0
1512	1584	1660	0	100	0	0
1660	1739	1822	0	100	0	0
1822	1909	2000	0	100	0	0
2000				100	0	

