LS	2022-11-18  13:15
File name:	IODP_STV0319-32_02.$ls
File ID:	IODP
Sample ID:	STV0319-321
Operator:	RG
Bar code:	
Comment 1:	
Comment 2:	
Instrument:	LS 230, VSM Plus
Run number:	2
Start time:	2022-11-18  13:14
Run length:	61
Optical model:	Fraunhofer.rfd   PIDS included
Obscuration:	10
PIDS Obscur:	51
Obscuration:	OK
Serial Number:	7205

From	0.0400
To	2000
Volume 	100
Mean:	106.2
Median:	67.47
D(0,0):	0.112
Mean/Median ratio:	1.574
Mode:	168.9
S.D.:	119.8
Variance:	14345
C.V.:	112.8
Skewness:	2.695
Kurtosis:	11.51
d10:	6.934
d50:	67.47
d90:	235.7
Specific Surf. Area:	5690

% <	Size 
10	6.93
25	22.1
50	67.5
75	160
90	236

% >	Size 
10	236
25	160
50	67.5
75	22.1
90	6.93

Size 	% <
1	1.66
10	13.4
100	59.6
1000	99.97

Size 	% >
1	98.3
10	86.6
100	40.4
1000	0.025

Particle	IODP_STV031	Volume	Volume
Diameter	9-32_02.$ls	% >	%
um	Volume		
	% <		
0.4	0.53	99.5	0.17
0.488	0.70	99.3	0.38
0.69	1.08	98.9	0.54
0.98	1.62	98.4	0.72
1.38	2.35	97.7	0.97
1.95	3.32	96.7	1.27
2.76	4.59	95.4	1.64
3.91	6.23	93.8	2.08
5.52	8.31	91.7	2.69
7.81	11.0	89.0	3.49
11.05	14.5	85.5	4.58
15.63	19.1	80.9	5.97
22.1	25.0	75.0	7.26
31.3	32.3	67.7	7.67
44.2	40.0	60.0	8.19
62.5	48.2	51.8	8.35
88.4	56.5	43.5	9.52
125	66.0	34.0	13.2
177	79.2	20.8	12.4
250	91.6	8.35	5.41
354	97.1	2.95	1.29
500	98.3	1.66	0.87
707	99.2	0.79	0.76
1000	99.97	0.025	0.025
1414	100	0	0
2000	100	0	0
2828	100	0	0
4000	100	0	

Channel	Channel	Channel	Diff.	Cum. <	Cum. >	Diff.
Diameter	Diameter	Diameter	Volume	Volume	Volume	Number
(Lower)	(Center)	(Upper)	%	%	%	%
um	um	um				
0.040	0.042	0.044	0.00018	0	100	1.65
0.044	0.046	0.048	0.00024	0.00018	100	1.65
0.048	0.050	0.053	0.00038	0.00041	100	2.00
0.053	0.055	0.058	0.00076	0.00079	99.999	3.02
0.058	0.061	0.064	0.0016	0.0016	99.998	4.76
0.064	0.067	0.070	0.0030	0.0031	99.997	6.74
0.070	0.073	0.077	0.0046	0.0061	99.99	8.00
0.077	0.080	0.084	0.0063	0.011	99.99	8.24
0.084	0.088	0.093	0.0081	0.017	99.98	7.93
0.093	0.097	0.102	0.0100	0.025	99.97	7.42
0.102	0.106	0.112	0.012	0.035	99.96	6.81
0.112	0.117	0.122	0.014	0.047	99.95	6.08
0.122	0.128	0.134	0.017	0.062	99.9	5.31
0.134	0.141	0.148	0.019	0.078	99.9	4.59
0.148	0.155	0.162	0.021	0.097	99.9	3.94
0.162	0.170	0.178	0.024	0.12	99.9	3.37
0.178	0.186	0.195	0.027	0.14	99.9	2.87
0.195	0.205	0.214	0.031	0.17	99.8	2.45
0.214	0.225	0.235	0.035	0.20	99.8	2.09
0.235	0.247	0.258	0.039	0.24	99.8	1.79
0.258	0.271	0.284	0.044	0.28	99.7	1.52
0.284	0.297	0.311	0.050	0.32	99.7	1.29
0.311	0.326	0.342	0.056	0.37	99.6	1.09
0.342	0.358	0.375	0.062	0.43	99.6	0.91
0.375	0.393	0.412	0.068	0.49	99.5	0.76
0.412	0.431	0.452	0.075	0.56	99.4	0.64
0.452	0.474	0.496	0.083	0.63	99.4	0.53
0.496	0.520	0.545	0.092	0.71	99.3	0.44
0.545	0.571	0.598	0.10	0.81	99.2	0.37
0.598	0.627	0.656	0.11	0.91	99.1	0.30
0.656	0.688	0.721	0.12	1.02	99.0	0.25
0.721	0.755	0.791	0.13	1.14	98.9	0.21
0.791	0.829	0.868	0.14	1.27	98.7	0.17
0.868	0.910	0.953	0.16	1.41	98.6	0.14
0.953	0.999	1.047	0.17	1.57	98.4	0.12
1.047	1.097	1.149	0.19	1.74	98.3	0.096
1.149	1.204	1.261	0.20	1.93	98.1	0.079
1.261	1.321	1.385	0.22	2.13	97.9	0.065
1.385	1.451	1.520	0.24	2.35	97.6	0.053
1.520	1.592	1.668	0.26	2.59	97.4	0.043
1.668	1.748	1.832	0.28	2.85	97.2	0.035
1.832	1.919	2.011	0.30	3.12	96.9	0.028
2.011	2.107	2.207	0.32	3.42	96.6	0.023
2.207	2.313	2.423	0.34	3.74	96.3	0.019
2.423	2.539	2.660	0.36	4.08	95.9	0.015
2.660	2.787	2.920	0.39	4.44	95.6	0.012
2.920	3.059	3.205	0.42	4.83	95.2	0.0099
3.205	3.358	3.519	0.44	5.25	94.8	0.0080
3.519	3.687	3.863	0.47	5.69	94.3	0.0064
3.863	4.047	4.240	0.51	6.17	93.8	0.0052
4.240	4.443	4.655	0.54	6.67	93.3	0.0042
4.655	4.877	5.110	0.58	7.22	92.8	0.0034
5.110	5.354	5.610	0.62	7.80	92.2	0.0028
5.610	5.878	6.158	0.67	8.42	91.6	0.0022
6.158	6.452	6.760	0.71	9.09	90.9	0.0018
6.760	7.083	7.421	0.76	9.80	90.2	0.0015
7.421	7.775	8.147	0.82	10.6	89.4	0.0012
8.147	8.536	8.943	0.88	11.4	88.6	0.00096
8.943	9.370	9.817	0.94	12.3	87.7	0.00078
9.817	10.29	10.78	1.01	13.2	86.8	0.00063
10.78	11.29	11.83	1.09	14.2	85.8	0.00051
11.83	12.40	12.99	1.17	15.3	84.7	0.00042
12.99	13.61	14.26	1.26	16.5	83.5	0.00034
14.26	14.94	15.65	1.36	17.7	82.3	0.00028
15.65	16.40	17.18	1.47	19.1	80.9	0.00023
17.18	18.00	18.86	1.57	20.6	79.4	0.00018
18.86	19.76	20.70	1.68	22.1	77.9	0.00015
20.70	21.69	22.73	1.79	23.8	76.2	0.00012
22.73	23.81	24.95	1.88	25.6	74.4	0.000095
24.95	26.14	27.39	1.96	27.5	72.5	0.000074
27.39	28.70	30.07	2.01	29.4	70.6	0.000058
30.07	31.50	33.01	2.04	31.4	68.6	0.000044
33.01	34.58	36.24	2.05	33.5	66.5	0.000034
36.24	37.97	39.78	2.07	35.5	64.5	0.000026
39.78	41.68	43.67	2.10	37.6	62.4	0.000020
43.67	45.75	47.94	2.14	39.7	60.3	0.000015
47.94	50.22	52.62	2.19	41.8	58.2	0.000012
52.62	55.13	57.77	2.23	44.0	56.0	0.000009
57.77	60.52	63.41	2.26	46.3	53.7	0.000007
63.41	66.44	69.61	2.26	48.5	51.5	0.000005
69.61	72.94	76.42	2.24	50.8	49.2	0.000004
76.42	80.07	83.89	2.24	53.0	47.0	0.000003
83.89	87.90	92.09	2.27	55.3	44.7	0.000002
92.09	96.49	101.1	2.36	57.5	42.5	0.000002
101.1	105.9	111.0	2.53	59.9	40.1	0.000001
111.0	116.3	121.8	2.78	62.4	37.6	0.000001
121.8	127.6	133.7	3.08	65.2	34.8	0.000001
133.7	140.1	146.8	3.40	68.3	31.7	0.000001
146.8	153.8	161.2	3.68	71.7	28.3	0.000001
161.2	168.9	176.9	3.84	75.4	24.6	0.000001
176.9	185.4	194.2	3.83	79.2	20.8	4.08E-7
194.2	203.5	213.2	3.61	83.0	17.0	2.91E-7
213.2	223.4	234.1	3.19	86.6	13.4	1.94E-7
234.1	245.2	256.9	2.63	89.8	10.2	1.21E-7
256.9	269.2	282.1	2.01	92.4	7.56	6.99E-8
282.1	295.5	309.6	1.42	94.5	5.55	3.73E-8
309.6	324.4	339.9	0.93	95.9	4.13	1.85E-8
339.9	356.1	373.1	0.59	96.8	3.20	8.85E-9
373.1	390.9	409.6	0.38	97.4	2.61	4.37E-9
409.6	429.2	449.7	0.29	97.8	2.22	2.47E-9
449.7	471.1	493.6	0.25	98.1	1.94	1.63E-9
493.6	517.2	541.9	0.24	98.3	1.69	1.15E-9
541.9	567.7	594.9	0.23	98.5	1.45	8.5E-10
594.9	623.3	653.0	0.23	98.8	1.22	6.36E-10
653.0	684.2	716.8	0.25	99.0	1.00	5.24E-10
716.8	751.1	786.9	0.28	99.3	0.75	4.51E-10
786.9	824.5	863.9	0.26	99.5	0.47	3.09E-10
863.9	905.1	948.3	0.16	99.8	0.21	1.48E-10
948.3	993.6	1041	0.044	99.95	0.050	3.05E-11
1041	1091	1143	0.0055	99.99	0.0055	2.88E-12
1143	1197	1255	0	100	0	0
1255	1314	1377	0	100	0	0
1377	1443	1512	0	100	0	0
1512	1584	1660	0	100	0	0
1660	1739	1822	0	100	0	0
1822	1909	2000	0	100	0	0
2000				100	0	

