LS	2022-11-18  12:34
File name:	IODP_STV0122-12_03.$ls
File ID:	IODP
Sample ID:	STV0122-124
Operator:	RG
Bar code:	
Comment 1:	
Comment 2:	
Instrument:	LS 230, VSM Plus
Run number:	3
Start time:	2022-11-18  12:32
Run length:	61
Optical model:	Fraunhofer.rfd   PIDS included
Obscuration:	8
PIDS Obscur:	42
Obscuration:	OK
Serial Number:	7205

From	0.0400
To	2000
Volume 	100
Mean:	70.33
Median:	47.91
D(0,0):	0.120
Mean/Median ratio:	1.468
Mode:	72.94
S.D.:	74.76
Variance:	5590
C.V.:	106.3
Skewness:	2.476
Kurtosis:	10.48
d10:	5.487
d50:	47.91
d90:	164.0
Specific Surf. Area:	6507

% <	Size 
10	5.49
25	17.8
50	47.9
75	99.5
90	164

% >	Size 
10	164
25	99.5
50	47.9
75	17.8
90	5.49

Size 	% <
1	1.92
10	16.1
100	75.2
1000	100

Size 	% >
1	98.1
10	83.9
100	24.8
1000	0

Particle	IODP_STV012	Volume	Volume
Diameter	2-12_03.$ls	% >	%
um	Volume		
	% <		
0.4	0.56	99.4	0.19
0.488	0.75	99.2	0.46
0.69	1.21	98.8	0.67
0.98	1.87	98.1	0.90
1.38	2.77	97.2	1.21
1.95	3.99	96.0	1.57
2.76	5.56	94.4	2.00
3.91	7.55	92.4	2.50
5.52	10.0	90.0	3.20
7.81	13.2	86.8	4.10
11.05	17.3	82.7	5.31
15.63	22.7	77.3	6.85
22.1	29.5	70.5	8.47
31.3	38.0	62.0	9.57
44.2	47.5	52.5	11.2
62.5	58.8	41.2	12.1
88.4	70.9	29.1	11.5
125	82.5	17.5	9.33
177	91.8	8.21	5.67
250	97.5	2.54	1.75
354	99.2	0.79	0.34
500	99.6	0.45	0.44
707	99.995	0.0050	0.0050
1000	100	0	0
1414	100	0	0
2000	100	0	0
2828	100	0	0
4000	100	0	

Channel	Channel	Channel	Diff.	Cum. <	Cum. >	Diff.
Diameter	Diameter	Diameter	Volume	Volume	Volume	Number
(Lower)	(Center)	(Upper)	%	%	%	%
um	um	um				
0.040	0.042	0.044	0.00014	0	100	1.37
0.044	0.046	0.048	0.00019	0.00014	100	1.43
0.048	0.050	0.053	0.00031	0.00032	100	1.82
0.053	0.055	0.058	0.00064	0.00064	99.999	2.80
0.058	0.061	0.064	0.0013	0.0013	99.999	4.36
0.064	0.067	0.070	0.0024	0.0026	99.997	6.11
0.070	0.073	0.077	0.0038	0.0050	99.99	7.24
0.077	0.080	0.084	0.0053	0.0089	99.99	7.58
0.084	0.088	0.093	0.0069	0.014	99.99	7.42
0.093	0.097	0.102	0.0087	0.021	99.98	7.10
0.102	0.106	0.112	0.011	0.030	99.97	6.65
0.112	0.117	0.122	0.013	0.041	99.96	6.06
0.122	0.128	0.134	0.015	0.054	99.9	5.39
0.134	0.141	0.148	0.018	0.069	99.9	4.75
0.148	0.155	0.162	0.021	0.087	99.9	4.17
0.162	0.170	0.178	0.024	0.11	99.9	3.65
0.178	0.186	0.195	0.028	0.13	99.9	3.17
0.195	0.205	0.214	0.032	0.16	99.8	2.76
0.214	0.225	0.235	0.037	0.19	99.8	2.40
0.235	0.247	0.258	0.042	0.23	99.8	2.09
0.258	0.271	0.284	0.048	0.27	99.7	1.81
0.284	0.297	0.311	0.055	0.32	99.7	1.56
0.311	0.326	0.342	0.062	0.37	99.6	1.34
0.342	0.358	0.375	0.070	0.43	99.6	1.14
0.375	0.393	0.412	0.079	0.51	99.5	0.96
0.412	0.431	0.452	0.088	0.58	99.4	0.81
0.452	0.474	0.496	0.098	0.67	99.3	0.69
0.496	0.520	0.545	0.11	0.77	99.2	0.58
0.545	0.571	0.598	0.12	0.88	99.1	0.48
0.598	0.627	0.656	0.13	1.00	99.0	0.40
0.656	0.688	0.721	0.15	1.13	98.9	0.34
0.721	0.755	0.791	0.16	1.28	98.7	0.28
0.791	0.829	0.868	0.18	1.44	98.6	0.23
0.868	0.910	0.953	0.19	1.62	98.4	0.19
0.953	0.999	1.047	0.21	1.81	98.2	0.16
1.047	1.097	1.149	0.23	2.03	98.0	0.13
1.149	1.204	1.261	0.25	2.26	97.7	0.11
1.261	1.321	1.385	0.27	2.51	97.5	0.088
1.385	1.451	1.520	0.30	2.78	97.2	0.072
1.520	1.592	1.668	0.32	3.08	96.9	0.059
1.668	1.748	1.832	0.34	3.40	96.6	0.048
1.832	1.919	2.011	0.37	3.74	96.3	0.039
2.011	2.107	2.207	0.39	4.11	95.9	0.031
2.207	2.313	2.423	0.42	4.50	95.5	0.025
2.423	2.539	2.660	0.45	4.92	95.1	0.020
2.660	2.787	2.920	0.48	5.37	94.6	0.016
2.920	3.059	3.205	0.51	5.85	94.2	0.013
3.205	3.358	3.519	0.54	6.36	93.6	0.011
3.519	3.687	3.863	0.58	6.90	93.1	0.0086
3.863	4.047	4.240	0.61	7.47	92.5	0.0069
4.240	4.443	4.655	0.65	8.09	91.9	0.0056
4.655	4.877	5.110	0.70	8.74	91.3	0.0045
5.110	5.354	5.610	0.74	9.44	90.6	0.0036
5.610	5.878	6.158	0.79	10.2	89.8	0.0029
6.158	6.452	6.760	0.85	11.0	89.0	0.0023
6.760	7.083	7.421	0.90	11.8	88.2	0.0019
7.421	7.775	8.147	0.97	12.7	87.3	0.0015
8.147	8.536	8.943	1.03	13.7	86.3	0.0012
8.943	9.370	9.817	1.10	14.7	85.3	0.00100
9.817	10.29	10.78	1.18	15.8	84.2	0.00081
10.78	11.29	11.83	1.27	17.0	83.0	0.00066
11.83	12.40	12.99	1.36	18.3	81.7	0.00053
12.99	13.61	14.26	1.46	19.6	80.4	0.00043
14.26	14.94	15.65	1.57	21.1	78.9	0.00035
15.65	16.40	17.18	1.68	22.7	77.3	0.00028
17.18	18.00	18.86	1.80	24.4	75.6	0.00023
18.86	19.76	20.70	1.93	26.2	73.8	0.00019
20.70	21.69	22.73	2.05	28.1	71.9	0.00015
22.73	23.81	24.95	2.17	30.1	69.9	0.00012
24.95	26.14	27.39	2.28	32.3	67.7	0.000095
27.39	28.70	30.07	2.36	34.6	65.4	0.000075
30.07	31.50	33.01	2.44	37.0	63.0	0.000058
33.01	34.58	36.24	2.51	39.4	60.6	0.000045
36.24	37.97	39.78	2.59	41.9	58.1	0.000035
39.78	41.68	43.67	2.70	44.5	55.5	0.000028
43.67	45.75	47.94	2.83	47.2	52.8	0.000022
47.94	50.22	52.62	2.97	50.0	50.0	0.000017
52.62	55.13	57.77	3.11	53.0	47.0	0.000014
57.77	60.52	63.41	3.21	56.1	43.9	0.000011
63.41	66.44	69.61	3.27	59.3	40.7	0.000008
69.61	72.94	76.42	3.29	62.6	37.4	0.000006
76.42	80.07	83.89	3.28	65.9	34.1	0.000005
83.89	87.90	92.09	3.25	69.1	30.9	0.000004
92.09	96.49	101.1	3.20	72.4	27.6	0.000003
101.1	105.9	111.0	3.12	75.6	24.4	0.000002
111.0	116.3	121.8	3.00	78.7	21.3	0.000001
121.8	127.6	133.7	2.84	81.7	18.3	0.000001
133.7	140.1	146.8	2.64	84.5	15.5	0.000001
146.8	153.8	161.2	2.42	87.2	12.8	4.95E-7
161.2	168.9	176.9	2.17	89.6	10.4	3.36E-7
176.9	185.4	194.2	1.92	91.8	8.22	2.24E-7
194.2	203.5	213.2	1.65	93.7	6.30	1.46E-7
213.2	223.4	234.1	1.37	95.4	4.65	9.12E-8
234.1	245.2	256.9	1.06	96.7	3.28	5.35E-8
256.9	269.2	282.1	0.74	97.8	2.22	2.84E-8
282.1	295.5	309.6	0.45	98.5	1.48	1.28E-8
309.6	324.4	339.9	0.21	99.0	1.03	4.55E-9
339.9	356.1	373.1	0.085	99.2	0.82	1.4E-9
373.1	390.9	409.6	0.050	99.3	0.74	6.18E-10
409.6	429.2	449.7	0.076	99.3	0.69	7.18E-10
449.7	471.1	493.6	0.14	99.4	0.61	1E-9
493.6	517.2	541.9	0.20	99.5	0.47	1.06E-9
541.9	567.7	594.9	0.17	99.7	0.28	6.81E-10
594.9	623.3	653.0	0.086	99.9	0.11	2.66E-10
653.0	684.2	716.8	0.020	99.98	0.022	4.65E-11
716.8	751.1	786.9	0.0019	99.998	0.0019	3.29E-12
786.9	824.5	863.9	0	100	0	0
863.9	905.1	948.3	0	100	0	0
948.3	993.6	1041	0	100	0	0
1041	1091	1143	0	100	0	0
1143	1197	1255	0	100	0	0
1255	1314	1377	0	100	0	0
1377	1443	1512	0	100	0	0
1512	1584	1660	0	100	0	0
1660	1739	1822	0	100	0	0
1822	1909	2000	0	100	0	0
2000				100	0	

