LS	2022-11-18  13:50
File name:	IODP_STV0325-32_02.$ls
File ID:	IODP
Sample ID:	STV0325-326
Operator:	RG
Bar code:	
Comment 1:	
Comment 2:	
Instrument:	LS 230, VSM Plus
Run number:	2
Start time:	2022-11-18  13:49
Run length:	62
Optical model:	Fraunhofer.rfd   PIDS included
Obscuration:	10
PIDS Obscur:	45
Obscuration:	OK
Serial Number:	7205

From	0.0400
To	2000
Volume 	100
Mean:	122.6
Median:	101.7
D(0,0):	0.109
Mean/Median ratio:	1.206
Mode:	168.9
S.D.:	119.7
Variance:	14321
C.V.:	97.62
Skewness:	2.908
Kurtosis:	15.50
d10:	10.84
d50:	101.7
d90:	244.4
Specific Surf. Area:	4455

% <	Size 
10	10.8
25	35.8
50	102
75	175
90	244

% >	Size 
10	244
25	175
50	102
75	35.8
90	10.8

Size 	% <
1	1.31
10	9.39
100	49.4
1000	99.8

Size 	% >
1	98.7
10	90.6
100	50.6
1000	0.18

Particle	IODP_STV032	Volume	Volume
Diameter	5-32_02.$ls	% >	%
um	Volume		
	% <		
0.4	0.45	99.6	0.13
0.488	0.58	99.4	0.29
0.69	0.87	99.1	0.41
0.98	1.28	98.7	0.53
1.38	1.81	98.2	0.69
1.95	2.50	97.5	0.88
2.76	3.38	96.6	1.12
3.91	4.50	95.5	1.41
5.52	5.91	94.1	1.84
7.81	7.75	92.3	2.40
11.05	10.2	89.8	3.18
15.63	13.3	86.7	4.19
22.1	17.5	82.5	5.24
31.3	22.8	77.2	6.01
44.2	28.8	71.2	7.32
62.5	36.1	63.9	9.28
88.4	45.4	54.6	12.9
125	58.3	41.7	17.4
177	75.7	24.3	15.1
250	90.8	9.24	6.31
354	97.1	2.93	1.43
500	98.5	1.50	0.77
707	99.3	0.73	0.55
1000	99.8	0.18	0.18
1414	100	0	0
2000	100	0	0
2828	100	0	0
4000	100	0	

Channel	Channel	Channel	Diff.	Cum. <	Cum. >	Diff.
Diameter	Diameter	Diameter	Volume	Volume	Volume	Number
(Lower)	(Center)	(Upper)	%	%	%	%
um	um	um				
0.040	0.042	0.044	0.00017	0	100	1.74
0.044	0.046	0.048	0.00023	0.00017	100	1.74
0.048	0.050	0.053	0.00036	0.00040	100	2.12
0.053	0.055	0.058	0.00073	0.00076	99.999	3.22
0.058	0.061	0.064	0.0015	0.0015	99.999	5.07
0.064	0.067	0.070	0.0028	0.0030	99.997	7.14
0.070	0.073	0.077	0.0044	0.0058	99.99	8.35
0.077	0.080	0.084	0.0059	0.010	99.99	8.51
0.084	0.088	0.093	0.0074	0.016	99.98	8.10
0.093	0.097	0.102	0.0092	0.024	99.98	7.53
0.102	0.106	0.112	0.011	0.033	99.97	6.84
0.112	0.117	0.122	0.013	0.044	99.96	6.05
0.122	0.128	0.134	0.015	0.057	99.9	5.24
0.134	0.141	0.148	0.017	0.071	99.9	4.50
0.148	0.155	0.162	0.019	0.088	99.9	3.83
0.162	0.170	0.178	0.021	0.11	99.9	3.24
0.178	0.186	0.195	0.024	0.13	99.9	2.73
0.195	0.205	0.214	0.026	0.15	99.8	2.31
0.214	0.225	0.235	0.029	0.18	99.8	1.95
0.235	0.247	0.258	0.033	0.21	99.8	1.65
0.258	0.271	0.284	0.037	0.24	99.8	1.39
0.284	0.297	0.311	0.041	0.28	99.7	1.17
0.311	0.326	0.342	0.045	0.32	99.7	0.98
0.342	0.358	0.375	0.050	0.36	99.6	0.81
0.375	0.393	0.412	0.054	0.41	99.6	0.67
0.412	0.431	0.452	0.060	0.47	99.5	0.56
0.452	0.474	0.496	0.065	0.53	99.5	0.46
0.496	0.520	0.545	0.071	0.59	99.4	0.38
0.545	0.571	0.598	0.078	0.66	99.3	0.31
0.598	0.627	0.656	0.085	0.74	99.3	0.26
0.656	0.688	0.721	0.092	0.83	99.2	0.21
0.721	0.755	0.791	0.10	0.92	99.1	0.17
0.791	0.829	0.868	0.11	1.02	99.0	0.14
0.868	0.910	0.953	0.12	1.13	98.9	0.12
0.953	0.999	1.047	0.13	1.24	98.8	0.096
1.047	1.097	1.149	0.14	1.37	98.6	0.078
1.149	1.204	1.261	0.15	1.51	98.5	0.064
1.261	1.321	1.385	0.16	1.66	98.3	0.052
1.385	1.451	1.520	0.17	1.81	98.2	0.042
1.520	1.592	1.668	0.18	1.99	98.0	0.034
1.668	1.748	1.832	0.19	2.17	97.8	0.027
1.832	1.919	2.011	0.21	2.36	97.6	0.022
2.011	2.107	2.207	0.22	2.57	97.4	0.018
2.207	2.313	2.423	0.24	2.79	97.2	0.014
2.423	2.539	2.660	0.25	3.03	97.0	0.012
2.660	2.787	2.920	0.27	3.28	96.7	0.0093
2.920	3.059	3.205	0.28	3.55	96.5	0.0075
3.205	3.358	3.519	0.30	3.83	96.2	0.0060
3.519	3.687	3.863	0.32	4.13	95.9	0.0048
3.863	4.047	4.240	0.34	4.46	95.5	0.0039
4.240	4.443	4.655	0.37	4.80	95.2	0.0032
4.655	4.877	5.110	0.39	5.17	94.8	0.0026
5.110	5.354	5.610	0.42	5.56	94.4	0.0021
5.610	5.878	6.158	0.45	5.99	94.0	0.0017
6.158	6.452	6.760	0.49	6.44	93.6	0.0014
6.760	7.083	7.421	0.52	6.93	93.1	0.0011
7.421	7.775	8.147	0.56	7.45	92.6	0.00089
8.147	8.536	8.943	0.60	8.01	92.0	0.00073
8.943	9.370	9.817	0.65	8.61	91.4	0.00059
9.817	10.29	10.78	0.70	9.26	90.7	0.00048
10.78	11.29	11.83	0.75	9.96	90.0	0.00039
11.83	12.40	12.99	0.81	10.7	89.3	0.00032
12.99	13.61	14.26	0.88	11.5	88.5	0.00026
14.26	14.94	15.65	0.95	12.4	87.6	0.00021
15.65	16.40	17.18	1.02	13.3	86.7	0.00017
17.18	18.00	18.86	1.10	14.4	85.6	0.00014
18.86	19.76	20.70	1.18	15.5	84.5	0.00012
20.70	21.69	22.73	1.26	16.7	83.3	0.000093
22.73	23.81	24.95	1.34	17.9	82.1	0.000074
24.95	26.14	27.39	1.41	19.3	80.7	0.000059
27.39	28.70	30.07	1.47	20.7	79.3	0.000047
30.07	31.50	33.01	1.52	22.1	77.9	0.000036
33.01	34.58	36.24	1.57	23.6	76.4	0.000029
36.24	37.97	39.78	1.63	25.2	74.8	0.000022
39.78	41.68	43.67	1.70	26.8	73.2	0.000018
43.67	45.75	47.94	1.80	28.6	71.4	0.000014
47.94	50.22	52.62	1.91	30.3	69.7	0.000011
52.62	55.13	57.77	2.03	32.3	67.7	0.000009
57.77	60.52	63.41	2.16	34.3	65.7	0.000007
63.41	66.44	69.61	2.29	36.4	63.6	0.000006
69.61	72.94	76.42	2.44	38.7	61.3	0.000005
76.42	80.07	83.89	2.62	41.2	58.8	0.000004
83.89	87.90	92.09	2.85	43.8	56.2	0.000003
92.09	96.49	101.1	3.14	46.7	53.3	0.000003
101.1	105.9	111.0	3.48	49.8	50.2	0.000002
111.0	116.3	121.8	3.86	53.3	46.7	0.000002
121.8	127.6	133.7	4.24	57.1	42.9	0.000002
133.7	140.1	146.8	4.58	61.4	38.6	0.000001
146.8	153.8	161.2	4.82	65.9	34.1	0.000001
161.2	168.9	176.9	4.89	70.8	29.2	0.000001
176.9	185.4	194.2	4.75	75.7	24.3	0.000001
194.2	203.5	213.2	4.38	80.4	19.6	3.9E-7
213.2	223.4	234.1	3.81	84.8	15.2	2.56E-7
234.1	245.2	256.9	3.10	88.6	11.4	1.58E-7
256.9	269.2	282.1	2.35	91.7	8.30	9.05E-8
282.1	295.5	309.6	1.65	94.0	5.95	4.81E-8
309.6	324.4	339.9	1.08	95.7	4.30	2.38E-8
339.9	356.1	373.1	0.68	96.8	3.22	1.12E-8
373.1	390.9	409.6	0.43	97.5	2.54	5.43E-9
409.6	429.2	449.7	0.31	97.9	2.11	2.95E-9
449.7	471.1	493.6	0.26	98.2	1.80	1.89E-9
493.6	517.2	541.9	0.25	98.5	1.53	1.34E-9
541.9	567.7	594.9	0.23	98.7	1.29	9.34E-10
594.9	623.3	653.0	0.20	98.9	1.06	6.06E-10
653.0	684.2	716.8	0.16	99.1	0.87	3.79E-10
716.8	751.1	786.9	0.14	99.3	0.70	2.49E-10
786.9	824.5	863.9	0.14	99.4	0.56	1.9E-10
863.9	905.1	948.3	0.16	99.6	0.42	1.62E-10
948.3	993.6	1041	0.15	99.7	0.26	1.11E-10
1041	1091	1143	0.090	99.9	0.12	5.19E-11
1143	1197	1255	0.024	99.97	0.026	1.03E-11
1255	1314	1377	0.0026	99.997	0.0026	8.69E-13
1377	1443	1512	0	100	0	0
1512	1584	1660	0	100	0	0
1660	1739	1822	0	100	0	0
1822	1909	2000	0	100	0	0
2000				100	0	

