LS	2022-11-18  15:48
File name:	IODP_STV0017_01.$ls
File ID:	IODP
Sample ID:	STV0017
Operator:	RG
Bar code:	
Comment 1:	
Comment 2:	
Instrument:	LS 230, VSM Plus
Run number:	1
Start time:	2022-11-18  15:47
Run length:	62
Optical model:	Fraunhofer.rfd   PIDS included
Obscuration:	5
PIDS Obscur:	25
Obscuration:	Low
Serial Number:	7205

From	0.0400
To	2000
Volume 	100
Mean:	66.08
Median:	42.43
D(0,0):	0.0986
Mean/Median ratio:	1.557
Mode:	50.22
S.D.:	73.20
Variance:	5358
C.V.:	110.8
Skewness:	2.645
Kurtosis:	10.20
d10:	8.533
d50:	42.43
d90:	159.5
Specific Surf. Area:	7140

% <	Size 
10	8.53
25	20.9
50	42.4
75	81.3
90	159

% >	Size 
10	159
25	81.3
50	42.4
75	20.9
90	8.53

Size 	% <
1	2.06
10	11.6
100	80.7
1000	100

Size 	% >
1	97.9
10	88.4
100	19.3
1000	0

Particle	IODP_STV001	Volume	Volume
Diameter	7_01.$ls	% >	%
um	Volume		
	% <		
0.4	0.94	99.1	0.20
0.488	1.15	98.9	0.40
0.69	1.55	98.5	0.48
0.98	2.03	98.0	0.56
1.38	2.59	97.4	0.67
1.95	3.26	96.7	0.84
2.76	4.10	95.9	1.12
3.91	5.23	94.8	1.60
5.52	6.82	93.2	2.39
7.81	9.22	90.8	3.59
11.05	12.8	87.2	5.47
15.63	18.3	81.7	8.25
22.1	26.5	73.5	11.5
31.3	38.1	61.9	13.6
44.2	51.7	48.3	14.1
62.5	65.8	34.2	11.7
88.4	77.5	22.5	8.08
125	85.6	14.4	6.23
177	91.8	8.21	5.03
250	96.8	3.18	2.31
354	99.1	0.87	0.56
500	99.7	0.30	0.30
707	99.997	0.0033	0.0033
1000	100	0	0
1414	100	0	0
2000	100	0	0
2828	100	0	0
4000	100	0	

Channel	Channel	Channel	Diff.	Cum. <	Cum. >	Diff.
Diameter	Diameter	Diameter	Volume	Volume	Volume	Number
(Lower)	(Center)	(Upper)	%	%	%	%
um	um	um				
0.040	0.042	0.044	0.00053	0	100	2.00
0.044	0.046	0.048	0.00072	0.00053	99.999	2.03
0.048	0.050	0.053	0.0012	0.0012	99.999	2.51
0.053	0.055	0.058	0.0024	0.0024	99.998	3.91
0.058	0.061	0.064	0.0050	0.0048	99.995	6.17
0.064	0.067	0.070	0.0091	0.0099	99.99	8.48
0.070	0.073	0.077	0.013	0.019	99.98	9.44
0.077	0.080	0.084	0.017	0.032	99.97	9.27
0.084	0.088	0.093	0.021	0.050	99.95	8.58
0.093	0.097	0.102	0.026	0.071	99.9	7.78
0.102	0.106	0.112	0.030	0.097	99.9	6.86
0.112	0.117	0.122	0.034	0.13	99.9	5.88
0.122	0.128	0.134	0.038	0.16	99.8	4.98
0.134	0.141	0.148	0.042	0.20	99.8	4.15
0.148	0.155	0.162	0.046	0.24	99.8	3.42
0.162	0.170	0.178	0.049	0.29	99.7	2.79
0.178	0.186	0.195	0.053	0.34	99.7	2.28
0.195	0.205	0.214	0.058	0.39	99.6	1.86
0.214	0.225	0.235	0.062	0.45	99.6	1.51
0.235	0.247	0.258	0.066	0.51	99.5	1.22
0.258	0.271	0.284	0.071	0.58	99.4	0.98
0.284	0.297	0.311	0.075	0.65	99.4	0.79
0.311	0.326	0.342	0.080	0.72	99.3	0.63
0.342	0.358	0.375	0.084	0.80	99.2	0.51
0.375	0.393	0.412	0.088	0.88	99.1	0.40
0.412	0.431	0.452	0.093	0.97	99.0	0.32
0.452	0.474	0.496	0.098	1.07	98.9	0.25
0.496	0.520	0.545	0.10	1.16	98.8	0.20
0.545	0.571	0.598	0.11	1.27	98.7	0.16
0.598	0.627	0.656	0.11	1.37	98.6	0.13
0.656	0.688	0.721	0.12	1.49	98.5	0.10
0.721	0.755	0.791	0.12	1.61	98.4	0.079
0.791	0.829	0.868	0.13	1.73	98.3	0.063
0.868	0.910	0.953	0.14	1.86	98.1	0.050
0.953	0.999	1.047	0.14	1.99	98.0	0.039
1.047	1.097	1.149	0.15	2.13	97.9	0.031
1.149	1.204	1.261	0.15	2.28	97.7	0.024
1.261	1.321	1.385	0.16	2.44	97.6	0.019
1.385	1.451	1.520	0.17	2.60	97.4	0.015
1.520	1.592	1.668	0.18	2.77	97.2	0.012
1.668	1.748	1.832	0.19	2.95	97.1	0.0097
1.832	1.919	2.011	0.20	3.13	96.9	0.0077
2.011	2.107	2.207	0.21	3.33	96.7	0.0062
2.207	2.313	2.423	0.22	3.54	96.5	0.0050
2.423	2.539	2.660	0.24	3.77	96.2	0.0040
2.660	2.787	2.920	0.26	4.00	96.0	0.0033
2.920	3.059	3.205	0.28	4.26	95.7	0.0027
3.205	3.358	3.519	0.30	4.54	95.5	0.0022
3.519	3.687	3.863	0.33	4.85	95.2	0.0018
3.863	4.047	4.240	0.37	5.18	94.8	0.0015
4.240	4.443	4.655	0.41	5.55	94.4	0.0013
4.655	4.877	5.110	0.45	5.96	94.0	0.0011
5.110	5.354	5.610	0.50	6.41	93.6	0.00091
5.610	5.878	6.158	0.56	6.91	93.1	0.00076
6.158	6.452	6.760	0.63	7.48	92.5	0.00064
6.760	7.083	7.421	0.70	8.10	91.9	0.00054
7.421	7.775	8.147	0.78	8.80	91.2	0.00046
8.147	8.536	8.943	0.87	9.58	90.4	0.00039
8.943	9.370	9.817	0.97	10.4	89.6	0.00033
9.817	10.29	10.78	1.08	11.4	88.6	0.00028
10.78	11.29	11.83	1.21	12.5	87.5	0.00023
11.83	12.40	12.99	1.36	13.7	86.3	0.00020
12.99	13.61	14.26	1.52	15.1	84.9	0.00017
14.26	14.94	15.65	1.71	16.6	83.4	0.00014
15.65	16.40	17.18	1.91	18.3	81.7	0.00012
17.18	18.00	18.86	2.14	20.2	79.8	0.00010
18.86	19.76	20.70	2.37	22.4	77.6	0.000085
20.70	21.69	22.73	2.62	24.7	75.3	0.000071
22.73	23.81	24.95	2.87	27.3	72.7	0.000059
24.95	26.14	27.39	3.10	30.2	69.8	0.000048
27.39	28.70	30.07	3.31	33.3	66.7	0.000039
30.07	31.50	33.01	3.48	36.6	63.4	0.000031
33.01	34.58	36.24	3.61	40.1	59.9	0.000024
36.24	37.97	39.78	3.71	43.7	56.3	0.000019
39.78	41.68	43.67	3.79	47.4	52.6	0.000014
43.67	45.75	47.94	3.84	51.2	48.8	0.000011
47.94	50.22	52.62	3.85	55.0	45.0	0.000008
52.62	55.13	57.77	3.80	58.9	41.1	0.000006
57.77	60.52	63.41	3.68	62.7	37.3	0.000005
63.41	66.44	69.61	3.49	66.4	33.6	0.000003
69.61	72.94	76.42	3.23	69.9	30.1	0.000002
76.42	80.07	83.89	2.94	73.1	26.9	0.000002
83.89	87.90	92.09	2.64	76.0	24.0	0.000001
92.09	96.49	101.1	2.37	78.7	21.3	0.000001
101.1	105.9	111.0	2.12	81.0	19.0	4.94E-7
111.0	116.3	121.8	1.93	83.2	16.8	3.39E-7
121.8	127.6	133.7	1.78	85.1	14.9	2.37E-7
133.7	140.1	146.8	1.69	86.9	13.1	1.7E-7
146.8	153.8	161.2	1.63	88.6	11.4	1.24E-7
161.2	168.9	176.9	1.59	90.2	9.80	9.14E-8
176.9	185.4	194.2	1.54	91.8	8.21	6.67E-8
194.2	203.5	213.2	1.44	93.3	6.68	4.73E-8
213.2	223.4	234.1	1.29	94.8	5.23	3.21E-8
234.1	245.2	256.9	1.09	96.1	3.94	2.05E-8
256.9	269.2	282.1	0.86	97.2	2.85	1.22E-8
282.1	295.5	309.6	0.62	98.0	1.99	6.62E-9
309.6	324.4	339.9	0.40	98.6	1.37	3.24E-9
339.9	356.1	373.1	0.24	99.0	0.97	1.48E-9
373.1	390.9	409.6	0.15	99.3	0.73	7.13E-10
409.6	429.2	449.7	0.12	99.4	0.57	4.33E-10
449.7	471.1	493.6	0.13	99.6	0.45	3.39E-10
493.6	517.2	541.9	0.14	99.7	0.32	2.75E-10
541.9	567.7	594.9	0.11	99.8	0.18	1.68E-10
594.9	623.3	653.0	0.057	99.9	0.072	6.55E-11
653.0	684.2	716.8	0.013	99.99	0.015	1.15E-11
716.8	751.1	786.9	0.0012	99.999	0.0012	8.14E-13
786.9	824.5	863.9	0	100	0	0
863.9	905.1	948.3	0	100	0	0
948.3	993.6	1041	0	100	0	0
1041	1091	1143	0	100	0	0
1143	1197	1255	0	100	0	0
1255	1314	1377	0	100	0	0
1377	1443	1512	0	100	0	0
1512	1584	1660	0	100	0	0
1660	1739	1822	0	100	0	0
1822	1909	2000	0	100	0	0
2000				100	0	

