LS	2022-11-18  13:33
File name:	IODP_STV0319-32_04.$ls
File ID:	IODP
Sample ID:	STV0319-321
Operator:	RG
Bar code:	
Comment 1:	
Comment 2:	
Instrument:	LS 230, VSM Plus
Run number:	4
Start time:	2022-11-18  13:32
Run length:	62
Optical model:	Fraunhofer.rfd   PIDS included
Obscuration:	9
PIDS Obscur:	42
Obscuration:	OK
Serial Number:	7205

From	0.0400
To	2000
Volume 	100
Mean:	79.64
Median:	48.61
D(0,0):	0.112
Mean/Median ratio:	1.638
Mode:	140.1
S.D.:	84.99
Variance:	7223
C.V.:	106.7
Skewness:	1.861
Kurtosis:	4.854
d10:	5.685
d50:	48.61
d90:	196.6
Specific Surf. Area:	6601

% <	Size 
10	5.68
25	17.8
50	48.6
75	118
90	197

% >	Size 
10	197
25	118
50	48.6
75	17.8
90	5.68

Size 	% <
1	1.92
10	15.8
100	70.1
1000	100

Size 	% >
1	98.1
10	84.2
100	29.9
1000	0

Particle	IODP_STV031	Volume	Volume
Diameter	9-32_04.$ls	% >	%
um	Volume		
	% <		
0.4	0.62	99.4	0.19
0.488	0.81	99.2	0.44
0.69	1.25	98.7	0.63
0.98	1.88	98.1	0.85
1.38	2.73	97.3	1.14
1.95	3.87	96.1	1.50
2.76	5.36	94.6	1.93
3.91	7.30	92.7	2.46
5.52	9.76	90.2	3.20
7.81	13.0	87.0	4.15
11.05	17.1	82.9	5.45
15.63	22.6	77.4	7.12
22.1	29.7	70.3	8.64
31.3	38.3	61.7	9.11
44.2	47.4	52.6	9.56
62.5	57.0	43.0	9.66
88.4	66.6	33.4	9.95
125	76.6	23.4	10.5
177	87.1	12.9	8.21
250	95.3	4.70	3.47
354	98.8	1.23	0.90
500	99.7	0.32	0.32
707	99.997	0.0027	0.0027
1000	100	0	0
1414	100	0	0
2000	100	0	0
2828	100	0	0
4000	100	0	

Channel	Channel	Channel	Diff.	Cum. <	Cum. >	Diff.
Diameter	Diameter	Diameter	Volume	Volume	Volume	Number
(Lower)	(Center)	(Upper)	%	%	%	%
um	um	um				
0.040	0.042	0.044	0.00020	0	100	1.62
0.044	0.046	0.048	0.00027	0.00020	100	1.64
0.048	0.050	0.053	0.00045	0.00048	100	2.04
0.053	0.055	0.058	0.00090	0.00092	99.999	3.11
0.058	0.061	0.064	0.0019	0.0018	99.998	4.88
0.064	0.067	0.070	0.0035	0.0037	99.996	6.85
0.070	0.073	0.077	0.0054	0.0072	99.99	8.01
0.077	0.080	0.084	0.0073	0.013	99.99	8.21
0.084	0.088	0.093	0.0093	0.020	99.98	7.87
0.093	0.097	0.102	0.011	0.029	99.97	7.38
0.102	0.106	0.112	0.014	0.041	99.96	6.77
0.112	0.117	0.122	0.016	0.054	99.9	6.03
0.122	0.128	0.134	0.019	0.071	99.9	5.27
0.134	0.141	0.148	0.022	0.090	99.9	4.56
0.148	0.155	0.162	0.025	0.11	99.9	3.93
0.162	0.170	0.178	0.028	0.14	99.9	3.36
0.178	0.186	0.195	0.032	0.16	99.8	2.86
0.195	0.205	0.214	0.036	0.20	99.8	2.44
0.214	0.225	0.235	0.040	0.23	99.8	2.09
0.235	0.247	0.258	0.046	0.27	99.7	1.78
0.258	0.271	0.284	0.051	0.32	99.7	1.52
0.284	0.297	0.311	0.058	0.37	99.6	1.29
0.311	0.326	0.342	0.064	0.43	99.6	1.09
0.342	0.358	0.375	0.071	0.49	99.5	0.91
0.375	0.393	0.412	0.079	0.56	99.4	0.76
0.412	0.431	0.452	0.087	0.64	99.4	0.64
0.452	0.474	0.496	0.097	0.73	99.3	0.53
0.496	0.520	0.545	0.11	0.83	99.2	0.44
0.545	0.571	0.598	0.12	0.93	99.1	0.37
0.598	0.627	0.656	0.13	1.05	99.0	0.31
0.656	0.688	0.721	0.14	1.18	98.8	0.25
0.721	0.755	0.791	0.15	1.32	98.7	0.21
0.791	0.829	0.868	0.17	1.47	98.5	0.17
0.868	0.910	0.953	0.18	1.64	98.4	0.14
0.953	0.999	1.047	0.20	1.82	98.2	0.12
1.047	1.097	1.149	0.22	2.02	98.0	0.097
1.149	1.204	1.261	0.24	2.24	97.8	0.080
1.261	1.321	1.385	0.26	2.48	97.5	0.065
1.385	1.451	1.520	0.28	2.74	97.3	0.053
1.520	1.592	1.668	0.30	3.01	97.0	0.044
1.668	1.748	1.832	0.32	3.31	96.7	0.036
1.832	1.919	2.011	0.35	3.64	96.4	0.029
2.011	2.107	2.207	0.37	3.99	96.0	0.023
2.207	2.313	2.423	0.40	4.36	95.6	0.019
2.423	2.539	2.660	0.43	4.76	95.2	0.015
2.660	2.787	2.920	0.46	5.19	94.8	0.012
2.920	3.059	3.205	0.49	5.65	94.4	0.010
3.205	3.358	3.519	0.52	6.14	93.9	0.0081
3.519	3.687	3.863	0.56	6.66	93.3	0.0066
3.863	4.047	4.240	0.60	7.22	92.8	0.0053
4.240	4.443	4.655	0.64	7.82	92.2	0.0043
4.655	4.877	5.110	0.69	8.47	91.5	0.0035
5.110	5.354	5.610	0.74	9.15	90.8	0.0028
5.610	5.878	6.158	0.79	9.89	90.1	0.0023
6.158	6.452	6.760	0.85	10.7	89.3	0.0018
6.760	7.083	7.421	0.91	11.5	88.5	0.0015
7.421	7.775	8.147	0.97	12.4	87.6	0.0012
8.147	8.536	8.943	1.04	13.4	86.6	0.00098
8.943	9.370	9.817	1.12	14.4	85.6	0.00080
9.817	10.29	10.78	1.20	15.6	84.4	0.00065
10.78	11.29	11.83	1.29	16.8	83.2	0.00053
11.83	12.40	12.99	1.39	18.1	81.9	0.00043
12.99	13.61	14.26	1.50	19.5	80.5	0.00035
14.26	14.94	15.65	1.62	21.0	79.0	0.00029
15.65	16.40	17.18	1.75	22.6	77.4	0.00023
17.18	18.00	18.86	1.88	24.3	75.7	0.00019
18.86	19.76	20.70	2.00	26.2	73.8	0.00015
20.70	21.69	22.73	2.13	28.2	71.8	0.00012
22.73	23.81	24.95	2.24	30.3	69.7	0.000097
24.95	26.14	27.39	2.33	32.6	67.4	0.000077
27.39	28.70	30.07	2.39	34.9	65.1	0.000059
30.07	31.50	33.01	2.43	37.3	62.7	0.000046
33.01	34.58	36.24	2.45	39.7	60.3	0.000035
36.24	37.97	39.78	2.46	42.2	57.8	0.000026
39.78	41.68	43.67	2.48	44.6	55.4	0.000020
43.67	45.75	47.94	2.52	47.1	52.9	0.000015
47.94	50.22	52.62	2.56	49.6	50.4	0.000012
52.62	55.13	57.77	2.60	52.2	47.8	0.000009
57.77	60.52	63.41	2.62	54.8	45.2	0.000007
63.41	66.44	69.61	2.62	57.4	42.6	0.000005
69.61	72.94	76.42	2.60	60.0	40.0	0.000004
76.42	80.07	83.89	2.59	62.6	37.4	0.000003
83.89	87.90	92.09	2.59	65.2	34.8	0.000002
92.09	96.49	101.1	2.62	67.8	32.2	0.000002
101.1	105.9	111.0	2.68	70.4	29.6	0.000001
111.0	116.3	121.8	2.74	73.1	26.9	0.000001
121.8	127.6	133.7	2.80	75.9	24.1	0.000001
133.7	140.1	146.8	2.84	78.7	21.3	0.000001
146.8	153.8	161.2	2.83	81.5	18.5	4.57E-7
161.2	168.9	176.9	2.76	84.3	15.7	3.37E-7
176.9	185.4	194.2	2.61	87.1	12.9	2.41E-7
194.2	203.5	213.2	2.37	89.7	10.3	1.65E-7
213.2	223.4	234.1	2.06	92.1	7.93	1.08E-7
234.1	245.2	256.9	1.68	94.1	5.87	6.7E-8
256.9	269.2	282.1	1.29	95.8	4.19	3.87E-8
282.1	295.5	309.6	0.91	97.1	2.90	2.07E-8
309.6	324.4	339.9	0.60	98.0	1.99	1.03E-8
339.9	356.1	373.1	0.39	98.6	1.39	5.02E-9
373.1	390.9	409.6	0.26	99.0	1.00	2.59E-9
409.6	429.2	449.7	0.21	99.3	0.74	1.55E-9
449.7	471.1	493.6	0.19	99.5	0.53	1.05E-9
493.6	517.2	541.9	0.17	99.7	0.34	7.02E-10
541.9	567.7	594.9	0.11	99.8	0.18	3.65E-10
594.9	623.3	653.0	0.052	99.9	0.064	1.26E-10
653.0	684.2	716.8	0.011	99.99	0.012	2.04E-11
716.8	751.1	786.9	0.00095	99.999	0.00095	1.32E-12
786.9	824.5	863.9	0	100	0	0
863.9	905.1	948.3	0	100	0	0
948.3	993.6	1041	0	100	0	0
1041	1091	1143	0	100	0	0
1143	1197	1255	0	100	0	0
1255	1314	1377	0	100	0	0
1377	1443	1512	0	100	0	0
1512	1584	1660	0	100	0	0
1660	1739	1822	0	100	0	0
1822	1909	2000	0	100	0	0
2000				100	0	

