LS	2022-11-18  16:38
File name:	IODP_STV0171-17_01.$ls
File ID:	IODP
Sample ID:	STV0171-172
Operator:	RG
Bar code:	
Comment 1:	
Comment 2:	
Instrument:	LS 230, VSM Plus
Run number:	1
Start time:	2022-11-18  16:37
Run length:	63
Optical model:	Fraunhofer.rfd   PIDS included
Obscuration:	8
PIDS Obscur:	37
Obscuration:	OK
Serial Number:	7205

From	0.0400
To	2000
Volume 	100
Mean:	74.49
Median:	57.57
D(0,0):	0.0998
Mean/Median ratio:	1.294
Mode:	72.94
S.D.:	80.25
Variance:	6440
C.V.:	107.7
Skewness:	4.206
Kurtosis:	26.31
d10:	11.40
d50:	57.57
d90:	141.4
Specific Surf. Area:	5402

% <	Size 
10	11.4
25	29.6
50	57.6
75	95.0
90	141

% >	Size 
10	141
25	95.0
50	57.6
75	29.6
90	11.4

Size 	% <
1	1.50
10	8.95
100	77.4
1000	99.999

Size 	% >
1	98.5
10	91.0
100	22.6
1000	0.00081

Particle	IODP_STV017	Volume	Volume
Diameter	1-17_01.$ls	% >	%
um	Volume		
	% <		
0.4	0.66	99.3	0.15
0.488	0.81	99.2	0.30
0.69	1.10	98.9	0.37
0.98	1.47	98.5	0.45
1.38	1.92	98.1	0.57
1.95	2.49	97.5	0.75
2.76	3.24	96.8	0.99
3.91	4.23	95.8	1.31
5.52	5.53	94.5	1.77
7.81	7.30	92.7	2.43
11.05	9.74	90.3	3.48
15.63	13.2	86.8	5.25
22.1	18.5	81.5	8.07
31.3	26.5	73.5	11.7
44.2	38.2	61.8	15.8
62.5	54.1	45.9	17.5
88.4	71.6	28.4	14.6
125	86.2	13.8	8.68
177	94.9	5.14	2.78
250	97.6	2.36	0.73
354	98.4	1.63	0.73
500	99.1	0.90	0.69
707	99.8	0.21	0.21
1000	99.999	0.00081	0.00081
1414	100	0	0
2000	100	0	0
2828	100	0	0
4000	100	0	

Channel	Channel	Channel	Diff.	Cum. <	Cum. >	Diff.
Diameter	Diameter	Diameter	Volume	Volume	Volume	Number
(Lower)	(Center)	(Upper)	%	%	%	%
um	um	um				
0.040	0.042	0.044	0.00037	0	100	2.02
0.044	0.046	0.048	0.00048	0.00037	100	2.01
0.048	0.050	0.053	0.00077	0.00085	99.999	2.43
0.053	0.055	0.058	0.0016	0.0016	99.998	3.73
0.058	0.061	0.064	0.0033	0.0032	99.997	5.89
0.064	0.067	0.070	0.0060	0.0064	99.99	8.21
0.070	0.073	0.077	0.0091	0.012	99.99	9.33
0.077	0.080	0.084	0.012	0.022	99.98	9.25
0.084	0.088	0.093	0.015	0.033	99.97	8.61
0.093	0.097	0.102	0.018	0.048	99.95	7.82
0.102	0.106	0.112	0.021	0.066	99.9	6.92
0.112	0.117	0.122	0.023	0.086	99.9	5.95
0.122	0.128	0.134	0.026	0.11	99.9	5.05
0.134	0.141	0.148	0.029	0.14	99.9	4.23
0.148	0.155	0.162	0.032	0.16	99.8	3.49
0.162	0.170	0.178	0.034	0.20	99.8	2.86
0.178	0.186	0.195	0.037	0.23	99.8	2.34
0.195	0.205	0.214	0.040	0.27	99.7	1.91
0.214	0.225	0.235	0.043	0.31	99.7	1.55
0.235	0.247	0.258	0.046	0.35	99.6	1.26
0.258	0.271	0.284	0.050	0.40	99.6	1.02
0.284	0.297	0.311	0.053	0.45	99.6	0.83
0.311	0.326	0.342	0.057	0.50	99.5	0.66
0.342	0.358	0.375	0.060	0.56	99.4	0.53
0.375	0.393	0.412	0.063	0.62	99.4	0.42
0.412	0.431	0.452	0.067	0.68	99.3	0.34
0.452	0.474	0.496	0.071	0.75	99.3	0.27
0.496	0.520	0.545	0.075	0.82	99.2	0.22
0.545	0.571	0.598	0.079	0.89	99.1	0.17
0.598	0.627	0.656	0.083	0.97	99.0	0.14
0.656	0.688	0.721	0.088	1.06	98.9	0.11
0.721	0.755	0.791	0.093	1.15	98.9	0.088
0.791	0.829	0.868	0.098	1.24	98.8	0.070
0.868	0.910	0.953	0.10	1.34	98.7	0.056
0.953	0.999	1.047	0.11	1.44	98.6	0.045
1.047	1.097	1.149	0.12	1.55	98.4	0.036
1.149	1.204	1.261	0.12	1.67	98.3	0.029
1.261	1.321	1.385	0.13	1.79	98.2	0.023
1.385	1.451	1.520	0.14	1.93	98.1	0.019
1.520	1.592	1.668	0.15	2.07	97.9	0.015
1.668	1.748	1.832	0.16	2.22	97.8	0.012
1.832	1.919	2.011	0.17	2.38	97.6	0.0099
2.011	2.107	2.207	0.19	2.55	97.4	0.0081
2.207	2.313	2.423	0.20	2.74	97.3	0.0065
2.423	2.539	2.660	0.21	2.94	97.1	0.0053
2.660	2.787	2.920	0.23	3.15	96.8	0.0043
2.920	3.059	3.205	0.25	3.38	96.6	0.0035
3.205	3.358	3.519	0.27	3.63	96.4	0.0029
3.519	3.687	3.863	0.29	3.90	96.1	0.0023
3.863	4.047	4.240	0.31	4.19	95.8	0.0019
4.240	4.443	4.655	0.34	4.50	95.5	0.0016
4.655	4.877	5.110	0.37	4.84	95.2	0.0013
5.110	5.354	5.610	0.40	5.20	94.8	0.0011
5.610	5.878	6.158	0.43	5.60	94.4	0.00086
6.158	6.452	6.760	0.47	6.03	94.0	0.00071
6.760	7.083	7.421	0.51	6.50	93.5	0.00058
7.421	7.775	8.147	0.55	7.01	93.0	0.00048
8.147	8.536	8.943	0.60	7.56	92.4	0.00039
8.943	9.370	9.817	0.66	8.16	91.8	0.00032
9.817	10.29	10.78	0.72	8.82	91.2	0.00027
10.78	11.29	11.83	0.79	9.53	90.5	0.00022
11.83	12.40	12.99	0.87	10.3	89.7	0.00019
12.99	13.61	14.26	0.96	11.2	88.8	0.00016
14.26	14.94	15.65	1.07	12.2	87.8	0.00013
15.65	16.40	17.18	1.20	13.2	86.8	0.00011
17.18	18.00	18.86	1.35	14.4	85.6	0.000094
18.86	19.76	20.70	1.51	15.8	84.2	0.000080
20.70	21.69	22.73	1.70	17.3	82.7	0.000068
22.73	23.81	24.95	1.91	19.0	81.0	0.000058
24.95	26.14	27.39	2.14	20.9	79.1	0.000049
27.39	28.70	30.07	2.38	23.0	77.0	0.000041
30.07	31.50	33.01	2.64	25.4	74.6	0.000034
33.01	34.58	36.24	2.92	28.1	71.9	0.000029
36.24	37.97	39.78	3.22	31.0	69.0	0.000024
39.78	41.68	43.67	3.53	34.2	65.8	0.000020
43.67	45.75	47.94	3.85	37.7	62.3	0.000016
47.94	50.22	52.62	4.15	41.6	58.4	0.000013
52.62	55.13	57.77	4.43	45.7	54.3	0.000011
57.77	60.52	63.41	4.64	50.2	49.8	0.000008
63.41	66.44	69.61	4.76	54.8	45.2	0.000007
69.61	72.94	76.42	4.79	59.6	40.4	0.000005
76.42	80.07	83.89	4.71	64.4	35.6	0.000004
83.89	87.90	92.09	4.54	69.1	30.9	0.000003
92.09	96.49	101.1	4.27	73.6	26.4	0.000002
101.1	105.9	111.0	3.94	77.9	22.1	0.000001
111.0	116.3	121.8	3.54	81.8	18.2	0.000001
121.8	127.6	133.7	3.10	85.4	14.6	0.000001
133.7	140.1	146.8	2.62	88.5	11.5	3.87E-7
146.8	153.8	161.2	2.13	91.1	8.92	2.38E-7
161.2	168.9	176.9	1.65	93.2	6.79	1.39E-7
176.9	185.4	194.2	1.20	94.9	5.14	7.64E-8
194.2	203.5	213.2	0.82	96.1	3.94	3.94E-8
213.2	223.4	234.1	0.53	96.9	3.13	1.93E-8
234.1	245.2	256.9	0.34	97.4	2.60	9.31E-9
256.9	269.2	282.1	0.23	97.7	2.26	4.74E-9
282.1	295.5	309.6	0.17	98.0	2.03	2.75E-9
309.6	324.4	339.9	0.16	98.1	1.86	1.87E-9
339.9	356.1	373.1	0.16	98.3	1.70	1.45E-9
373.1	390.9	409.6	0.18	98.5	1.54	1.22E-9
409.6	429.2	449.7	0.20	98.6	1.36	1.04E-9
449.7	471.1	493.6	0.22	98.8	1.16	8.69E-10
493.6	517.2	541.9	0.22	99.1	0.93	6.56E-10
541.9	567.7	594.9	0.20	99.3	0.71	4.51E-10
594.9	623.3	653.0	0.17	99.5	0.51	2.86E-10
653.0	684.2	716.8	0.15	99.7	0.33	1.89E-10
716.8	751.1	786.9	0.11	99.8	0.19	1.03E-10
786.9	824.5	863.9	0.061	99.9	0.078	4.41E-11
863.9	905.1	948.3	0.015	99.98	0.017	8.32E-12
948.3	993.6	1041	0.0018	99.998	0.0018	7.57E-13
1041	1091	1143	0	100	0	0
1143	1197	1255	0	100	0	0
1255	1314	1377	0	100	0	0
1377	1443	1512	0	100	0	0
1512	1584	1660	0	100	0	0
1660	1739	1822	0	100	0	0
1822	1909	2000	0	100	0	0
2000				100	0	

