LS	2022-11-18  16:39
File name:	IODP_STV0171-17_02.$ls
File ID:	IODP
Sample ID:	STV0171-172
Operator:	RG
Bar code:	
Comment 1:	
Comment 2:	
Instrument:	LS 230, VSM Plus
Run number:	2
Start time:	2022-11-18  16:38
Run length:	62
Optical model:	Fraunhofer.rfd   PIDS included
Obscuration:	9
PIDS Obscur:	40
Obscuration:	OK
Serial Number:	7205

From	0.0400
To	2000
Volume 	100
Mean:	74.74
Median:	56.80
D(0,0):	0.100
Mean/Median ratio:	1.316
Mode:	72.94
S.D.:	84.90
Variance:	7207
C.V.:	113.6
Skewness:	4.546
Kurtosis:	29.43
d10:	11.01
d50:	56.80
d90:	141.7
Specific Surf. Area:	5480

% <	Size 
10	11.0
25	28.9
50	56.8
75	94.4
90	142

% >	Size 
10	142
25	94.4
50	56.8
75	28.9
90	11.0

Size 	% <
1	1.52
10	9.23
100	77.6
1000	99.998

Size 	% >
1	98.5
10	90.8
100	22.4
1000	0.0016

Particle	IODP_STV017	Volume	Volume
Diameter	1-17_02.$ls	% >	%
um	Volume		
	% <		
0.4	0.67	99.3	0.15
0.488	0.82	99.2	0.30
0.69	1.12	98.9	0.38
0.98	1.50	98.5	0.46
1.38	1.96	98.0	0.59
1.95	2.55	97.5	0.77
2.76	3.32	96.7	1.02
3.91	4.34	95.7	1.35
5.52	5.69	94.3	1.84
7.81	7.52	92.5	2.51
11.05	10.0	90.0	3.56
15.63	13.6	86.4	5.35
22.1	18.9	81.1	8.19
31.3	27.1	72.9	11.8
44.2	38.9	61.1	15.8
62.5	54.7	45.3	17.2
88.4	71.9	28.1	14.3
125	86.2	13.8	8.46
177	94.7	5.30	2.92
250	97.6	2.37	0.78
354	98.4	1.59	0.50
500	98.9	1.10	0.73
707	99.6	0.36	0.36
1000	99.998	0.0016	0.0016
1414	100	0	0
2000	100	0	0
2828	100	0	0
4000	100	0	

Channel	Channel	Channel	Diff.	Cum. <	Cum. >	Diff.
Diameter	Diameter	Diameter	Volume	Volume	Volume	Number
(Lower)	(Center)	(Upper)	%	%	%	%
um	um	um				
0.040	0.042	0.044	0.00037	0	100	2.02
0.044	0.046	0.048	0.00048	0.00037	100	2.00
0.048	0.050	0.053	0.00076	0.00084	99.999	2.40
0.053	0.055	0.058	0.0015	0.0016	99.998	3.66
0.058	0.061	0.064	0.0032	0.0031	99.997	5.80
0.064	0.067	0.070	0.0059	0.0064	99.99	8.11
0.070	0.073	0.077	0.0090	0.012	99.99	9.28
0.077	0.080	0.084	0.012	0.021	99.98	9.24
0.084	0.088	0.093	0.015	0.033	99.97	8.61
0.093	0.097	0.102	0.018	0.048	99.95	7.83
0.102	0.106	0.112	0.021	0.065	99.9	6.94
0.112	0.117	0.122	0.024	0.086	99.9	5.98
0.122	0.128	0.134	0.026	0.11	99.9	5.08
0.134	0.141	0.148	0.029	0.14	99.9	4.25
0.148	0.155	0.162	0.032	0.17	99.8	3.52
0.162	0.170	0.178	0.035	0.20	99.8	2.88
0.178	0.186	0.195	0.038	0.23	99.8	2.36
0.195	0.205	0.214	0.041	0.27	99.7	1.93
0.214	0.225	0.235	0.044	0.31	99.7	1.57
0.235	0.247	0.258	0.047	0.35	99.6	1.28
0.258	0.271	0.284	0.051	0.40	99.6	1.04
0.284	0.297	0.311	0.054	0.45	99.5	0.84
0.311	0.326	0.342	0.058	0.51	99.5	0.67
0.342	0.358	0.375	0.061	0.56	99.4	0.54
0.375	0.393	0.412	0.065	0.62	99.4	0.43
0.412	0.431	0.452	0.068	0.69	99.3	0.35
0.452	0.474	0.496	0.072	0.76	99.2	0.28
0.496	0.520	0.545	0.076	0.83	99.2	0.22
0.545	0.571	0.598	0.081	0.91	99.1	0.18
0.598	0.627	0.656	0.085	0.99	99.0	0.14
0.656	0.688	0.721	0.090	1.07	98.9	0.11
0.721	0.755	0.791	0.095	1.16	98.8	0.090
0.791	0.829	0.868	0.10	1.26	98.7	0.072
0.868	0.910	0.953	0.11	1.36	98.6	0.058
0.953	0.999	1.047	0.11	1.46	98.5	0.046
1.047	1.097	1.149	0.12	1.58	98.4	0.037
1.149	1.204	1.261	0.13	1.70	98.3	0.030
1.261	1.321	1.385	0.14	1.83	98.2	0.024
1.385	1.451	1.520	0.15	1.96	98.0	0.019
1.520	1.592	1.668	0.16	2.11	97.9	0.016
1.668	1.748	1.832	0.17	2.26	97.7	0.013
1.832	1.919	2.011	0.18	2.43	97.6	0.010
2.011	2.107	2.207	0.19	2.61	97.4	0.0083
2.207	2.313	2.423	0.21	2.80	97.2	0.0068
2.423	2.539	2.660	0.22	3.00	97.0	0.0055
2.660	2.787	2.920	0.24	3.22	96.8	0.0045
2.920	3.059	3.205	0.26	3.46	96.5	0.0036
3.205	3.358	3.519	0.28	3.72	96.3	0.0030
3.519	3.687	3.863	0.30	4.00	96.0	0.0024
3.863	4.047	4.240	0.32	4.30	95.7	0.0020
4.240	4.443	4.655	0.35	4.62	95.4	0.0016
4.655	4.877	5.110	0.38	4.97	95.0	0.0013
5.110	5.354	5.610	0.41	5.35	94.6	0.0011
5.610	5.878	6.158	0.45	5.76	94.2	0.00089
6.158	6.452	6.760	0.48	6.21	93.8	0.00073
6.760	7.083	7.421	0.53	6.69	93.3	0.00060
7.421	7.775	8.147	0.57	7.22	92.8	0.00049
8.147	8.536	8.943	0.62	7.79	92.2	0.00041
8.943	9.370	9.817	0.68	8.41	91.6	0.00033
9.817	10.29	10.78	0.74	9.09	90.9	0.00028
10.78	11.29	11.83	0.81	9.82	90.2	0.00023
11.83	12.40	12.99	0.89	10.6	89.4	0.00019
12.99	13.61	14.26	0.99	11.5	88.5	0.00016
14.26	14.94	15.65	1.10	12.5	87.5	0.00013
15.65	16.40	17.18	1.23	13.6	86.4	0.00011
17.18	18.00	18.86	1.37	14.8	85.2	0.000096
18.86	19.76	20.70	1.54	16.2	83.8	0.000081
20.70	21.69	22.73	1.73	17.8	82.2	0.000069
22.73	23.81	24.95	1.94	19.5	80.5	0.000058
24.95	26.14	27.39	2.17	21.4	78.6	0.000049
27.39	28.70	30.07	2.42	23.6	76.4	0.000042
30.07	31.50	33.01	2.68	26.0	74.0	0.000035
33.01	34.58	36.24	2.95	28.7	71.3	0.000029
36.24	37.97	39.78	3.24	31.6	68.4	0.000024
39.78	41.68	43.67	3.54	34.9	65.1	0.000020
43.67	45.75	47.94	3.85	38.4	61.6	0.000016
47.94	50.22	52.62	4.15	42.3	57.7	0.000013
52.62	55.13	57.77	4.40	46.4	53.6	0.000011
57.77	60.52	63.41	4.60	50.8	49.2	0.000008
63.41	66.44	69.61	4.71	55.4	44.6	0.000007
69.61	72.94	76.42	4.72	60.1	39.9	0.000005
76.42	80.07	83.89	4.63	64.8	35.2	0.000004
83.89	87.90	92.09	4.45	69.5	30.5	0.000003
92.09	96.49	101.1	4.19	73.9	26.1	0.000002
101.1	105.9	111.0	3.85	78.1	21.9	0.000001
111.0	116.3	121.8	3.46	82.0	18.0	0.000001
121.8	127.6	133.7	3.02	85.4	14.6	0.000001
133.7	140.1	146.8	2.55	88.5	11.5	3.77E-7
146.8	153.8	161.2	2.08	91.0	8.99	2.32E-7
161.2	168.9	176.9	1.62	93.1	6.92	1.37E-7
176.9	185.4	194.2	1.20	94.7	5.30	7.68E-8
194.2	203.5	213.2	0.86	95.9	4.10	4.13E-8
213.2	223.4	234.1	0.59	96.8	3.24	2.15E-8
234.1	245.2	256.9	0.40	97.3	2.65	1.1E-8
256.9	269.2	282.1	0.27	97.7	2.25	5.7E-9
282.1	295.5	309.6	0.19	98.0	1.98	3.02E-9
309.6	324.4	339.9	0.14	98.2	1.79	1.69E-9
339.9	356.1	373.1	0.12	98.4	1.64	1.05E-9
373.1	390.9	409.6	0.11	98.5	1.53	7.74E-10
409.6	429.2	449.7	0.13	98.6	1.41	6.7E-10
449.7	471.1	493.6	0.16	98.7	1.28	6.22E-10
493.6	517.2	541.9	0.18	98.9	1.12	5.35E-10
541.9	567.7	594.9	0.19	99.1	0.94	4.32E-10
594.9	623.3	653.0	0.20	99.3	0.75	3.33E-10
653.0	684.2	716.8	0.22	99.5	0.55	2.75E-10
716.8	751.1	786.9	0.18	99.7	0.33	1.77E-10
786.9	824.5	863.9	0.11	99.9	0.15	8.27E-11
863.9	905.1	948.3	0.030	99.97	0.033	1.62E-11
948.3	993.6	1041	0.0036	99.996	0.0036	1.49E-12
1041	1091	1143	0	100	0	0
1143	1197	1255	0	100	0	0
1255	1314	1377	0	100	0	0
1377	1443	1512	0	100	0	0
1512	1584	1660	0	100	0	0
1660	1739	1822	0	100	0	0
1822	1909	2000	0	100	0	0
2000				100	0	

