LS	2022-11-18  12:51
File name:	IODP_STV0122-12_04.$ls
File ID:	IODP
Sample ID:	STV0122-124
Operator:	RG
Bar code:	
Comment 1:	
Comment 2:	
Instrument:	LS 230, VSM Plus
Run number:	4
Start time:	2022-11-18  12:50
Run length:	62
Optical model:	Fraunhofer.rfd   PIDS included
Obscuration:	9
PIDS Obscur:	43
Obscuration:	OK
Serial Number:	7205

From	0.0400
To	2000
Volume 	100
Mean:	71.89
Median:	47.97
D(0,0):	0.118
Mean/Median ratio:	1.498
Mode:	72.94
S.D.:	77.88
Variance:	6066
C.V.:	108.3
Skewness:	2.400
Kurtosis:	9.033
d10:	5.375
d50:	47.97
d90:	168.0
Specific Surf. Area:	6617

% <	Size 
10	5.38
25	17.6
50	48.0
75	101
90	168

% >	Size 
10	168
25	101
50	48.0
75	17.6
90	5.38

Size 	% <
1	1.96
10	16.3
100	74.7
1000	100

Size 	% >
1	98.0
10	83.7
100	25.3
1000	0

Particle	IODP_STV012	Volume	Volume
Diameter	2-12_04.$ls	% >	%
um	Volume		
	% <		
0.4	0.58	99.4	0.20
0.488	0.77	99.2	0.46
0.69	1.24	98.8	0.67
0.98	1.91	98.1	0.91
1.38	2.82	97.2	1.23
1.95	4.05	95.9	1.60
2.76	5.65	94.4	2.03
3.91	7.68	92.3	2.54
5.52	10.2	89.8	3.23
7.81	13.4	86.6	4.11
11.05	17.6	82.4	5.31
15.63	22.9	77.1	6.83
22.1	29.7	70.3	8.39
31.3	38.1	61.9	9.45
44.2	47.5	52.5	11.1
62.5	58.6	41.4	11.9
88.4	70.5	29.5	11.4
125	82.0	18.0	9.28
177	91.2	8.77	5.60
250	96.8	3.17	2.05
354	98.9	1.11	0.70
500	99.6	0.41	0.41
707	99.996	0.0038	0.0038
1000	100	0	0
1414	100	0	0
2000	100	0	0
2828	100	0	0
4000	100	0	

Channel	Channel	Channel	Diff.	Cum. <	Cum. >	Diff.
Diameter	Diameter	Diameter	Volume	Volume	Volume	Number
(Lower)	(Center)	(Upper)	%	%	%	%
um	um	um				
0.040	0.042	0.044	0.00015	0	100	1.42
0.044	0.046	0.048	0.00020	0.00015	100	1.47
0.048	0.050	0.053	0.00034	0.00035	100	1.86
0.053	0.055	0.058	0.00069	0.00069	99.999	2.86
0.058	0.061	0.064	0.0014	0.0014	99.999	4.46
0.064	0.067	0.070	0.0027	0.0028	99.997	6.25
0.070	0.073	0.077	0.0042	0.0055	99.99	7.39
0.077	0.080	0.084	0.0057	0.0096	99.99	7.70
0.084	0.088	0.093	0.0074	0.015	99.98	7.51
0.093	0.097	0.102	0.0093	0.023	99.98	7.15
0.102	0.106	0.112	0.011	0.032	99.97	6.67
0.112	0.117	0.122	0.014	0.044	99.96	6.05
0.122	0.128	0.134	0.016	0.057	99.9	5.37
0.134	0.141	0.148	0.019	0.073	99.9	4.71
0.148	0.155	0.162	0.022	0.092	99.9	4.12
0.162	0.170	0.178	0.025	0.11	99.9	3.59
0.178	0.186	0.195	0.029	0.14	99.9	3.11
0.195	0.205	0.214	0.033	0.17	99.8	2.69
0.214	0.225	0.235	0.038	0.20	99.8	2.34
0.235	0.247	0.258	0.043	0.24	99.8	2.03
0.258	0.271	0.284	0.050	0.28	99.7	1.76
0.284	0.297	0.311	0.056	0.33	99.7	1.51
0.311	0.326	0.342	0.064	0.39	99.6	1.29
0.342	0.358	0.375	0.072	0.45	99.5	1.10
0.375	0.393	0.412	0.080	0.52	99.5	0.93
0.412	0.431	0.452	0.089	0.60	99.4	0.78
0.452	0.474	0.496	0.099	0.69	99.3	0.66
0.496	0.520	0.545	0.11	0.79	99.2	0.55
0.545	0.571	0.598	0.12	0.90	99.1	0.46
0.598	0.627	0.656	0.14	1.02	99.0	0.39
0.656	0.688	0.721	0.15	1.16	98.8	0.32
0.721	0.755	0.791	0.16	1.31	98.7	0.27
0.791	0.829	0.868	0.18	1.47	98.5	0.22
0.868	0.910	0.953	0.20	1.65	98.3	0.18
0.953	0.999	1.047	0.22	1.85	98.2	0.15
1.047	1.097	1.149	0.23	2.06	97.9	0.13
1.149	1.204	1.261	0.26	2.30	97.7	0.10
1.261	1.321	1.385	0.28	2.55	97.4	0.084
1.385	1.451	1.520	0.30	2.83	97.2	0.069
1.520	1.592	1.668	0.32	3.13	96.9	0.056
1.668	1.748	1.832	0.35	3.46	96.5	0.046
1.832	1.919	2.011	0.37	3.80	96.2	0.037
2.011	2.107	2.207	0.40	4.18	95.8	0.030
2.207	2.313	2.423	0.43	4.58	95.4	0.024
2.423	2.539	2.660	0.46	5.01	95.0	0.020
2.660	2.787	2.920	0.49	5.46	94.5	0.016
2.920	3.059	3.205	0.52	5.95	94.1	0.013
3.205	3.358	3.519	0.55	6.47	93.5	0.010
3.519	3.687	3.863	0.59	7.02	93.0	0.0082
3.863	4.047	4.240	0.62	7.60	92.4	0.0066
4.240	4.443	4.655	0.66	8.23	91.8	0.0053
4.655	4.877	5.110	0.71	8.89	91.1	0.0043
5.110	5.354	5.610	0.75	9.60	90.4	0.0035
5.610	5.878	6.158	0.80	10.4	89.6	0.0028
6.158	6.452	6.760	0.86	11.2	88.8	0.0022
6.760	7.083	7.421	0.91	12.0	88.0	0.0018
7.421	7.775	8.147	0.97	12.9	87.1	0.0015
8.147	8.536	8.943	1.04	13.9	86.1	0.0012
8.943	9.370	9.817	1.11	14.9	85.1	0.00095
9.817	10.29	10.78	1.19	16.0	84.0	0.00076
10.78	11.29	11.83	1.27	17.2	82.8	0.00062
11.83	12.40	12.99	1.36	18.5	81.5	0.00050
12.99	13.61	14.26	1.46	19.9	80.1	0.00041
14.26	14.94	15.65	1.57	21.3	78.7	0.00033
15.65	16.40	17.18	1.68	22.9	77.1	0.00027
17.18	18.00	18.86	1.80	24.6	75.4	0.00022
18.86	19.76	20.70	1.92	26.4	73.6	0.00017
20.70	21.69	22.73	2.04	28.3	71.7	0.00014
22.73	23.81	24.95	2.15	30.3	69.7	0.00011
24.95	26.14	27.39	2.25	32.5	67.5	0.000089
27.39	28.70	30.07	2.34	34.7	65.3	0.000069
30.07	31.50	33.01	2.41	37.1	62.9	0.000054
33.01	34.58	36.24	2.48	39.5	60.5	0.000042
36.24	37.97	39.78	2.56	42.0	58.0	0.000033
39.78	41.68	43.67	2.66	44.5	55.5	0.000026
43.67	45.75	47.94	2.79	47.2	52.8	0.000020
47.94	50.22	52.62	2.93	50.0	50.0	0.000016
52.62	55.13	57.77	3.05	52.9	47.1	0.000013
57.77	60.52	63.41	3.15	56.0	44.0	0.000010
63.41	66.44	69.61	3.21	59.1	40.9	0.000008
69.61	72.94	76.42	3.23	62.3	37.7	0.000006
76.42	80.07	83.89	3.22	65.5	34.5	0.000004
83.89	87.90	92.09	3.20	68.8	31.2	0.000003
92.09	96.49	101.1	3.16	72.0	28.0	0.000002
101.1	105.9	111.0	3.09	75.1	24.9	0.000002
111.0	116.3	121.8	2.98	78.2	21.8	0.000001
121.8	127.6	133.7	2.83	81.2	18.8	0.000001
133.7	140.1	146.8	2.63	84.0	16.0	0.000001
146.8	153.8	161.2	2.40	86.7	13.3	4.64E-7
161.2	168.9	176.9	2.16	89.1	10.9	3.15E-7
176.9	185.4	194.2	1.90	91.2	8.78	2.09E-7
194.2	203.5	213.2	1.63	93.1	6.88	1.36E-7
213.2	223.4	234.1	1.35	94.8	5.25	8.48E-8
234.1	245.2	256.9	1.06	96.1	3.90	5.03E-8
256.9	269.2	282.1	0.78	97.2	2.85	2.79E-8
282.1	295.5	309.6	0.53	97.9	2.07	1.43E-8
309.6	324.4	339.9	0.34	98.5	1.54	6.9E-9
339.9	356.1	373.1	0.22	98.8	1.21	3.44E-9
373.1	390.9	409.6	0.18	99.0	0.99	2.06E-9
409.6	429.2	449.7	0.18	99.2	0.81	1.57E-9
449.7	471.1	493.6	0.20	99.4	0.63	1.33E-9
493.6	517.2	541.9	0.20	99.6	0.44	1.02E-9
541.9	567.7	594.9	0.15	99.8	0.24	5.67E-10
594.9	623.3	653.0	0.071	99.9	0.088	2.05E-10
653.0	684.2	716.8	0.016	99.98	0.017	3.42E-11
716.8	751.1	786.9	0.0014	99.999	0.0014	2.31E-12
786.9	824.5	863.9	0	100	0	0
863.9	905.1	948.3	0	100	0	0
948.3	993.6	1041	0	100	0	0
1041	1091	1143	0	100	0	0
1143	1197	1255	0	100	0	0
1255	1314	1377	0	100	0	0
1377	1443	1512	0	100	0	0
1512	1584	1660	0	100	0	0
1660	1739	1822	0	100	0	0
1822	1909	2000	0	100	0	0
2000				100	0	

