LS	2022-11-18  12:05
File name:	IODP_std_MazPB_16.$ls
File ID:	IODP
Sample ID:	std_MazPB
Operator:	RG
Bar code:	
Comment 1:	
Comment 2:	
Instrument:	LS 230, VSM Plus
Run number:	16
Start time:	2022-11-18  12:04
Run length:	62
Optical model:	Fraunhofer.rfd   PIDS included
Obscuration:	10
PIDS Obscur:	43
Obscuration:	OK
Serial Number:	7205

From	0.0400
To	2000
Volume 	100
Mean:	71.12
Median:	34.46
D(0,0):	0.106
Mean/Median ratio:	2.064
Mode:	34.58
S.D.:	96.83
Variance:	9377
C.V.:	136.1
Skewness:	2.565
Kurtosis:	7.583
d10:	5.048
d50:	34.46
d90:	196.6
Specific Surf. Area:	7909

% <	Size 
10	5.05
25	14.5
50	34.5
75	79.6
90	197

% >	Size 
10	197
25	79.6
50	34.5
75	14.5
90	5.05

Size 	% <
1	2.26
10	18.1
100	79.4
1000	100

Size 	% >
1	97.7
10	81.9
100	20.6
1000	0

Particle	IODP_std	Volume	Volume
Diameter	_MazPB_16	% >	%
um	.$ls		
	Volume		
	% <		
0.4	0.82	99.2	0.22
0.488	1.05	99.0	0.49
0.69	1.54	98.5	0.68
0.98	2.21	97.8	0.89
1.38	3.10	96.9	1.19
1.95	4.30	95.7	1.59
2.76	5.88	94.1	2.12
3.91	8.00	92.0	2.81
5.52	10.8	89.2	3.82
7.81	14.6	85.4	5.15
11.05	19.8	80.2	6.93
15.63	26.7	73.3	9.10
22.1	35.8	64.2	11.0
31.3	46.8	53.2	11.4
44.2	58.2	41.8	10.7
62.5	68.9	31.1	8.23
88.4	77.2	22.8	5.91
125	83.1	16.9	5.37
177	88.4	11.6	4.91
250	93.4	6.64	3.83
354	97.2	2.81	2.09
500	99.3	0.72	0.70
707	99.98	0.019	0.019
1000	100	0	0
1414	100	0	0
2000	100	0	0
2828	100	0	0
4000	100	0	

Channel	Channel	Channel	Diff.	Cum. <	Cum. >	Diff.
Diameter	Diameter	Diameter	Volume	Volume	Volume	Number
(Lower)	(Center)	(Upper)	%	%	%	%
um	um	um				
0.040	0.042	0.044	0.00036	0	100	1.85
0.044	0.046	0.048	0.00047	0.00036	100	1.84
0.048	0.050	0.053	0.00076	0.00083	99.999	2.23
0.053	0.055	0.058	0.0015	0.0016	99.998	3.39
0.058	0.061	0.064	0.0032	0.0031	99.997	5.34
0.064	0.067	0.070	0.0059	0.0063	99.99	7.51
0.070	0.073	0.077	0.0091	0.012	99.99	8.71
0.077	0.080	0.084	0.012	0.021	99.98	8.79
0.084	0.088	0.093	0.015	0.033	99.97	8.30
0.093	0.097	0.102	0.018	0.048	99.95	7.64
0.102	0.106	0.112	0.022	0.067	99.9	6.88
0.112	0.117	0.122	0.025	0.089	99.9	6.01
0.122	0.128	0.134	0.029	0.11	99.9	5.17
0.134	0.141	0.148	0.032	0.14	99.9	4.40
0.148	0.155	0.162	0.036	0.18	99.8	3.70
0.162	0.170	0.178	0.040	0.21	99.8	3.09
0.178	0.186	0.195	0.044	0.25	99.7	2.58
0.195	0.205	0.214	0.049	0.30	99.7	2.16
0.214	0.225	0.235	0.054	0.34	99.7	1.80
0.235	0.247	0.258	0.059	0.40	99.6	1.50
0.258	0.271	0.284	0.066	0.46	99.5	1.25
0.284	0.297	0.311	0.072	0.52	99.5	1.04
0.311	0.326	0.342	0.079	0.60	99.4	0.86
0.342	0.358	0.375	0.086	0.67	99.3	0.71
0.375	0.393	0.412	0.094	0.76	99.2	0.58
0.412	0.431	0.452	0.10	0.85	99.1	0.48
0.452	0.474	0.496	0.11	0.96	99.0	0.39
0.496	0.520	0.545	0.12	1.07	98.9	0.32
0.545	0.571	0.598	0.13	1.19	98.8	0.27
0.598	0.627	0.656	0.14	1.32	98.7	0.22
0.656	0.688	0.721	0.15	1.46	98.5	0.18
0.721	0.755	0.791	0.17	1.61	98.4	0.15
0.791	0.829	0.868	0.18	1.78	98.2	0.12
0.868	0.910	0.953	0.20	1.96	98.0	0.098
0.953	0.999	1.047	0.21	2.15	97.8	0.080
1.047	1.097	1.149	0.23	2.37	97.6	0.066
1.149	1.204	1.261	0.25	2.59	97.4	0.054
1.261	1.321	1.385	0.27	2.84	97.2	0.044
1.385	1.451	1.520	0.29	3.11	96.9	0.036
1.520	1.592	1.668	0.31	3.40	96.6	0.029
1.668	1.748	1.832	0.34	3.72	96.3	0.024
1.832	1.919	2.011	0.37	4.05	95.9	0.020
2.011	2.107	2.207	0.39	4.42	95.6	0.016
2.207	2.313	2.423	0.42	4.81	95.2	0.013
2.423	2.539	2.660	0.46	5.24	94.8	0.011
2.660	2.787	2.920	0.49	5.69	94.3	0.0086
2.920	3.059	3.205	0.53	6.19	93.8	0.0070
3.205	3.358	3.519	0.57	6.72	93.3	0.0057
3.519	3.687	3.863	0.62	7.29	92.7	0.0047
3.863	4.047	4.240	0.67	7.92	92.1	0.0038
4.240	4.443	4.655	0.73	8.59	91.4	0.0031
4.655	4.877	5.110	0.79	9.32	90.7	0.0026
5.110	5.354	5.610	0.86	10.1	89.9	0.0021
5.610	5.878	6.158	0.93	11.0	89.0	0.0017
6.158	6.452	6.760	1.01	11.9	88.1	0.0014
6.760	7.083	7.421	1.09	12.9	87.1	0.0012
7.421	7.775	8.147	1.18	14.0	86.0	0.00095
8.147	8.536	8.943	1.28	15.2	84.8	0.00078
8.943	9.370	9.817	1.39	16.5	83.5	0.00064
9.817	10.29	10.78	1.51	17.9	82.1	0.00052
10.78	11.29	11.83	1.63	19.4	80.6	0.00043
11.83	12.40	12.99	1.77	21.0	79.0	0.00035
12.99	13.61	14.26	1.92	22.8	77.2	0.00029
14.26	14.94	15.65	2.07	24.7	75.3	0.00024
15.65	16.40	17.18	2.23	26.7	73.3	0.00019
17.18	18.00	18.86	2.40	29.0	71.0	0.00016
18.86	19.76	20.70	2.56	31.4	68.6	0.00013
20.70	21.69	22.73	2.72	33.9	66.1	0.00010
22.73	23.81	24.95	2.86	36.7	63.3	0.000080
24.95	26.14	27.39	2.97	39.5	60.5	0.000063
27.39	28.70	30.07	3.04	42.5	57.5	0.000049
30.07	31.50	33.01	3.08	45.5	54.5	0.000037
33.01	34.58	36.24	3.09	48.6	51.4	0.000028
36.24	37.97	39.78	3.08	51.7	48.3	0.000021
39.78	41.68	43.67	3.06	54.8	45.2	0.000016
43.67	45.75	47.94	3.02	57.8	42.2	0.000012
47.94	50.22	52.62	2.96	60.9	39.1	0.000009
52.62	55.13	57.77	2.86	63.8	36.2	0.000006
57.77	60.52	63.41	2.70	66.7	33.3	0.000005
63.41	66.44	69.61	2.50	69.4	30.6	0.000003
69.61	72.94	76.42	2.26	71.9	28.1	0.000002
76.42	80.07	83.89	2.03	74.1	25.9	0.000001
83.89	87.90	92.09	1.82	76.2	23.8	0.000001
92.09	96.49	101.1	1.66	78.0	22.0	0.000001
101.1	105.9	111.0	1.55	79.6	20.4	4.94E-7
111.0	116.3	121.8	1.49	81.2	18.8	3.59E-7
121.8	127.6	133.7	1.46	82.7	17.3	2.66E-7
133.7	140.1	146.8	1.45	84.1	15.9	1.99E-7
146.8	153.8	161.2	1.44	85.6	14.4	1.49E-7
161.2	168.9	176.9	1.42	87.0	13.0	1.11E-7
176.9	185.4	194.2	1.39	88.4	11.6	8.26E-8
194.2	203.5	213.2	1.35	89.8	10.2	6.08E-8
213.2	223.4	234.1	1.31	91.2	8.81	4.43E-8
234.1	245.2	256.9	1.24	92.5	7.51	3.19E-8
256.9	269.2	282.1	1.16	93.7	6.27	2.25E-8
282.1	295.5	309.6	1.05	94.9	5.11	1.54E-8
309.6	324.4	339.9	0.92	95.9	4.06	1.02E-8
339.9	356.1	373.1	0.78	96.9	3.14	6.51E-9
373.1	390.9	409.6	0.64	97.6	2.37	4.08E-9
409.6	429.2	449.7	0.53	98.3	1.72	2.53E-9
449.7	471.1	493.6	0.43	98.8	1.19	1.55E-9
493.6	517.2	541.9	0.33	99.2	0.77	9.1E-10
541.9	567.7	594.9	0.24	99.6	0.44	4.91E-10
594.9	623.3	653.0	0.13	99.8	0.20	2.1E-10
653.0	684.2	716.8	0.053	99.9	0.064	6.27E-11
716.8	751.1	786.9	0.010	99.99	0.011	9.25E-12
786.9	824.5	863.9	0.00083	99.999	0.00083	5.58E-13
863.9	905.1	948.3	0	100	0	0
948.3	993.6	1041	0	100	0	0
1041	1091	1143	0	100	0	0
1143	1197	1255	0	100	0	0
1255	1314	1377	0	100	0	0
1377	1443	1512	0	100	0	0
1512	1584	1660	0	100	0	0
1660	1739	1822	0	100	0	0
1822	1909	2000	0	100	0	0
2000				100	0	

