LS	2022-11-18  16:09
File name:	IODP_STV0132_02.$ls
File ID:	IODP
Sample ID:	STV0132
Operator:	RG
Bar code:	
Comment 1:	
Comment 2:	
Instrument:	LS 230, VSM Plus
Run number:	2
Start time:	2022-11-18  16:08
Run length:	62
Optical model:	Fraunhofer.rfd   PIDS included
Obscuration:	11
PIDS Obscur:	56
Obscuration:	OK
Serial Number:	7205

From	0.0400
To	2000
Volume 	100
Mean:	72.20
Median:	32.66
D(0,0):	0.106
Mean/Median ratio:	2.211
Mode:	26.14
S.D.:	93.03
Variance:	8654
C.V.:	128.8
Skewness:	2.177
Kurtosis:	5.666
d10:	3.874
d50:	32.66
d90:	201.4
Specific Surf. Area:	9375

% <	Size 
10	3.87
25	11.3
50	32.7
75	98.4
90	201

% >	Size 
10	201
25	98.4
50	32.7
75	11.3
90	3.87

Size 	% <
1	2.71
10	22.8
100	75.3
1000	100

Size 	% >
1	97.3
10	77.2
100	24.7
1000	0

Particle	IODP_STV013	Volume	Volume
Diameter	2_02.$ls	% >	%
um	Volume		
	% <		
0.4	1.04	99.0	0.27
0.488	1.31	98.7	0.58
0.69	1.88	98.1	0.78
0.98	2.66	97.3	1.03
1.38	3.69	96.3	1.46
1.95	5.15	94.8	2.07
2.76	7.23	92.8	2.86
3.91	10.1	89.9	3.75
5.52	13.8	86.2	4.80
7.81	18.6	81.4	5.94
11.05	24.6	75.4	7.19
15.63	31.8	68.2	8.33
22.1	40.1	59.9	8.82
31.3	48.9	51.1	8.37
44.2	57.3	42.7	8.21
62.5	65.5	34.5	7.39
88.4	72.9	27.1	6.84
125	79.7	20.3	7.49
177	87.2	12.8	6.91
250	94.1	5.87	3.83
354	98.0	2.04	1.55
500	99.5	0.49	0.49
707	99.997	0.0035	0.0035
1000	100	0	0
1414	100	0	0
2000	100	0	0
2828	100	0	0
4000	100	0	

Channel	Channel	Channel	Diff.	Cum. <	Cum. >	Diff.
Diameter	Diameter	Diameter	Volume	Volume	Volume	Number
(Lower)	(Center)	(Upper)	%	%	%	%
um	um	um				
0.040	0.042	0.044	0.00046	0	100	1.89
0.044	0.046	0.048	0.00059	0.00046	100	1.84
0.048	0.050	0.053	0.00093	0.0011	99.999	2.17
0.053	0.055	0.058	0.0018	0.0020	99.998	3.23
0.058	0.061	0.064	0.0038	0.0038	99.996	5.11
0.064	0.067	0.070	0.0072	0.0076	99.99	7.31
0.070	0.073	0.077	0.011	0.015	99.99	8.68
0.077	0.080	0.084	0.015	0.026	99.97	8.86
0.084	0.088	0.093	0.019	0.042	99.96	8.40
0.093	0.097	0.102	0.023	0.061	99.9	7.74
0.102	0.106	0.112	0.028	0.084	99.9	6.98
0.112	0.117	0.122	0.032	0.11	99.9	6.12
0.122	0.128	0.134	0.037	0.14	99.9	5.26
0.134	0.141	0.148	0.042	0.18	99.8	4.47
0.148	0.155	0.162	0.046	0.22	99.8	3.76
0.162	0.170	0.178	0.051	0.27	99.7	3.14
0.178	0.186	0.195	0.056	0.32	99.7	2.62
0.195	0.205	0.214	0.062	0.38	99.6	2.18
0.214	0.225	0.235	0.068	0.44	99.6	1.82
0.235	0.247	0.258	0.075	0.51	99.5	1.51
0.258	0.271	0.284	0.083	0.58	99.4	1.26
0.284	0.297	0.311	0.090	0.66	99.3	1.04
0.311	0.326	0.342	0.098	0.76	99.2	0.85
0.342	0.358	0.375	0.11	0.85	99.1	0.70
0.375	0.393	0.412	0.11	0.96	99.0	0.57
0.412	0.431	0.452	0.12	1.07	98.9	0.46
0.452	0.474	0.496	0.13	1.20	98.8	0.38
0.496	0.520	0.545	0.14	1.33	98.7	0.31
0.545	0.571	0.598	0.15	1.47	98.5	0.25
0.598	0.627	0.656	0.16	1.63	98.4	0.20
0.656	0.688	0.721	0.18	1.79	98.2	0.16
0.721	0.755	0.791	0.19	1.97	98.0	0.13
0.791	0.829	0.868	0.21	2.16	97.8	0.11
0.868	0.910	0.953	0.22	2.37	97.6	0.089
0.953	0.999	1.047	0.24	2.59	97.4	0.073
1.047	1.097	1.149	0.26	2.83	97.2	0.060
1.149	1.204	1.261	0.29	3.10	96.9	0.050
1.261	1.321	1.385	0.32	3.38	96.6	0.041
1.385	1.451	1.520	0.35	3.70	96.3	0.034
1.520	1.592	1.668	0.38	4.05	96.0	0.028
1.668	1.748	1.832	0.42	4.43	95.6	0.024
1.832	1.919	2.011	0.46	4.85	95.1	0.020
2.011	2.107	2.207	0.51	5.31	94.7	0.016
2.207	2.313	2.423	0.55	5.82	94.2	0.013
2.423	2.539	2.660	0.60	6.37	93.6	0.011
2.660	2.787	2.920	0.66	6.97	93.0	0.0092
2.920	3.059	3.205	0.72	7.63	92.4	0.0075
3.205	3.358	3.519	0.78	8.35	91.6	0.0062
3.519	3.687	3.863	0.84	9.13	90.9	0.0051
3.863	4.047	4.240	0.91	9.97	90.0	0.0041
4.240	4.443	4.655	0.98	10.9	89.1	0.0034
4.655	4.877	5.110	1.05	11.9	88.1	0.0027
5.110	5.354	5.610	1.13	12.9	87.1	0.0022
5.610	5.878	6.158	1.20	14.0	86.0	0.0018
6.158	6.452	6.760	1.28	15.2	84.8	0.0014
6.760	7.083	7.421	1.36	16.5	83.5	0.0011
7.421	7.775	8.147	1.44	17.9	82.1	0.00092
8.147	8.536	8.943	1.52	19.3	80.7	0.00074
8.943	9.370	9.817	1.60	20.8	79.2	0.00059
9.817	10.29	10.78	1.69	22.4	77.6	0.00047
10.78	11.29	11.83	1.78	24.1	75.9	0.00037
11.83	12.40	12.99	1.87	25.9	74.1	0.00030
12.99	13.61	14.26	1.97	27.8	72.2	0.00024
14.26	14.94	15.65	2.06	29.7	70.3	0.00019
15.65	16.40	17.18	2.15	31.8	68.2	0.00015
17.18	18.00	18.86	2.23	34.0	66.0	0.00012
18.86	19.76	20.70	2.30	36.2	63.8	0.000090
20.70	21.69	22.73	2.35	38.5	61.5	0.000069
22.73	23.81	24.95	2.38	40.8	59.2	0.000053
24.95	26.14	27.39	2.38	43.2	56.8	0.000040
27.39	28.70	30.07	2.36	45.6	54.4	0.000030
30.07	31.50	33.01	2.32	48.0	52.0	0.000022
33.01	34.58	36.24	2.28	50.3	49.7	0.000017
36.24	37.97	39.78	2.24	52.6	47.4	0.000012
39.78	41.68	43.67	2.22	54.8	45.2	0.000009
43.67	45.75	47.94	2.22	57.0	43.0	0.000007
47.94	50.22	52.62	2.23	59.2	40.8	0.000005
52.62	55.13	57.77	2.21	61.5	38.5	0.000004
57.77	60.52	63.41	2.17	63.7	36.3	0.000003
63.41	66.44	69.61	2.10	65.9	34.1	0.000002
69.61	72.94	76.42	2.00	68.0	32.0	0.000002
76.42	80.07	83.89	1.91	70.0	30.0	0.000001
83.89	87.90	92.09	1.85	71.9	28.1	0.000001
92.09	96.49	101.1	1.82	73.7	26.3	0.000001
101.1	105.9	111.0	1.82	75.5	24.5	4.62E-7
111.0	116.3	121.8	1.86	77.4	22.6	3.56E-7
121.8	127.6	133.7	1.91	79.2	20.8	2.77E-7
133.7	140.1	146.8	1.98	81.1	18.9	2.16E-7
146.8	153.8	161.2	2.03	83.1	16.9	1.68E-7
161.2	168.9	176.9	2.06	85.1	14.9	1.29E-7
176.9	185.4	194.2	2.05	87.2	12.8	9.68E-8
194.2	203.5	213.2	1.96	89.3	10.7	7.02E-8
213.2	223.4	234.1	1.81	91.2	8.78	4.88E-8
234.1	245.2	256.9	1.58	93.0	6.97	3.22E-8
256.9	269.2	282.1	1.31	94.6	5.39	2.02E-8
282.1	295.5	309.6	1.02	95.9	4.08	1.2E-8
309.6	324.4	339.9	0.77	96.9	3.06	6.82E-9
339.9	356.1	373.1	0.58	97.7	2.29	3.89E-9
373.1	390.9	409.6	0.46	98.3	1.70	2.31E-9
409.6	429.2	449.7	0.39	98.8	1.24	1.47E-9
449.7	471.1	493.6	0.33	99.1	0.86	9.57E-10
493.6	517.2	541.9	0.27	99.5	0.53	5.84E-10
541.9	567.7	594.9	0.17	99.7	0.26	2.79E-10
594.9	623.3	653.0	0.072	99.9	0.088	8.97E-11
653.0	684.2	716.8	0.015	99.98	0.016	1.39E-11
716.8	751.1	786.9	0.0012	99.999	0.0012	8.6E-13
786.9	824.5	863.9	0	100	0	0
863.9	905.1	948.3	0	100	0	0
948.3	993.6	1041	0	100	0	0
1041	1091	1143	0	100	0	0
1143	1197	1255	0	100	0	0
1255	1314	1377	0	100	0	0
1377	1443	1512	0	100	0	0
1512	1584	1660	0	100	0	0
1660	1739	1822	0	100	0	0
1822	1909	2000	0	100	0	0
2000				100	0	

