LS	2022-11-18  16:54
File name:	IODP_STV171-172_06.$ls
File ID:	IODP
Sample ID:	STV171-172
Operator:	RG
Bar code:	
Comment 1:	
Comment 2:	
Instrument:	LS 230, VSM Plus
Run number:	6
Start time:	2022-11-18  16:53
Run length:	62
Optical model:	Fraunhofer.rfd   PIDS included
Obscuration:	9
PIDS Obscur:	40
Obscuration:	OK
Serial Number:	7205

From	0.0400
To	2000
Volume 	100
Mean:	73.36
Median:	55.64
D(0,0):	0.100
Mean/Median ratio:	1.318
Mode:	66.44
S.D.:	85.86
Variance:	7371
C.V.:	117.0
Skewness:	4.823
Kurtosis:	32.36
d10:	10.41
d50:	55.64
d90:	138.9
Specific Surf. Area:	5618

% <	Size 
10	10.4
25	28.0
50	55.6
75	92.4
90	139

% >	Size 
10	139
25	92.4
50	55.6
75	28.0
90	10.4

Size 	% <
1	1.56
10	9.67
100	78.5
1000	99.998

Size 	% >
1	98.4
10	90.3
100	21.5
1000	0.0021

Particle	IODP_STV171	Volume	Volume
Diameter	-172_06.$ls	% >	%
um	Volume		
	% <		
0.4	0.68	99.3	0.15
0.488	0.83	99.2	0.31
0.69	1.14	98.9	0.39
0.98	1.54	98.5	0.48
1.38	2.01	98.0	0.62
1.95	2.63	97.4	0.81
2.76	3.44	96.6	1.08
3.91	4.52	95.5	1.43
5.52	5.95	94.0	1.94
7.81	7.89	92.1	2.63
11.05	10.5	89.5	3.70
15.63	14.2	85.8	5.49
22.1	19.7	80.3	8.31
31.3	28.0	72.0	11.8
44.2	39.9	60.1	15.8
62.5	55.7	44.3	17.2
88.4	72.9	27.1	14.0
125	86.9	13.1	8.13
177	95.0	4.98	2.87
250	97.9	2.11	0.61
354	98.5	1.49	0.32
500	98.8	1.17	0.73
707	99.6	0.45	0.45
1000	99.998	0.0021	0.0021
1414	100	0	0
2000	100	0	0
2828	100	0	0
4000	100	0	

Channel	Channel	Channel	Diff.	Cum. <	Cum. >	Diff.
Diameter	Diameter	Diameter	Volume	Volume	Volume	Number
(Lower)	(Center)	(Upper)	%	%	%	%
um	um	um				
0.040	0.042	0.044	0.00037	0	100	2.01
0.044	0.046	0.048	0.00048	0.00037	100	1.99
0.048	0.050	0.053	0.00077	0.00085	99.999	2.40
0.053	0.055	0.058	0.0016	0.0016	99.998	3.66
0.058	0.061	0.064	0.0033	0.0032	99.997	5.80
0.064	0.067	0.070	0.0060	0.0064	99.99	8.10
0.070	0.073	0.077	0.0091	0.012	99.99	9.27
0.077	0.080	0.084	0.012	0.022	99.98	9.22
0.084	0.088	0.093	0.015	0.034	99.97	8.60
0.093	0.097	0.102	0.018	0.048	99.95	7.82
0.102	0.106	0.112	0.021	0.066	99.9	6.94
0.112	0.117	0.122	0.024	0.087	99.9	5.98
0.122	0.128	0.134	0.027	0.11	99.9	5.08
0.134	0.141	0.148	0.030	0.14	99.9	4.25
0.148	0.155	0.162	0.032	0.17	99.8	3.52
0.162	0.170	0.178	0.035	0.20	99.8	2.88
0.178	0.186	0.195	0.038	0.23	99.8	2.36
0.195	0.205	0.214	0.041	0.27	99.7	1.93
0.214	0.225	0.235	0.045	0.31	99.7	1.58
0.235	0.247	0.258	0.048	0.36	99.6	1.28
0.258	0.271	0.284	0.051	0.41	99.6	1.04
0.284	0.297	0.311	0.055	0.46	99.5	0.84
0.311	0.326	0.342	0.059	0.51	99.5	0.68
0.342	0.358	0.375	0.062	0.57	99.4	0.55
0.375	0.393	0.412	0.066	0.63	99.4	0.44
0.412	0.431	0.452	0.070	0.70	99.3	0.35
0.452	0.474	0.496	0.074	0.77	99.2	0.28
0.496	0.520	0.545	0.079	0.85	99.2	0.22
0.545	0.571	0.598	0.083	0.92	99.1	0.18
0.598	0.627	0.656	0.088	1.01	99.0	0.14
0.656	0.688	0.721	0.093	1.09	98.9	0.11
0.721	0.755	0.791	0.099	1.19	98.8	0.092
0.791	0.829	0.868	0.10	1.29	98.7	0.073
0.868	0.910	0.953	0.11	1.39	98.6	0.059
0.953	0.999	1.047	0.12	1.50	98.5	0.047
1.047	1.097	1.149	0.13	1.62	98.4	0.038
1.149	1.204	1.261	0.13	1.74	98.3	0.031
1.261	1.321	1.385	0.14	1.88	98.1	0.025
1.385	1.451	1.520	0.15	2.02	98.0	0.020
1.520	1.592	1.668	0.16	2.17	97.8	0.016
1.668	1.748	1.832	0.17	2.33	97.7	0.013
1.832	1.919	2.011	0.19	2.51	97.5	0.011
2.011	2.107	2.207	0.20	2.70	97.3	0.0086
2.207	2.313	2.423	0.22	2.90	97.1	0.0070
2.423	2.539	2.660	0.23	3.11	96.9	0.0057
2.660	2.787	2.920	0.25	3.35	96.7	0.0047
2.920	3.059	3.205	0.27	3.60	96.4	0.0038
3.205	3.358	3.519	0.29	3.87	96.1	0.0031
3.519	3.687	3.863	0.32	4.16	95.8	0.0025
3.863	4.047	4.240	0.34	4.48	95.5	0.0021
4.240	4.443	4.655	0.37	4.82	95.2	0.0017
4.655	4.877	5.110	0.40	5.19	94.8	0.0014
5.110	5.354	5.610	0.44	5.60	94.4	0.0011
5.610	5.878	6.158	0.47	6.03	94.0	0.00093
6.158	6.452	6.760	0.51	6.50	93.5	0.00076
6.760	7.083	7.421	0.55	7.01	93.0	0.00062
7.421	7.775	8.147	0.60	7.57	92.4	0.00051
8.147	8.536	8.943	0.65	8.17	91.8	0.00042
8.943	9.370	9.817	0.71	8.82	91.2	0.00034
9.817	10.29	10.78	0.77	9.52	90.5	0.00028
10.78	11.29	11.83	0.84	10.3	89.7	0.00024
11.83	12.40	12.99	0.93	11.1	88.9	0.00020
12.99	13.61	14.26	1.02	12.1	87.9	0.00016
14.26	14.94	15.65	1.14	13.1	86.9	0.00014
15.65	16.40	17.18	1.26	14.2	85.8	0.00011
17.18	18.00	18.86	1.41	15.5	84.5	0.000097
18.86	19.76	20.70	1.58	16.9	83.1	0.000082
20.70	21.69	22.73	1.77	18.5	81.5	0.000069
22.73	23.81	24.95	1.98	20.2	79.8	0.000059
24.95	26.14	27.39	2.20	22.2	77.8	0.000050
27.39	28.70	30.07	2.45	24.4	75.6	0.000042
30.07	31.50	33.01	2.70	26.9	73.1	0.000035
33.01	34.58	36.24	2.97	29.6	70.4	0.000029
36.24	37.97	39.78	3.26	32.5	67.5	0.000024
39.78	41.68	43.67	3.56	35.8	64.2	0.000020
43.67	45.75	47.94	3.87	39.4	60.6	0.000016
47.94	50.22	52.62	4.16	43.2	56.8	0.000013
52.62	55.13	57.77	4.42	47.4	52.6	0.000011
57.77	60.52	63.41	4.61	51.8	48.2	0.000008
63.41	66.44	69.61	4.70	56.4	43.6	0.000006
69.61	72.94	76.42	4.70	61.1	38.9	0.000005
76.42	80.07	83.89	4.60	65.8	34.2	0.000004
83.89	87.90	92.09	4.41	70.4	29.6	0.000003
92.09	96.49	101.1	4.13	74.8	25.2	0.000002
101.1	105.9	111.0	3.77	79.0	21.0	0.000001
111.0	116.3	121.8	3.36	82.7	17.3	0.000001
121.8	127.6	133.7	2.91	86.1	13.9	0.000001
133.7	140.1	146.8	2.45	89.0	11.0	3.57E-7
146.8	153.8	161.2	1.99	91.5	8.53	2.19E-7
161.2	168.9	176.9	1.55	93.5	6.54	1.29E-7
176.9	185.4	194.2	1.17	95.0	4.99	7.37E-8
194.2	203.5	213.2	0.85	96.2	3.82	4.03E-8
213.2	223.4	234.1	0.59	97.0	2.97	2.12E-8
234.1	245.2	256.9	0.39	97.6	2.38	1.07E-8
256.9	269.2	282.1	0.25	98.0	1.99	5.05E-9
282.1	295.5	309.6	0.14	98.3	1.74	2.23E-9
309.6	324.4	339.9	0.083	98.4	1.60	9.74E-10
339.9	356.1	373.1	0.056	98.5	1.52	4.96E-10
373.1	390.9	409.6	0.058	98.5	1.46	3.86E-10
409.6	429.2	449.7	0.083	98.6	1.40	4.2E-10
449.7	471.1	493.6	0.13	98.7	1.32	4.81E-10
493.6	517.2	541.9	0.16	98.8	1.19	4.62E-10
541.9	567.7	594.9	0.18	99.0	1.04	4E-10
594.9	623.3	653.0	0.20	99.1	0.85	3.32E-10
653.0	684.2	716.8	0.24	99.3	0.65	3.03E-10
716.8	751.1	786.9	0.22	99.6	0.41	2.1E-10
786.9	824.5	863.9	0.14	99.8	0.19	1.04E-10
863.9	905.1	948.3	0.039	99.96	0.043	2.08E-11
948.3	993.6	1041	0.0047	99.995	0.0047	1.94E-12
1041	1091	1143	0	100	0	0
1143	1197	1255	0	100	0	0
1255	1314	1377	0	100	0	0
1377	1443	1512	0	100	0	0
1512	1584	1660	0	100	0	0
1660	1739	1822	0	100	0	0
1822	1909	2000	0	100	0	0
2000				100	0	

