LS	2022-11-18  12:53
File name:	IODP_STV0122-12_06.$ls
File ID:	IODP
Sample ID:	STV0122-124
Operator:	RG
Bar code:	
Comment 1:	
Comment 2:	
Instrument:	LS 230, VSM Plus
Run number:	6
Start time:	2022-11-18  12:52
Run length:	61
Optical model:	Fraunhofer.rfd   PIDS included
Obscuration:	9
PIDS Obscur:	48
Obscuration:	OK
Serial Number:	7205

From	0.0400
To	2000
Volume 	100
Mean:	69.99
Median:	47.10
D(0,0):	0.120
Mean/Median ratio:	1.486
Mode:	80.07
S.D.:	75.53
Variance:	5705
C.V.:	107.9
Skewness:	2.492
Kurtosis:	10.32
d10:	5.193
d50:	47.10
d90:	163.9
Specific Surf. Area:	6720

% <	Size 
10	5.19
25	17.1
50	47.1
75	98.9
90	164

% >	Size 
10	164
25	98.9
50	47.1
75	17.1
90	5.19

Size 	% <
1	1.99
10	16.7
100	75.4
1000	100

Size 	% >
1	98.0
10	83.3
100	24.6
1000	0

Particle	IODP_STV012	Volume	Volume
Diameter	2-12_06.$ls	% >	%
um	Volume		
	% <		
0.4	0.58	99.4	0.20
0.488	0.78	99.2	0.47
0.69	1.25	98.7	0.69
0.98	1.94	98.1	0.94
1.38	2.88	97.1	1.27
1.95	4.15	95.9	1.65
2.76	5.79	94.2	2.10
3.91	7.89	92.1	2.62
5.52	10.5	89.5	3.32
7.81	13.8	86.2	4.20
11.05	18.0	82.0	5.38
15.63	23.4	76.6	6.85
22.1	30.3	69.7	8.38
31.3	38.6	61.4	9.46
44.2	48.1	51.9	11.1
62.5	59.2	40.8	12.0
88.4	71.2	28.8	11.4
125	82.6	17.4	9.19
177	91.8	8.21	5.62
250	97.4	2.59	1.68
354	99.1	0.91	0.46
500	99.6	0.44	0.44
707	99.996	0.0043	0.0043
1000	100	0	0
1414	100	0	0
2000	100	0	0
2828	100	0	0
4000	100	0	

Channel	Channel	Channel	Diff.	Cum. <	Cum. >	Diff.
Diameter	Diameter	Diameter	Volume	Volume	Volume	Number
(Lower)	(Center)	(Upper)	%	%	%	%
um	um	um				
0.040	0.042	0.044	0.00014	0	100	1.40
0.044	0.046	0.048	0.00020	0.00014	100	1.44
0.048	0.050	0.053	0.00033	0.00034	100	1.81
0.053	0.055	0.058	0.00066	0.00067	99.999	2.76
0.058	0.061	0.064	0.0014	0.0013	99.999	4.31
0.064	0.067	0.070	0.0025	0.0027	99.997	6.08
0.070	0.073	0.077	0.0040	0.0052	99.99	7.27
0.077	0.080	0.084	0.0056	0.0092	99.99	7.62
0.084	0.088	0.093	0.0072	0.015	99.99	7.46
0.093	0.097	0.102	0.0091	0.022	99.98	7.13
0.102	0.106	0.112	0.011	0.031	99.97	6.68
0.112	0.117	0.122	0.014	0.042	99.96	6.08
0.122	0.128	0.134	0.016	0.056	99.9	5.40
0.134	0.141	0.148	0.019	0.072	99.9	4.75
0.148	0.155	0.162	0.022	0.091	99.9	4.17
0.162	0.170	0.178	0.025	0.11	99.9	3.64
0.178	0.186	0.195	0.029	0.14	99.9	3.16
0.195	0.205	0.214	0.033	0.17	99.8	2.74
0.214	0.225	0.235	0.038	0.20	99.8	2.39
0.235	0.247	0.258	0.044	0.24	99.8	2.08
0.258	0.271	0.284	0.050	0.28	99.7	1.80
0.284	0.297	0.311	0.057	0.33	99.7	1.56
0.311	0.326	0.342	0.065	0.39	99.6	1.33
0.342	0.358	0.375	0.073	0.45	99.5	1.13
0.375	0.393	0.412	0.081	0.52	99.5	0.96
0.412	0.431	0.452	0.091	0.61	99.4	0.81
0.452	0.474	0.496	0.10	0.70	99.3	0.68
0.496	0.520	0.545	0.11	0.80	99.2	0.57
0.545	0.571	0.598	0.12	0.91	99.1	0.48
0.598	0.627	0.656	0.14	1.04	99.0	0.40
0.656	0.688	0.721	0.15	1.17	98.8	0.33
0.721	0.755	0.791	0.17	1.33	98.7	0.28
0.791	0.829	0.868	0.18	1.49	98.5	0.23
0.868	0.910	0.953	0.20	1.68	98.3	0.19
0.953	0.999	1.047	0.22	1.88	98.1	0.16
1.047	1.097	1.149	0.24	2.10	97.9	0.13
1.149	1.204	1.261	0.26	2.34	97.7	0.11
1.261	1.321	1.385	0.29	2.61	97.4	0.088
1.385	1.451	1.520	0.31	2.89	97.1	0.072
1.520	1.592	1.668	0.33	3.20	96.8	0.059
1.668	1.748	1.832	0.36	3.53	96.5	0.048
1.832	1.919	2.011	0.39	3.89	96.1	0.039
2.011	2.107	2.207	0.41	4.28	95.7	0.032
2.207	2.313	2.423	0.44	4.69	95.3	0.025
2.423	2.539	2.660	0.47	5.13	94.9	0.021
2.660	2.787	2.920	0.50	5.60	94.4	0.017
2.920	3.059	3.205	0.53	6.10	93.9	0.013
3.205	3.358	3.519	0.57	6.64	93.4	0.011
3.519	3.687	3.863	0.61	7.21	92.8	0.0086
3.863	4.047	4.240	0.64	7.81	92.2	0.0069
4.240	4.443	4.655	0.69	8.46	91.5	0.0056
4.655	4.877	5.110	0.73	9.14	90.9	0.0045
5.110	5.354	5.610	0.78	9.87	90.1	0.0036
5.610	5.878	6.158	0.83	10.6	89.4	0.0029
6.158	6.452	6.760	0.88	11.5	88.5	0.0023
6.760	7.083	7.421	0.94	12.4	87.6	0.0019
7.421	7.775	8.147	1.00	13.3	86.7	0.0015
8.147	8.536	8.943	1.06	14.3	85.7	0.0012
8.943	9.370	9.817	1.13	15.4	84.6	0.00098
9.817	10.29	10.78	1.21	16.5	83.5	0.00079
10.78	11.29	11.83	1.29	17.7	82.3	0.00064
11.83	12.40	12.99	1.38	19.0	81.0	0.00052
12.99	13.61	14.26	1.48	20.4	79.6	0.00042
14.26	14.94	15.65	1.58	21.8	78.2	0.00034
15.65	16.40	17.18	1.69	23.4	76.6	0.00027
17.18	18.00	18.86	1.81	25.1	74.9	0.00022
18.86	19.76	20.70	1.92	26.9	73.1	0.00018
20.70	21.69	22.73	2.04	28.8	71.2	0.00014
22.73	23.81	24.95	2.15	30.9	69.1	0.00011
24.95	26.14	27.39	2.25	33.0	67.0	0.000090
27.39	28.70	30.07	2.34	35.3	64.7	0.000071
30.07	31.50	33.01	2.41	37.6	62.4	0.000055
33.01	34.58	36.24	2.48	40.0	60.0	0.000043
36.24	37.97	39.78	2.56	42.5	57.5	0.000033
39.78	41.68	43.67	2.67	45.1	54.9	0.000026
43.67	45.75	47.94	2.80	47.8	52.2	0.000021
47.94	50.22	52.62	2.93	50.5	49.5	0.000017
52.62	55.13	57.77	3.06	53.5	46.5	0.000013
57.77	60.52	63.41	3.16	56.5	43.5	0.000010
63.41	66.44	69.61	3.21	59.7	40.3	0.000008
69.61	72.94	76.42	3.24	62.9	37.1	0.000006
76.42	80.07	83.89	3.24	66.1	33.9	0.000005
83.89	87.90	92.09	3.22	69.4	30.6	0.000003
92.09	96.49	101.1	3.18	72.6	27.4	0.000003
101.1	105.9	111.0	3.10	75.8	24.2	0.000002
111.0	116.3	121.8	2.97	78.9	21.1	0.000001
121.8	127.6	133.7	2.80	81.9	18.1	0.000001
133.7	140.1	146.8	2.60	84.7	15.3	0.000001
146.8	153.8	161.2	2.38	87.2	12.8	4.67E-7
161.2	168.9	176.9	2.15	89.6	10.4	3.19E-7
176.9	185.4	194.2	1.91	91.8	8.22	2.14E-7
194.2	203.5	213.2	1.65	93.7	6.31	1.4E-7
213.2	223.4	234.1	1.35	95.3	4.66	8.66E-8
234.1	245.2	256.9	1.03	96.7	3.31	4.99E-8
256.9	269.2	282.1	0.70	97.7	2.28	2.58E-8
282.1	295.5	309.6	0.41	98.4	1.57	1.15E-8
309.6	324.4	339.9	0.21	98.8	1.16	4.34E-9
339.9	356.1	373.1	0.11	99.0	0.95	1.67E-9
373.1	390.9	409.6	0.084	99.2	0.85	1E-9
409.6	429.2	449.7	0.12	99.2	0.76	1.05E-9
449.7	471.1	493.6	0.17	99.4	0.65	1.19E-9
493.6	517.2	541.9	0.21	99.5	0.47	1.08E-9
541.9	567.7	594.9	0.16	99.7	0.26	6.38E-10
594.9	623.3	653.0	0.080	99.9	0.099	2.35E-10
653.0	684.2	716.8	0.018	99.98	0.019	3.97E-11
716.8	751.1	786.9	0.0016	99.998	0.0016	2.66E-12
786.9	824.5	863.9	0	100	0	0
863.9	905.1	948.3	0	100	0	0
948.3	993.6	1041	0	100	0	0
1041	1091	1143	0	100	0	0
1143	1197	1255	0	100	0	0
1255	1314	1377	0	100	0	0
1377	1443	1512	0	100	0	0
1512	1584	1660	0	100	0	0
1660	1739	1822	0	100	0	0
1822	1909	2000	0	100	0	0
2000				100	0	

