LS	2022-11-18  11:34
File name:	IODP_std_MazPB_11.$ls
File ID:	IODP
Sample ID:	std_MazPB
Operator:	RG
Bar code:	
Comment 1:	
Comment 2:	
Instrument:	LS 230, VSM Plus
Run number:	11
Start time:	2022-11-18  11:33
Run length:	61
Optical model:	Fraunhofer.rfd   PIDS included
Obscuration:	11
PIDS Obscur:	49
Obscuration:	OK
Serial Number:	7205

From	0.0400
To	2000
Volume 	100
Mean:	69.68
Median:	34.11
D(0,0):	0.107
Mean/Median ratio:	2.043
Mode:	34.58
S.D.:	94.37
Variance:	8906
C.V.:	135.4
Skewness:	2.575
Kurtosis:	7.732
d10:	4.908
d50:	34.11
d90:	192.9
Specific Surf. Area:	7942

% <	Size 
10	4.91
25	14.2
50	34.1
75	78.4
90	193

% >	Size 
10	193
25	78.4
50	34.1
75	14.2
90	4.91

Size 	% <
1	2.27
10	18.5
100	79.8
1000	100

Size 	% >
1	97.7
10	81.5
100	20.2
1000	0

Particle	IODP_std	Volume	Volume
Diameter	_MazPB_11	% >	%
um	.$ls		
	Volume		
	% <		
0.4	0.81	99.2	0.22
0.488	1.04	99.0	0.50
0.69	1.54	98.5	0.69
0.98	2.23	97.8	0.91
1.38	3.14	96.9	1.23
1.95	4.37	95.6	1.64
2.76	6.02	94.0	2.18
3.91	8.20	91.8	2.88
5.52	11.1	88.9	3.88
7.81	15.0	85.0	5.19
11.05	20.2	79.8	6.94
15.63	27.1	72.9	9.08
22.1	36.2	63.8	11.0
31.3	47.2	52.8	11.4
44.2	58.5	41.5	10.7
62.5	69.3	30.7	8.22
88.4	77.5	22.5	5.92
125	83.4	16.6	5.32
177	88.7	11.3	5.03
250	93.7	6.25	3.73
354	97.5	2.52	1.85
500	99.3	0.67	0.66
707	99.99	0.012	0.012
1000	100	0	0
1414	100	0	0
2000	100	0	0
2828	100	0	0
4000	100	0	

Channel	Channel	Channel	Diff.	Cum. <	Cum. >	Diff.
Diameter	Diameter	Diameter	Volume	Volume	Volume	Number
(Lower)	(Center)	(Upper)	%	%	%	%
um	um	um				
0.040	0.042	0.044	0.00034	0	100	1.83
0.044	0.046	0.048	0.00045	0.00034	100	1.81
0.048	0.050	0.053	0.00071	0.00079	99.999	2.18
0.053	0.055	0.058	0.0014	0.0015	99.998	3.28
0.058	0.061	0.064	0.0030	0.0029	99.997	5.19
0.064	0.067	0.070	0.0055	0.0059	99.99	7.33
0.070	0.073	0.077	0.0086	0.011	99.99	8.59
0.077	0.080	0.084	0.012	0.020	99.98	8.73
0.084	0.088	0.093	0.014	0.032	99.97	8.27
0.093	0.097	0.102	0.018	0.046	99.95	7.64
0.102	0.106	0.112	0.021	0.064	99.9	6.89
0.112	0.117	0.122	0.025	0.085	99.9	6.05
0.122	0.128	0.134	0.028	0.11	99.9	5.21
0.134	0.141	0.148	0.032	0.14	99.9	4.44
0.148	0.155	0.162	0.035	0.17	99.8	3.75
0.162	0.170	0.178	0.039	0.20	99.8	3.14
0.178	0.186	0.195	0.043	0.24	99.8	2.63
0.195	0.205	0.214	0.048	0.29	99.7	2.20
0.214	0.225	0.235	0.053	0.33	99.7	1.85
0.235	0.247	0.258	0.059	0.39	99.6	1.55
0.258	0.271	0.284	0.065	0.45	99.6	1.29
0.284	0.297	0.311	0.072	0.51	99.5	1.08
0.311	0.326	0.342	0.079	0.58	99.4	0.90
0.342	0.358	0.375	0.086	0.66	99.3	0.74
0.375	0.393	0.412	0.094	0.75	99.3	0.61
0.412	0.431	0.452	0.10	0.84	99.2	0.50
0.452	0.474	0.496	0.11	0.94	99.1	0.41
0.496	0.520	0.545	0.12	1.06	98.9	0.34
0.545	0.571	0.598	0.13	1.18	98.8	0.28
0.598	0.627	0.656	0.14	1.31	98.7	0.23
0.656	0.688	0.721	0.16	1.45	98.5	0.19
0.721	0.755	0.791	0.17	1.61	98.4	0.16
0.791	0.829	0.868	0.18	1.78	98.2	0.13
0.868	0.910	0.953	0.20	1.97	98.0	0.10
0.953	0.999	1.047	0.22	2.17	97.8	0.086
1.047	1.097	1.149	0.24	2.38	97.6	0.070
1.149	1.204	1.261	0.26	2.62	97.4	0.058
1.261	1.321	1.385	0.28	2.87	97.1	0.047
1.385	1.451	1.520	0.30	3.15	96.8	0.039
1.520	1.592	1.668	0.32	3.45	96.5	0.032
1.668	1.748	1.832	0.35	3.77	96.2	0.026
1.832	1.919	2.011	0.38	4.12	95.9	0.021
2.011	2.107	2.207	0.41	4.50	95.5	0.017
2.207	2.313	2.423	0.44	4.91	95.1	0.014
2.423	2.539	2.660	0.47	5.35	94.7	0.011
2.660	2.787	2.920	0.51	5.82	94.2	0.0093
2.920	3.059	3.205	0.55	6.33	93.7	0.0076
3.205	3.358	3.519	0.59	6.88	93.1	0.0062
3.519	3.687	3.863	0.64	7.47	92.5	0.0050
3.863	4.047	4.240	0.69	8.11	91.9	0.0041
4.240	4.443	4.655	0.75	8.80	91.2	0.0034
4.655	4.877	5.110	0.81	9.55	90.5	0.0027
5.110	5.354	5.610	0.88	10.4	89.6	0.0022
5.610	5.878	6.158	0.95	11.2	88.8	0.0018
6.158	6.452	6.760	1.03	12.2	87.8	0.0015
6.760	7.083	7.421	1.11	13.2	86.8	0.0012
7.421	7.775	8.147	1.20	14.3	85.7	0.0010
8.147	8.536	8.943	1.30	15.5	84.5	0.00082
8.943	9.370	9.817	1.40	16.8	83.2	0.00067
9.817	10.29	10.78	1.51	18.2	81.8	0.00055
10.78	11.29	11.83	1.64	19.7	80.3	0.00045
11.83	12.40	12.99	1.77	21.4	78.6	0.00037
12.99	13.61	14.26	1.92	23.1	76.9	0.00030
14.26	14.94	15.65	2.07	25.1	74.9	0.00024
15.65	16.40	17.18	2.23	27.1	72.9	0.00020
17.18	18.00	18.86	2.39	29.4	70.6	0.00016
18.86	19.76	20.70	2.56	31.8	68.2	0.00013
20.70	21.69	22.73	2.71	34.3	65.7	0.00010
22.73	23.81	24.95	2.85	37.0	63.0	0.000083
24.95	26.14	27.39	2.96	39.9	60.1	0.000065
27.39	28.70	30.07	3.04	42.8	57.2	0.000051
30.07	31.50	33.01	3.07	45.9	54.1	0.000039
33.01	34.58	36.24	3.08	48.9	51.1	0.000029
36.24	37.97	39.78	3.07	52.0	48.0	0.000022
39.78	41.68	43.67	3.05	55.1	44.9	0.000017
43.67	45.75	47.94	3.02	58.1	41.9	0.000012
47.94	50.22	52.62	2.96	61.2	38.8	0.000009
52.62	55.13	57.77	2.86	64.1	35.9	0.000007
57.77	60.52	63.41	2.71	67.0	33.0	0.000005
63.41	66.44	69.61	2.50	69.7	30.3	0.000003
69.61	72.94	76.42	2.26	72.2	27.8	0.000002
76.42	80.07	83.89	2.02	74.5	25.5	0.000002
83.89	87.90	92.09	1.81	76.5	23.5	0.000001
92.09	96.49	101.1	1.66	78.3	21.7	0.000001
101.1	105.9	111.0	1.56	80.0	20.0	0.000001
111.0	116.3	121.8	1.50	81.5	18.5	3.75E-7
121.8	127.6	133.7	1.46	83.0	17.0	2.77E-7
133.7	140.1	146.8	1.43	84.5	15.5	2.05E-7
146.8	153.8	161.2	1.41	85.9	14.1	1.53E-7
161.2	168.9	176.9	1.40	87.3	12.7	1.14E-7
176.9	185.4	194.2	1.39	88.7	11.3	8.61E-8
194.2	203.5	213.2	1.38	90.1	9.90	6.47E-8
213.2	223.4	234.1	1.36	91.5	8.51	4.8E-8
234.1	245.2	256.9	1.29	92.8	7.15	3.45E-8
256.9	269.2	282.1	1.18	94.1	5.86	2.38E-8
282.1	295.5	309.6	1.02	95.3	4.68	1.56E-8
309.6	324.4	339.9	0.85	96.3	3.66	9.76E-9
339.9	356.1	373.1	0.68	97.2	2.81	5.95E-9
373.1	390.9	409.6	0.56	97.9	2.13	3.66E-9
409.6	429.2	449.7	0.46	98.4	1.58	2.32E-9
449.7	471.1	493.6	0.40	98.9	1.11	1.49E-9
493.6	517.2	541.9	0.32	99.3	0.72	9.24E-10
541.9	567.7	594.9	0.23	99.6	0.39	4.9E-10
594.9	623.3	653.0	0.12	99.8	0.16	1.94E-10
653.0	684.2	716.8	0.038	99.96	0.044	4.67E-11
716.8	751.1	786.9	0.0059	99.99	0.0062	5.53E-12
786.9	824.5	863.9	0.00027	100	0.00027	1.87E-13
863.9	905.1	948.3	0	100	0	0
948.3	993.6	1041	0	100	0	0
1041	1091	1143	0	100	0	0
1143	1197	1255	0	100	0	0
1255	1314	1377	0	100	0	0
1377	1443	1512	0	100	0	0
1512	1584	1660	0	100	0	0
1660	1739	1822	0	100	0	0
1822	1909	2000	0	100	0	0
2000				100	0	

