LS	2022-11-18  15:50
File name:	IODP_STV0017_03.$ls
File ID:	IODP
Sample ID:	STV0017
Operator:	RG
Bar code:	
Comment 1:	
Comment 2:	
Instrument:	LS 230, VSM Plus
Run number:	3
Start time:	2022-11-18  15:49
Run length:	62
Optical model:	Fraunhofer.rfd   PIDS included
Obscuration:	5
PIDS Obscur:	29
Obscuration:	Low
Serial Number:	7205

From	0.0400
To	2000
Volume 	100
Mean:	60.07
Median:	38.87
D(0,0):	0.0990
Mean/Median ratio:	1.545
Mode:	45.75
S.D.:	62.61
Variance:	3920
C.V.:	104.2
Skewness:	1.845
Kurtosis:	3.231
d10:	7.326
d50:	38.87
d90:	154.0
Specific Surf. Area:	7743

% <	Size 
10	7.33
25	18.9
50	38.9
75	74.5
90	154

% >	Size 
10	154
25	74.5
50	38.9
75	18.9
90	7.33

Size 	% <
1	2.24
10	13.3
100	82.6
1000	100

Size 	% >
1	97.8
10	86.7
100	17.4
1000	0

Particle	IODP_STV001	Volume	Volume
Diameter	7_03.$ls	% >	%
um	Volume		
	% <		
0.4	1.01	99.0	0.22
0.488	1.23	98.8	0.44
0.69	1.67	98.3	0.54
0.98	2.21	97.8	0.63
1.38	2.84	97.2	0.77
1.95	3.61	96.4	0.99
2.76	4.59	95.4	1.34
3.91	5.93	94.1	1.89
5.52	7.82	92.2	2.78
7.81	10.6	89.4	4.05
11.05	14.6	85.4	5.95
15.63	20.6	79.4	8.73
22.1	29.3	70.7	12.0
31.3	41.4	58.6	13.9
44.2	55.3	44.7	13.8
62.5	69.1	30.9	10.7
88.4	79.8	20.2	6.95
125	86.7	13.3	5.59
177	92.3	7.71	5.54
250	97.8	2.17	2.11
354	99.9	0.052	0.052
500	100	0	0
707	100	0	0
1000	100	0	0
1414	100	0	0
2000	100	0	0
2828	100	0	0
4000	100	0	

Channel	Channel	Channel	Diff.	Cum. <	Cum. >	Diff.
Diameter	Diameter	Diameter	Volume	Volume	Volume	Number
(Lower)	(Center)	(Upper)	%	%	%	%
um	um	um				
0.040	0.042	0.044	0.00057	0	100	2.00
0.044	0.046	0.048	0.00076	0.00057	99.999	2.02
0.048	0.050	0.053	0.0012	0.0013	99.999	2.48
0.053	0.055	0.058	0.0025	0.0026	99.997	3.85
0.058	0.061	0.064	0.0053	0.0051	99.99	6.09
0.064	0.067	0.070	0.0096	0.010	99.99	8.39
0.070	0.073	0.077	0.014	0.020	99.98	9.40
0.077	0.080	0.084	0.019	0.034	99.97	9.26
0.084	0.088	0.093	0.023	0.053	99.9	8.59
0.093	0.097	0.102	0.027	0.076	99.9	7.79
0.102	0.106	0.112	0.032	0.10	99.9	6.88
0.112	0.117	0.122	0.036	0.13	99.9	5.90
0.122	0.128	0.134	0.041	0.17	99.8	5.00
0.134	0.141	0.148	0.045	0.21	99.8	4.18
0.148	0.155	0.162	0.049	0.26	99.7	3.44
0.162	0.170	0.178	0.053	0.31	99.7	2.81
0.178	0.186	0.195	0.057	0.36	99.6	2.30
0.195	0.205	0.214	0.062	0.42	99.6	1.88
0.214	0.225	0.235	0.066	0.48	99.5	1.52
0.235	0.247	0.258	0.071	0.54	99.5	1.23
0.258	0.271	0.284	0.076	0.62	99.4	1.00
0.284	0.297	0.311	0.081	0.69	99.3	0.80
0.311	0.326	0.342	0.086	0.77	99.2	0.64
0.342	0.358	0.375	0.091	0.86	99.1	0.51
0.375	0.393	0.412	0.096	0.95	99.1	0.41
0.412	0.431	0.452	0.10	1.04	99.0	0.33
0.452	0.474	0.496	0.11	1.15	98.9	0.26
0.496	0.520	0.545	0.11	1.25	98.7	0.21
0.545	0.571	0.598	0.12	1.36	98.6	0.16
0.598	0.627	0.656	0.12	1.48	98.5	0.13
0.656	0.688	0.721	0.13	1.61	98.4	0.10
0.721	0.755	0.791	0.14	1.74	98.3	0.082
0.791	0.829	0.868	0.14	1.87	98.1	0.065
0.868	0.910	0.953	0.15	2.01	98.0	0.052
0.953	0.999	1.047	0.16	2.16	97.8	0.041
1.047	1.097	1.149	0.17	2.32	97.7	0.033
1.149	1.204	1.261	0.17	2.49	97.5	0.026
1.261	1.321	1.385	0.18	2.66	97.3	0.021
1.385	1.451	1.520	0.19	2.84	97.2	0.016
1.520	1.592	1.668	0.20	3.04	97.0	0.013
1.668	1.748	1.832	0.22	3.24	96.8	0.011
1.832	1.919	2.011	0.23	3.46	96.5	0.0085
2.011	2.107	2.207	0.25	3.69	96.3	0.0068
2.207	2.313	2.423	0.26	3.93	96.1	0.0055
2.423	2.539	2.660	0.28	4.19	95.8	0.0045
2.660	2.787	2.920	0.31	4.48	95.5	0.0037
2.920	3.059	3.205	0.33	4.78	95.2	0.0030
3.205	3.358	3.519	0.36	5.11	94.9	0.0025
3.519	3.687	3.863	0.40	5.48	94.5	0.0021
3.863	4.047	4.240	0.44	5.88	94.1	0.0017
4.240	4.443	4.655	0.48	6.31	93.7	0.0014
4.655	4.877	5.110	0.53	6.80	93.2	0.0012
5.110	5.354	5.610	0.59	7.33	92.7	0.0010
5.610	5.878	6.158	0.66	7.93	92.1	0.00084
6.158	6.452	6.760	0.73	8.58	91.4	0.00070
6.760	7.083	7.421	0.81	9.31	90.7	0.00059
7.421	7.775	8.147	0.89	10.1	89.9	0.00049
8.147	8.536	8.943	0.99	11.0	89.0	0.00041
8.943	9.370	9.817	1.09	12.0	88.0	0.00035
9.817	10.29	10.78	1.21	13.1	86.9	0.00029
10.78	11.29	11.83	1.34	14.3	85.7	0.00024
11.83	12.40	12.99	1.49	15.6	84.4	0.00020
12.99	13.61	14.26	1.66	17.1	82.9	0.00017
14.26	14.94	15.65	1.84	18.8	81.2	0.00014
15.65	16.40	17.18	2.04	20.6	79.4	0.00012
17.18	18.00	18.86	2.27	22.7	77.3	0.00010
18.86	19.76	20.70	2.50	24.9	75.1	0.000084
20.70	21.69	22.73	2.75	27.4	72.6	0.000070
22.73	23.81	24.95	3.00	30.2	69.8	0.000058
24.95	26.14	27.39	3.23	33.2	66.8	0.000047
27.39	28.70	30.07	3.44	36.4	63.6	0.000038
30.07	31.50	33.01	3.60	39.8	60.2	0.000030
33.01	34.58	36.24	3.72	43.4	56.6	0.000023
36.24	37.97	39.78	3.80	47.2	52.8	0.000018
39.78	41.68	43.67	3.84	51.0	49.0	0.000014
43.67	45.75	47.94	3.84	54.8	45.2	0.000010
47.94	50.22	52.62	3.80	58.7	41.3	0.000008
52.62	55.13	57.77	3.69	62.4	37.6	0.000006
57.77	60.52	63.41	3.50	66.1	33.9	0.000004
63.41	66.44	69.61	3.25	69.6	30.4	0.000003
69.61	72.94	76.42	2.95	72.9	27.1	0.000002
76.42	80.07	83.89	2.64	75.8	24.2	0.000001
83.89	87.90	92.09	2.33	78.5	21.5	0.000001
92.09	96.49	101.1	2.06	80.8	19.2	0.000001
101.1	105.9	111.0	1.82	82.9	17.1	3.97E-7
111.0	116.3	121.8	1.63	84.7	15.3	2.69E-7
121.8	127.6	133.7	1.50	86.3	13.7	1.88E-7
133.7	140.1	146.8	1.45	87.8	12.2	1.37E-7
146.8	153.8	161.2	1.48	89.3	10.7	1.06E-7
161.2	168.9	176.9	1.55	90.7	9.26	8.35E-8
176.9	185.4	194.2	1.61	92.3	7.71	6.56E-8
194.2	203.5	213.2	1.60	93.9	6.10	4.93E-8
213.2	223.4	234.1	1.48	95.5	4.50	3.44E-8
234.1	245.2	256.9	1.23	97.0	3.03	2.18E-8
256.9	269.2	282.1	0.91	98.2	1.79	1.21E-8
282.1	295.5	309.6	0.55	99.1	0.88	5.56E-9
309.6	324.4	339.9	0.25	99.7	0.33	1.9E-9
339.9	356.1	373.1	0.072	99.9	0.083	4.13E-10
373.1	390.9	409.6	0.010	99.99	0.011	4.47E-11
409.6	429.2	449.7	0.00046	100	0.00046	1.51E-12
449.7	471.1	493.6	0	100	0	0
493.6	517.2	541.9	0	100	0	0
541.9	567.7	594.9	0	100	0	0
594.9	623.3	653.0	0	100	0	0
653.0	684.2	716.8	0	100	0	0
716.8	751.1	786.9	0	100	0	0
786.9	824.5	863.9	0	100	0	0
863.9	905.1	948.3	0	100	0	0
948.3	993.6	1041	0	100	0	0
1041	1091	1143	0	100	0	0
1143	1197	1255	0	100	0	0
1255	1314	1377	0	100	0	0
1377	1443	1512	0	100	0	0
1512	1584	1660	0	100	0	0
1660	1739	1822	0	100	0	0
1822	1909	2000	0	100	0	0
2000				100	0	

