LS	2022-11-18  12:32
File name:	IODP_STV0122-12_02.$ls
File ID:	IODP
Sample ID:	STV0122-124
Operator:	RG
Bar code:	
Comment 1:	
Comment 2:	
Instrument:	LS 230, VSM Plus
Run number:	2
Start time:	2022-11-18  12:31
Run length:	62
Optical model:	Fraunhofer.rfd   PIDS included
Obscuration:	8
PIDS Obscur:	42
Obscuration:	OK
Serial Number:	7205

From	0.0400
To	2000
Volume 	100
Mean:	72.19
Median:	48.92
D(0,0):	0.120
Mean/Median ratio:	1.476
Mode:	72.94
S.D.:	76.51
Variance:	5854
C.V.:	106.0
Skewness:	2.333
Kurtosis:	8.848
d10:	5.653
d50:	48.92
d90:	168.5
Specific Surf. Area:	6389

% <	Size 
10	5.65
25	18.3
50	48.9
75	102
90	168

% >	Size 
10	168
25	102
50	48.9
75	18.3
90	5.65

Size 	% <
1	1.89
10	15.7
100	74.4
1000	100

Size 	% >
1	98.1
10	84.3
100	25.6
1000	0

Particle	IODP_STV012	Volume	Volume
Diameter	2-12_02.$ls	% >	%
um	Volume		
	% <		
0.4	0.55	99.5	0.19
0.488	0.74	99.3	0.45
0.69	1.19	98.8	0.65
0.98	1.84	98.2	0.88
1.38	2.72	97.3	1.18
1.95	3.91	96.1	1.53
2.76	5.44	94.6	1.94
3.91	7.38	92.6	2.43
5.52	9.81	90.2	3.12
7.81	12.9	87.1	4.01
11.05	16.9	83.1	5.22
15.63	22.2	77.8	6.78
22.1	28.9	71.1	8.41
31.3	37.3	62.7	9.56
44.2	46.9	53.1	11.2
62.5	58.1	41.9	12.0
88.4	70.2	29.8	11.6
125	81.7	18.3	9.46
177	91.2	8.81	5.74
250	96.9	3.07	2.14
354	99.1	0.93	0.54
500	99.6	0.38	0.38
707	99.996	0.0041	0.0041
1000	100	0	0
1414	100	0	0
2000	100	0	0
2828	100	0	0
4000	100	0	

Channel	Channel	Channel	Diff.	Cum. <	Cum. >	Diff.
Diameter	Diameter	Diameter	Volume	Volume	Volume	Number
(Lower)	(Center)	(Upper)	%	%	%	%
um	um	um				
0.040	0.042	0.044	0.00013	0	100	1.37
0.044	0.046	0.048	0.00018	0.00013	100	1.43
0.048	0.050	0.053	0.00031	0.00032	100	1.82
0.053	0.055	0.058	0.00063	0.00063	99.999	2.80
0.058	0.061	0.064	0.0013	0.0013	99.999	4.36
0.064	0.067	0.070	0.0024	0.0026	99.997	6.11
0.070	0.073	0.077	0.0038	0.0050	99.995	7.24
0.077	0.080	0.084	0.0052	0.0087	99.99	7.57
0.084	0.088	0.093	0.0067	0.014	99.99	7.41
0.093	0.097	0.102	0.0085	0.021	99.98	7.10
0.102	0.106	0.112	0.011	0.029	99.97	6.65
0.112	0.117	0.122	0.013	0.040	99.96	6.06
0.122	0.128	0.134	0.015	0.053	99.9	5.39
0.134	0.141	0.148	0.018	0.068	99.9	4.75
0.148	0.155	0.162	0.020	0.085	99.9	4.17
0.162	0.170	0.178	0.024	0.11	99.9	3.65
0.178	0.186	0.195	0.027	0.13	99.9	3.17
0.195	0.205	0.214	0.031	0.16	99.8	2.76
0.214	0.225	0.235	0.036	0.19	99.8	2.40
0.235	0.247	0.258	0.041	0.22	99.8	2.09
0.258	0.271	0.284	0.047	0.26	99.7	1.81
0.284	0.297	0.311	0.054	0.31	99.7	1.56
0.311	0.326	0.342	0.061	0.37	99.6	1.34
0.342	0.358	0.375	0.069	0.43	99.6	1.14
0.375	0.393	0.412	0.077	0.50	99.5	0.96
0.412	0.431	0.452	0.086	0.57	99.4	0.81
0.452	0.474	0.496	0.096	0.66	99.3	0.69
0.496	0.520	0.545	0.11	0.76	99.2	0.58
0.545	0.571	0.598	0.12	0.86	99.1	0.48
0.598	0.627	0.656	0.13	0.98	99.0	0.40
0.656	0.688	0.721	0.14	1.11	98.9	0.34
0.721	0.755	0.791	0.16	1.26	98.7	0.28
0.791	0.829	0.868	0.17	1.42	98.6	0.23
0.868	0.910	0.953	0.19	1.59	98.4	0.19
0.953	0.999	1.047	0.21	1.78	98.2	0.16
1.047	1.097	1.149	0.23	1.99	98.0	0.13
1.149	1.204	1.261	0.25	2.22	97.8	0.11
1.261	1.321	1.385	0.27	2.46	97.5	0.088
1.385	1.451	1.520	0.29	2.73	97.3	0.072
1.520	1.592	1.668	0.31	3.02	97.0	0.059
1.668	1.748	1.832	0.34	3.33	96.7	0.048
1.832	1.919	2.011	0.36	3.67	96.3	0.039
2.011	2.107	2.207	0.38	4.03	96.0	0.031
2.207	2.313	2.423	0.41	4.41	95.6	0.025
2.423	2.539	2.660	0.44	4.82	95.2	0.020
2.660	2.787	2.920	0.46	5.26	94.7	0.016
2.920	3.059	3.205	0.49	5.72	94.3	0.013
3.205	3.358	3.519	0.53	6.22	93.8	0.011
3.519	3.687	3.863	0.56	6.74	93.3	0.0085
3.863	4.047	4.240	0.60	7.30	92.7	0.0068
4.240	4.443	4.655	0.64	7.90	92.1	0.0055
4.655	4.877	5.110	0.68	8.54	91.5	0.0044
5.110	5.354	5.610	0.72	9.21	90.8	0.0036
5.610	5.878	6.158	0.77	9.94	90.1	0.0029
6.158	6.452	6.760	0.83	10.7	89.3	0.0023
6.760	7.083	7.421	0.88	11.5	88.5	0.0019
7.421	7.775	8.147	0.94	12.4	87.6	0.0015
8.147	8.536	8.943	1.01	13.4	86.6	0.0012
8.943	9.370	9.817	1.08	14.4	85.6	0.00100
9.817	10.29	10.78	1.16	15.5	84.5	0.00081
10.78	11.29	11.83	1.24	16.6	83.4	0.00065
11.83	12.40	12.99	1.34	17.9	82.1	0.00053
12.99	13.61	14.26	1.44	19.2	80.8	0.00043
14.26	14.94	15.65	1.55	20.6	79.4	0.00035
15.65	16.40	17.18	1.66	22.2	77.8	0.00029
17.18	18.00	18.86	1.78	23.8	76.2	0.00023
18.86	19.76	20.70	1.91	25.6	74.4	0.00019
20.70	21.69	22.73	2.03	27.5	72.5	0.00015
22.73	23.81	24.95	2.15	29.6	70.4	0.00012
24.95	26.14	27.39	2.26	31.7	68.3	0.000096
27.39	28.70	30.07	2.35	34.0	66.0	0.000075
30.07	31.50	33.01	2.43	36.3	63.7	0.000059
33.01	34.58	36.24	2.50	38.8	61.2	0.000046
36.24	37.97	39.78	2.59	41.3	58.7	0.000036
39.78	41.68	43.67	2.70	43.8	56.2	0.000028
43.67	45.75	47.94	2.83	46.5	53.5	0.000022
47.94	50.22	52.62	2.97	49.4	50.6	0.000018
52.62	55.13	57.77	3.10	52.3	47.7	0.000014
57.77	60.52	63.41	3.19	55.4	44.6	0.000011
63.41	66.44	69.61	3.25	58.6	41.4	0.000008
69.61	72.94	76.42	3.26	61.9	38.1	0.000006
76.42	80.07	83.89	3.25	65.1	34.9	0.000005
83.89	87.90	92.09	3.23	68.4	31.6	0.000004
92.09	96.49	101.1	3.19	71.6	28.4	0.000003
101.1	105.9	111.0	3.13	74.8	25.2	0.000002
111.0	116.3	121.8	3.03	77.9	22.1	0.000001
121.8	127.6	133.7	2.88	81.0	19.0	0.000001
133.7	140.1	146.8	2.69	83.8	16.2	0.000001
146.8	153.8	161.2	2.45	86.5	13.5	0.000001
161.2	168.9	176.9	2.20	89.0	11.0	3.46E-7
176.9	185.4	194.2	1.93	91.2	8.82	2.3E-7
194.2	203.5	213.2	1.66	93.1	6.89	1.49E-7
213.2	223.4	234.1	1.39	94.8	5.23	9.43E-8
234.1	245.2	256.9	1.11	96.2	3.84	5.68E-8
256.9	269.2	282.1	0.82	97.3	2.73	3.2E-8
282.1	295.5	309.6	0.56	98.1	1.91	1.64E-8
309.6	324.4	339.9	0.34	98.7	1.35	7.52E-9
339.9	356.1	373.1	0.20	99.0	1.01	3.27E-9
373.1	390.9	409.6	0.13	99.2	0.81	1.66E-9
409.6	429.2	449.7	0.13	99.3	0.68	1.21E-9
449.7	471.1	493.6	0.15	99.4	0.56	1.11E-9
493.6	517.2	541.9	0.17	99.6	0.41	9.56E-10
541.9	567.7	594.9	0.14	99.8	0.23	5.84E-10
594.9	623.3	653.0	0.072	99.9	0.090	2.25E-10
653.0	684.2	716.8	0.017	99.98	0.018	3.92E-11
716.8	751.1	786.9	0.0015	99.998	0.0015	2.77E-12
786.9	824.5	863.9	0	100	0	0
863.9	905.1	948.3	0	100	0	0
948.3	993.6	1041	0	100	0	0
1041	1091	1143	0	100	0	0
1143	1197	1255	0	100	0	0
1255	1314	1377	0	100	0	0
1377	1443	1512	0	100	0	0
1512	1584	1660	0	100	0	0
1660	1739	1822	0	100	0	0
1822	1909	2000	0	100	0	0
2000				100	0	

