LS	2022-11-18  16:40
File name:	IODP_STV0171-17_03.$ls
File ID:	IODP
Sample ID:	STV0171-172
Operator:	RG
Bar code:	
Comment 1:	
Comment 2:	
Instrument:	LS 230, VSM Plus
Run number:	3
Start time:	2022-11-18  16:39
Run length:	62
Optical model:	Fraunhofer.rfd   PIDS included
Obscuration:	9
PIDS Obscur:	38
Obscuration:	OK
Serial Number:	7205

From	0.0400
To	2000
Volume 	100
Mean:	74.51
Median:	56.03
D(0,0):	0.100
Mean/Median ratio:	1.330
Mode:	66.44
S.D.:	86.73
Variance:	7521
C.V.:	116.4
Skewness:	4.585
Kurtosis:	29.24
d10:	10.65
d50:	56.03
d90:	141.2
Specific Surf. Area:	5573

% <	Size 
10	10.7
25	28.3
50	56.0
75	93.5
90	141

% >	Size 
10	141
25	93.5
50	56.0
75	28.3
90	10.7

Size 	% <
1	1.54
10	9.49
100	78.0
1000	99.998

Size 	% >
1	98.5
10	90.5
100	22.0
1000	0.0017

Particle	IODP_STV017	Volume	Volume
Diameter	1-17_03.$ls	% >	%
um	Volume		
	% <		
0.4	0.68	99.3	0.15
0.488	0.83	99.2	0.31
0.69	1.14	98.9	0.38
0.98	1.52	98.5	0.47
1.38	1.99	98.0	0.60
1.95	2.59	97.4	0.79
2.76	3.38	96.6	1.05
3.91	4.44	95.6	1.40
5.52	5.84	94.2	1.90
7.81	7.73	92.3	2.58
11.05	10.3	89.7	3.65
15.63	14.0	86.0	5.45
22.1	19.4	80.6	8.30
31.3	27.7	72.3	11.8
44.2	39.6	60.4	15.8
62.5	55.3	44.7	17.1
88.4	72.4	27.6	14.0
125	86.4	13.6	8.31
177	94.7	5.29	2.90
250	97.6	2.39	0.71
354	98.3	1.68	0.48
500	98.8	1.20	0.80
707	99.6	0.40	0.39
1000	99.998	0.0017	0.0017
1414	100	0	0
2000	100	0	0
2828	100	0	0
4000	100	0	

Channel	Channel	Channel	Diff.	Cum. <	Cum. >	Diff.
Diameter	Diameter	Diameter	Volume	Volume	Volume	Number
(Lower)	(Center)	(Upper)	%	%	%	%
um	um	um				
0.040	0.042	0.044	0.00037	0	100	2.01
0.044	0.046	0.048	0.00049	0.00037	100	2.00
0.048	0.050	0.053	0.00078	0.00086	99.999	2.41
0.053	0.055	0.058	0.0016	0.0016	99.998	3.69
0.058	0.061	0.064	0.0033	0.0032	99.997	5.84
0.064	0.067	0.070	0.0061	0.0065	99.99	8.15
0.070	0.073	0.077	0.0092	0.013	99.99	9.30
0.077	0.080	0.084	0.012	0.022	99.98	9.24
0.084	0.088	0.093	0.015	0.034	99.97	8.61
0.093	0.097	0.102	0.018	0.049	99.95	7.82
0.102	0.106	0.112	0.021	0.067	99.9	6.93
0.112	0.117	0.122	0.024	0.088	99.9	5.97
0.122	0.128	0.134	0.027	0.11	99.9	5.07
0.134	0.141	0.148	0.030	0.14	99.9	4.24
0.148	0.155	0.162	0.033	0.17	99.8	3.51
0.162	0.170	0.178	0.035	0.20	99.8	2.87
0.178	0.186	0.195	0.038	0.24	99.8	2.35
0.195	0.205	0.214	0.041	0.27	99.7	1.92
0.214	0.225	0.235	0.044	0.32	99.7	1.57
0.235	0.247	0.258	0.048	0.36	99.6	1.27
0.258	0.271	0.284	0.051	0.41	99.6	1.03
0.284	0.297	0.311	0.055	0.46	99.5	0.83
0.311	0.326	0.342	0.058	0.51	99.5	0.67
0.342	0.358	0.375	0.062	0.57	99.4	0.54
0.375	0.393	0.412	0.066	0.63	99.4	0.43
0.412	0.431	0.452	0.069	0.70	99.3	0.34
0.452	0.474	0.496	0.073	0.77	99.2	0.28
0.496	0.520	0.545	0.078	0.84	99.2	0.22
0.545	0.571	0.598	0.082	0.92	99.1	0.18
0.598	0.627	0.656	0.087	1.00	99.0	0.14
0.656	0.688	0.721	0.091	1.09	98.9	0.11
0.721	0.755	0.791	0.097	1.18	98.8	0.090
0.791	0.829	0.868	0.10	1.28	98.7	0.072
0.868	0.910	0.953	0.11	1.38	98.6	0.057
0.953	0.999	1.047	0.12	1.49	98.5	0.046
1.047	1.097	1.149	0.12	1.60	98.4	0.037
1.149	1.204	1.261	0.13	1.72	98.3	0.030
1.261	1.321	1.385	0.14	1.85	98.1	0.024
1.385	1.451	1.520	0.15	1.99	98.0	0.019
1.520	1.592	1.668	0.16	2.14	97.9	0.016
1.668	1.748	1.832	0.17	2.30	97.7	0.013
1.832	1.919	2.011	0.18	2.47	97.5	0.010
2.011	2.107	2.207	0.20	2.65	97.3	0.0084
2.207	2.313	2.423	0.21	2.85	97.1	0.0068
2.423	2.539	2.660	0.23	3.06	96.9	0.0055
2.660	2.787	2.920	0.25	3.29	96.7	0.0045
2.920	3.059	3.205	0.26	3.54	96.5	0.0037
3.205	3.358	3.519	0.29	3.80	96.2	0.0030
3.519	3.687	3.863	0.31	4.09	95.9	0.0025
3.863	4.047	4.240	0.34	4.40	95.6	0.0020
4.240	4.443	4.655	0.36	4.73	95.3	0.0016
4.655	4.877	5.110	0.39	5.09	94.9	0.0014
5.110	5.354	5.610	0.43	5.49	94.5	0.0011
5.610	5.878	6.158	0.46	5.91	94.1	0.00091
6.158	6.452	6.760	0.50	6.37	93.6	0.00074
6.760	7.083	7.421	0.54	6.88	93.1	0.00061
7.421	7.775	8.147	0.59	7.42	92.6	0.00050
8.147	8.536	8.943	0.64	8.01	92.0	0.00041
8.943	9.370	9.817	0.70	8.65	91.4	0.00034
9.817	10.29	10.78	0.76	9.34	90.7	0.00028
10.78	11.29	11.83	0.83	10.1	89.9	0.00023
11.83	12.40	12.99	0.91	10.9	89.1	0.00019
12.99	13.61	14.26	1.01	11.8	88.2	0.00016
14.26	14.94	15.65	1.12	12.9	87.1	0.00013
15.65	16.40	17.18	1.25	14.0	86.0	0.00011
17.18	18.00	18.86	1.40	15.2	84.8	0.000096
18.86	19.76	20.70	1.57	16.6	83.4	0.000081
20.70	21.69	22.73	1.76	18.2	81.8	0.000069
22.73	23.81	24.95	1.97	20.0	80.0	0.000058
24.95	26.14	27.39	2.20	21.9	78.1	0.000049
27.39	28.70	30.07	2.45	24.1	75.9	0.000041
30.07	31.50	33.01	2.71	26.6	73.4	0.000034
33.01	34.58	36.24	2.98	29.3	70.7	0.000029
36.24	37.97	39.78	3.26	32.3	67.7	0.000024
39.78	41.68	43.67	3.56	35.5	64.5	0.000020
43.67	45.75	47.94	3.86	39.1	60.9	0.000016
47.94	50.22	52.62	4.15	42.9	57.1	0.000013
52.62	55.13	57.77	4.40	47.1	52.9	0.000010
57.77	60.52	63.41	4.58	51.5	48.5	0.000008
63.41	66.44	69.61	4.67	56.1	43.9	0.000006
69.61	72.94	76.42	4.67	60.7	39.3	0.000005
76.42	80.07	83.89	4.56	65.4	34.6	0.000004
83.89	87.90	92.09	4.37	70.0	30.0	0.000003
92.09	96.49	101.1	4.11	74.3	25.7	0.000002
101.1	105.9	111.0	3.77	78.5	21.5	0.000001
111.0	116.3	121.8	3.39	82.2	17.8	0.000001
121.8	127.6	133.7	2.96	85.6	14.4	0.000001
133.7	140.1	146.8	2.50	88.6	11.4	3.63E-7
146.8	153.8	161.2	2.04	91.1	8.93	2.24E-7
161.2	168.9	176.9	1.60	93.1	6.89	1.32E-7
176.9	185.4	194.2	1.19	94.7	5.29	7.47E-8
194.2	203.5	213.2	0.85	95.9	4.10	4.04E-8
213.2	223.4	234.1	0.59	96.8	3.25	2.1E-8
234.1	245.2	256.9	0.39	97.3	2.66	1.06E-8
256.9	269.2	282.1	0.26	97.7	2.27	5.28E-9
282.1	295.5	309.6	0.17	98.0	2.01	2.63E-9
309.6	324.4	339.9	0.12	98.2	1.84	1.39E-9
339.9	356.1	373.1	0.097	98.3	1.72	8.53E-10
373.1	390.9	409.6	0.10	98.4	1.62	6.75E-10
409.6	429.2	449.7	0.13	98.5	1.52	6.46E-10
449.7	471.1	493.6	0.17	98.6	1.39	6.44E-10
493.6	517.2	541.9	0.20	98.8	1.22	5.72E-10
541.9	567.7	594.9	0.21	99.0	1.03	4.65E-10
594.9	623.3	653.0	0.22	99.2	0.81	3.58E-10
653.0	684.2	716.8	0.24	99.4	0.60	2.94E-10
716.8	751.1	786.9	0.20	99.6	0.36	1.88E-10
786.9	824.5	863.9	0.12	99.8	0.16	8.8E-11
863.9	905.1	948.3	0.032	99.96	0.036	1.72E-11
948.3	993.6	1041	0.0039	99.996	0.0039	1.58E-12
1041	1091	1143	0	100	0	0
1143	1197	1255	0	100	0	0
1255	1314	1377	0	100	0	0
1377	1443	1512	0	100	0	0
1512	1584	1660	0	100	0	0
1660	1739	1822	0	100	0	0
1822	1909	2000	0	100	0	0
2000				100	0	

