LS	2022-11-18  15:49
File name:	IODP_STV0017_02.$ls
File ID:	IODP
Sample ID:	STV0017
Operator:	RG
Bar code:	
Comment 1:	
Comment 2:	
Instrument:	LS 230, VSM Plus
Run number:	2
Start time:	2022-11-18  15:48
Run length:	62
Optical model:	Fraunhofer.rfd   PIDS included
Obscuration:	5
PIDS Obscur:	25
Obscuration:	Low
Serial Number:	7205

From	0.0400
To	2000
Volume 	100
Mean:	65.17
Median:	40.82
D(0,0):	0.0985
Mean/Median ratio:	1.597
Mode:	45.75
S.D.:	74.45
Variance:	5543
C.V.:	114.2
Skewness:	2.784
Kurtosis:	11.51
d10:	7.914
d50:	40.82
d90:	162.1
Specific Surf. Area:	7468

% <	Size 
10	7.91
25	20.0
50	40.8
75	78.8
90	162

% >	Size 
10	162
25	78.8
50	40.8
75	20.0
90	7.91

Size 	% <
1	2.16
10	12.4
100	81.2
1000	100

Size 	% >
1	97.8
10	87.6
100	18.8
1000	0

Particle	IODP_STV001	Volume	Volume
Diameter	7_02.$ls	% >	%
um	Volume		
	% <		
0.4	0.99	99.0	0.21
0.488	1.20	98.8	0.42
0.69	1.62	98.4	0.51
0.98	2.13	97.9	0.59
1.38	2.71	97.3	0.72
1.95	3.43	96.6	0.91
2.76	4.34	95.7	1.23
3.91	5.56	94.4	1.74
5.52	7.30	92.7	2.58
7.81	9.88	90.1	3.81
11.05	13.7	86.3	5.68
15.63	19.4	80.6	8.45
22.1	27.8	72.2	11.7
31.3	39.5	60.5	13.7
44.2	53.3	46.7	13.9
62.5	67.1	32.9	11.0
88.4	78.2	21.8	7.34
125	85.5	14.5	6.00
177	91.5	8.48	5.41
250	96.9	3.06	2.23
354	99.2	0.84	0.42
500	99.6	0.42	0.41
707	99.99	0.0050	0.0050
1000	100	0	0
1414	100	0	0
2000	100	0	0
2828	100	0	0
4000	100	0	

Channel	Channel	Channel	Diff.	Cum. <	Cum. >	Diff.
Diameter	Diameter	Diameter	Volume	Volume	Volume	Number
(Lower)	(Center)	(Upper)	%	%	%	%
um	um	um				
0.040	0.042	0.044	0.00056	0	100	2.01
0.044	0.046	0.048	0.00075	0.00056	99.999	2.04
0.048	0.050	0.053	0.0012	0.0013	99.999	2.51
0.053	0.055	0.058	0.0025	0.0025	99.997	3.92
0.058	0.061	0.064	0.0053	0.0051	99.99	6.18
0.064	0.067	0.070	0.0096	0.010	99.99	8.49
0.070	0.073	0.077	0.014	0.020	99.98	9.46
0.077	0.080	0.084	0.018	0.034	99.97	9.28
0.084	0.088	0.093	0.023	0.053	99.9	8.59
0.093	0.097	0.102	0.027	0.075	99.9	7.78
0.102	0.106	0.112	0.032	0.10	99.9	6.86
0.112	0.117	0.122	0.036	0.13	99.9	5.87
0.122	0.128	0.134	0.040	0.17	99.8	4.98
0.134	0.141	0.148	0.044	0.21	99.8	4.15
0.148	0.155	0.162	0.048	0.25	99.7	3.42
0.162	0.170	0.178	0.052	0.30	99.7	2.79
0.178	0.186	0.195	0.056	0.35	99.6	2.28
0.195	0.205	0.214	0.060	0.41	99.6	1.85
0.214	0.225	0.235	0.065	0.47	99.5	1.50
0.235	0.247	0.258	0.069	0.53	99.5	1.21
0.258	0.271	0.284	0.074	0.60	99.4	0.98
0.284	0.297	0.311	0.079	0.68	99.3	0.79
0.311	0.326	0.342	0.083	0.76	99.2	0.63
0.342	0.358	0.375	0.088	0.84	99.2	0.50
0.375	0.393	0.412	0.092	0.93	99.1	0.40
0.412	0.431	0.452	0.097	1.02	99.0	0.32
0.452	0.474	0.496	0.10	1.12	98.9	0.25
0.496	0.520	0.545	0.11	1.22	98.8	0.20
0.545	0.571	0.598	0.11	1.33	98.7	0.16
0.598	0.627	0.656	0.12	1.44	98.6	0.13
0.656	0.688	0.721	0.12	1.56	98.4	0.100
0.721	0.755	0.791	0.13	1.68	98.3	0.079
0.791	0.829	0.868	0.13	1.81	98.2	0.062
0.868	0.910	0.953	0.14	1.94	98.1	0.049
0.953	0.999	1.047	0.15	2.08	97.9	0.039
1.047	1.097	1.149	0.15	2.23	97.8	0.031
1.149	1.204	1.261	0.16	2.39	97.6	0.024
1.261	1.321	1.385	0.17	2.55	97.5	0.019
1.385	1.451	1.520	0.18	2.72	97.3	0.015
1.520	1.592	1.668	0.19	2.90	97.1	0.012
1.668	1.748	1.832	0.20	3.09	96.9	0.0098
1.832	1.919	2.011	0.21	3.29	96.7	0.0079
2.011	2.107	2.207	0.23	3.50	96.5	0.0064
2.207	2.313	2.423	0.24	3.73	96.3	0.0051
2.423	2.539	2.660	0.26	3.97	96.0	0.0042
2.660	2.787	2.920	0.28	4.23	95.8	0.0034
2.920	3.059	3.205	0.31	4.51	95.5	0.0028
3.205	3.358	3.519	0.33	4.82	95.2	0.0023
3.519	3.687	3.863	0.37	5.15	94.9	0.0019
3.863	4.047	4.240	0.40	5.51	94.5	0.0016
4.240	4.443	4.655	0.44	5.92	94.1	0.0013
4.655	4.877	5.110	0.49	6.36	93.6	0.0011
5.110	5.354	5.610	0.55	6.86	93.1	0.00094
5.610	5.878	6.158	0.61	7.40	92.6	0.00079
6.158	6.452	6.760	0.68	8.01	92.0	0.00066
6.760	7.083	7.421	0.75	8.69	91.3	0.00055
7.421	7.775	8.147	0.83	9.44	90.6	0.00046
8.147	8.536	8.943	0.92	10.3	89.7	0.00039
8.943	9.370	9.817	1.03	11.2	88.8	0.00033
9.817	10.29	10.78	1.14	12.2	87.8	0.00028
10.78	11.29	11.83	1.27	13.4	86.6	0.00023
11.83	12.40	12.99	1.42	14.6	85.4	0.00020
12.99	13.61	14.26	1.58	16.0	84.0	0.00017
14.26	14.94	15.65	1.77	17.6	82.4	0.00014
15.65	16.40	17.18	1.97	19.4	80.6	0.00012
17.18	18.00	18.86	2.19	21.4	78.6	0.000099
18.86	19.76	20.70	2.43	23.6	76.4	0.000083
20.70	21.69	22.73	2.67	26.0	74.0	0.000069
22.73	23.81	24.95	2.92	28.7	71.3	0.000057
24.95	26.14	27.39	3.15	31.6	68.4	0.000046
27.39	28.70	30.07	3.36	34.7	65.3	0.000037
30.07	31.50	33.01	3.52	38.1	61.9	0.000030
33.01	34.58	36.24	3.65	41.6	58.4	0.000023
36.24	37.97	39.78	3.74	45.2	54.8	0.000018
39.78	41.68	43.67	3.80	49.0	51.0	0.000014
43.67	45.75	47.94	3.83	52.8	47.2	0.000010
47.94	50.22	52.62	3.81	56.6	43.4	0.000008
52.62	55.13	57.77	3.73	60.4	39.6	0.000006
57.77	60.52	63.41	3.57	64.1	35.9	0.000004
63.41	66.44	69.61	3.34	67.7	32.3	0.000003
69.61	72.94	76.42	3.05	71.1	28.9	0.000002
76.42	80.07	83.89	2.74	74.1	25.9	0.000001
83.89	87.90	92.09	2.43	76.9	23.1	0.000001
92.09	96.49	101.1	2.15	79.3	20.7	0.000001
101.1	105.9	111.0	1.92	81.4	18.6	4.24E-7
111.0	116.3	121.8	1.74	83.4	16.6	2.91E-7
121.8	127.6	133.7	1.63	85.1	14.9	2.06E-7
133.7	140.1	146.8	1.58	86.7	13.3	1.51E-7
146.8	153.8	161.2	1.59	88.3	11.7	1.15E-7
161.2	168.9	176.9	1.62	89.9	10.1	8.82E-8
176.9	185.4	194.2	1.62	91.5	8.48	6.68E-8
194.2	203.5	213.2	1.56	93.1	6.86	4.87E-8
213.2	223.4	234.1	1.41	94.7	5.30	3.33E-8
234.1	245.2	256.9	1.18	96.1	3.89	2.11E-8
256.9	269.2	282.1	0.89	97.3	2.71	1.2E-8
282.1	295.5	309.6	0.59	98.2	1.81	5.98E-9
309.6	324.4	339.9	0.32	98.8	1.23	2.49E-9
339.9	356.1	373.1	0.16	99.1	0.90	9.08E-10
373.1	390.9	409.6	0.087	99.3	0.75	3.84E-10
409.6	429.2	449.7	0.088	99.3	0.66	2.93E-10
449.7	471.1	493.6	0.13	99.4	0.57	3.29E-10
493.6	517.2	541.9	0.18	99.6	0.44	3.36E-10
541.9	567.7	594.9	0.16	99.7	0.26	2.26E-10
594.9	623.3	653.0	0.085	99.9	0.11	9.18E-11
653.0	684.2	716.8	0.020	99.98	0.022	1.65E-11
716.8	751.1	786.9	0.0019	99.998	0.0019	1.19E-12
786.9	824.5	863.9	0	100	0	0
863.9	905.1	948.3	0	100	0	0
948.3	993.6	1041	0	100	0	0
1041	1091	1143	0	100	0	0
1143	1197	1255	0	100	0	0
1255	1314	1377	0	100	0	0
1377	1443	1512	0	100	0	0
1512	1584	1660	0	100	0	0
1660	1739	1822	0	100	0	0
1822	1909	2000	0	100	0	0
2000				100	0	

