LS	2022-11-18  15:12
File name:	IODP_STV0002_02.$ls
File ID:	IODP
Sample ID:	STV0002
Operator:	RG
Bar code:	
Comment 1:	
Comment 2:	
Instrument:	LS 230, VSM Plus
Run number:	2
Start time:	2022-11-18  15:11
Run length:	62
Optical model:	Fraunhofer.rfd   PIDS included
Obscuration:	8
PIDS Obscur:	45
Obscuration:	OK
Serial Number:	7205

From	0.0400
To	2000
Volume 	100
Mean:	77.99
Median:	39.01
D(0,0):	0.103
Mean/Median ratio:	1.999
Mode:	55.13
S.D.:	102.8
Variance:	10572
C.V.:	131.8
Skewness:	2.542
Kurtosis:	8.032
d10:	3.546
d50:	39.01
d90:	204.5
Specific Surf. Area:	10438

% <	Size 
10	3.55
25	12.1
50	39.0
75	104
90	205

% >	Size 
10	205
25	104
50	39.0
75	12.1
90	3.55

Size 	% <
1	3.22
10	22.1
100	74.1
1000	100

Size 	% >
1	96.8
10	77.9
100	25.9
1000	0

Particle	IODP_STV000	Volume	Volume
Diameter	2_02.$ls	% >	%
um	Volume		
	% <		
0.4	1.30	98.7	0.31
0.488	1.62	98.4	0.67
0.69	2.28	97.7	0.88
0.98	3.16	96.8	1.15
1.38	4.31	95.7	1.58
1.95	5.90	94.1	2.15
2.76	8.04	92.0	2.82
3.91	10.9	89.1	3.49
5.52	14.4	85.6	4.24
7.81	18.6	81.4	5.00
11.05	23.6	76.4	5.89
15.63	29.5	70.5	7.01
22.1	36.5	63.5	8.14
31.3	44.6	55.4	8.51
44.2	53.1	46.9	9.18
62.5	62.3	37.7	8.81
88.4	71.1	28.9	8.27
125	79.4	20.6	7.62
177	87.0	13.0	6.79
250	93.8	6.19	3.45
354	97.3	2.74	1.28
500	98.5	1.46	1.44
707	99.98	0.021	0.021
1000	100	0	0
1414	100	0	0
2000	100	0	0
2828	100	0	0
4000	100	0	

Channel	Channel	Channel	Diff.	Cum. <	Cum. >	Diff.
Diameter	Diameter	Diameter	Volume	Volume	Volume	Number
(Lower)	(Center)	(Upper)	%	%	%	%
um	um	um				
0.040	0.042	0.044	0.00065	0	100	1.95
0.044	0.046	0.048	0.00085	0.00065	99.999	1.93
0.048	0.050	0.053	0.0013	0.0015	99.999	2.31
0.053	0.055	0.058	0.0027	0.0028	99.997	3.50
0.058	0.061	0.064	0.0056	0.0055	99.99	5.53
0.064	0.067	0.070	0.010	0.011	99.99	7.79
0.070	0.073	0.077	0.016	0.022	99.98	9.03
0.077	0.080	0.084	0.021	0.038	99.96	9.07
0.084	0.088	0.093	0.027	0.059	99.9	8.51
0.093	0.097	0.102	0.032	0.086	99.9	7.79
0.102	0.106	0.112	0.038	0.12	99.9	6.95
0.112	0.117	0.122	0.044	0.16	99.8	6.03
0.122	0.128	0.134	0.049	0.20	99.8	5.14
0.134	0.141	0.148	0.055	0.25	99.8	4.33
0.148	0.155	0.162	0.060	0.30	99.7	3.61
0.162	0.170	0.178	0.066	0.36	99.6	2.98
0.178	0.186	0.195	0.072	0.43	99.6	2.46
0.195	0.205	0.214	0.079	0.50	99.5	2.03
0.214	0.225	0.235	0.086	0.58	99.4	1.67
0.235	0.247	0.258	0.093	0.67	99.3	1.37
0.258	0.271	0.284	0.10	0.76	99.2	1.13
0.284	0.297	0.311	0.11	0.86	99.1	0.92
0.311	0.326	0.342	0.12	0.97	99.0	0.75
0.342	0.358	0.375	0.13	1.09	98.9	0.61
0.375	0.393	0.412	0.13	1.21	98.8	0.49
0.412	0.431	0.452	0.14	1.35	98.7	0.40
0.452	0.474	0.496	0.15	1.49	98.5	0.32
0.496	0.520	0.545	0.17	1.65	98.4	0.26
0.545	0.571	0.598	0.18	1.81	98.2	0.21
0.598	0.627	0.656	0.19	1.99	98.0	0.17
0.656	0.688	0.721	0.20	2.18	97.8	0.14
0.721	0.755	0.791	0.22	2.38	97.6	0.11
0.791	0.829	0.868	0.23	2.60	97.4	0.091
0.868	0.910	0.953	0.25	2.83	97.2	0.074
0.953	0.999	1.047	0.27	3.08	96.9	0.061
1.047	1.097	1.149	0.30	3.36	96.6	0.050
1.149	1.204	1.261	0.32	3.65	96.3	0.041
1.261	1.321	1.385	0.35	3.98	96.0	0.034
1.385	1.451	1.520	0.38	4.33	95.7	0.028
1.520	1.592	1.668	0.41	4.71	95.3	0.023
1.668	1.748	1.832	0.45	5.12	94.9	0.019
1.832	1.919	2.011	0.49	5.57	94.4	0.015
2.011	2.107	2.207	0.53	6.06	93.9	0.013
2.207	2.313	2.423	0.57	6.59	93.4	0.010
2.423	2.539	2.660	0.62	7.17	92.8	0.0084
2.660	2.787	2.920	0.67	7.79	92.2	0.0068
2.920	3.059	3.205	0.72	8.45	91.5	0.0055
3.205	3.358	3.519	0.77	9.17	90.8	0.0045
3.519	3.687	3.863	0.82	9.94	90.1	0.0036
3.863	4.047	4.240	0.87	10.8	89.2	0.0029
4.240	4.443	4.655	0.92	11.6	88.4	0.0023
4.655	4.877	5.110	0.97	12.5	87.5	0.0019
5.110	5.354	5.610	1.02	13.5	86.5	0.0015
5.610	5.878	6.158	1.08	14.5	85.5	0.0012
6.158	6.452	6.760	1.13	15.6	84.4	0.00093
6.760	7.083	7.421	1.18	16.7	83.3	0.00074
7.421	7.775	8.147	1.24	17.9	82.1	0.00058
8.147	8.536	8.943	1.29	19.2	80.8	0.00046
8.943	9.370	9.817	1.35	20.5	79.5	0.00036
9.817	10.29	10.78	1.41	21.8	78.2	0.00029
10.78	11.29	11.83	1.47	23.2	76.8	0.00023
11.83	12.40	12.99	1.54	24.7	75.3	0.00018
12.99	13.61	14.26	1.61	26.2	73.8	0.00014
14.26	14.94	15.65	1.69	27.8	72.2	0.00011
15.65	16.40	17.18	1.77	29.5	70.5	0.000089
17.18	18.00	18.86	1.86	31.3	68.7	0.000070
18.86	19.76	20.70	1.95	33.1	66.9	0.000056
20.70	21.69	22.73	2.04	35.1	64.9	0.000044
22.73	23.81	24.95	2.13	37.1	62.9	0.000035
24.95	26.14	27.39	2.19	39.3	60.7	0.000027
27.39	28.70	30.07	2.23	41.4	58.6	0.000021
30.07	31.50	33.01	2.25	43.7	56.3	0.000016
33.01	34.58	36.24	2.27	45.9	54.1	0.000012
36.24	37.97	39.78	2.29	48.2	51.8	0.000009
39.78	41.68	43.67	2.34	50.5	49.5	0.000007
43.67	45.75	47.94	2.41	52.8	47.2	0.000006
47.94	50.22	52.62	2.47	55.2	44.8	0.000004
52.62	55.13	57.77	2.51	57.7	42.3	0.000003
57.77	60.52	63.41	2.50	60.2	39.8	0.000002
63.41	66.44	69.61	2.45	62.7	37.3	0.000002
69.61	72.94	76.42	2.38	65.2	34.8	0.000001
76.42	80.07	83.89	2.32	67.6	32.4	0.000001
83.89	87.90	92.09	2.28	69.9	30.1	0.000001
92.09	96.49	101.1	2.25	72.1	27.9	0.000001
101.1	105.9	111.0	2.23	74.4	25.6	4.15E-7
111.0	116.3	121.8	2.19	76.6	23.4	3.09E-7
121.8	127.6	133.7	2.13	78.8	21.2	2.27E-7
133.7	140.1	146.8	2.06	81.0	19.0	1.66E-7
146.8	153.8	161.2	2.01	83.0	17.0	1.22E-7
161.2	168.9	176.9	1.97	85.0	15.0	9.07E-8
176.9	185.4	194.2	1.95	87.0	13.0	6.79E-8
194.2	203.5	213.2	1.91	89.0	11.0	5.03E-8
213.2	223.4	234.1	1.81	90.9	9.13	3.6E-8
234.1	245.2	256.9	1.61	92.7	7.31	2.42E-8
256.9	269.2	282.1	1.30	94.3	5.70	1.48E-8
282.1	295.5	309.6	0.93	95.6	4.40	7.99E-9
309.6	324.4	339.9	0.58	96.5	3.47	3.79E-9
339.9	356.1	373.1	0.35	97.1	2.88	1.71E-9
373.1	390.9	409.6	0.26	97.5	2.54	9.67E-10
409.6	429.2	449.7	0.30	97.7	2.28	8.32E-10
449.7	471.1	493.6	0.44	98.0	1.98	9.35E-10
493.6	517.2	541.9	0.59	98.5	1.54	9.44E-10
541.9	567.7	594.9	0.54	99.1	0.95	6.55E-10
594.9	623.3	653.0	0.32	99.6	0.40	2.88E-10
653.0	684.2	716.8	0.080	99.9	0.089	5.54E-11
716.8	751.1	786.9	0.0089	99.99	0.0089	4.66E-12
786.9	824.5	863.9	0	100	0	0
863.9	905.1	948.3	0	100	0	0
948.3	993.6	1041	0	100	0	0
1041	1091	1143	0	100	0	0
1143	1197	1255	0	100	0	0
1255	1314	1377	0	100	0	0
1377	1443	1512	0	100	0	0
1512	1584	1660	0	100	0	0
1660	1739	1822	0	100	0	0
1822	1909	2000	0	100	0	0
2000				100	0	

