LS	2022-11-18  17:09
File name:	IODP_std_MazPB_24.$ls
File ID:	IODP
Sample ID:	std_MazPB
Operator:	RG
Bar code:	
Comment 1:	
Comment 2:	
Instrument:	LS 230, VSM Plus
Run number:	24
Start time:	2022-11-18  17:08
Run length:	62
Optical model:	Fraunhofer.rfd   PIDS included
Obscuration:	12
PIDS Obscur:	50
Obscuration:	OK
Serial Number:	7205

From	0.0400
To	2000
Volume 	100
Mean:	64.99
Median:	32.59
D(0,0):	0.108
Mean/Median ratio:	1.994
Mode:	34.58
S.D.:	88.63
Variance:	7856
C.V.:	136.4
Skewness:	2.707
Kurtosis:	8.709
d10:	4.648
d50:	32.59
d90:	174.8
Specific Surf. Area:	8207

% <	Size 
10	4.65
25	13.6
50	32.6
75	73.0
90	175

% >	Size 
10	175
25	73.0
50	32.6
75	13.6
90	4.65

Size 	% <
1	2.37
10	19.3
100	81.4
1000	100

Size 	% >
1	97.6
10	80.7
100	18.6
1000	0

Particle	IODP_std	Volume	Volume
Diameter	_MazPB_24	% >	%
um	.$ls		
	Volume		
	% <		
0.4	0.83	99.2	0.23
0.488	1.07	98.9	0.53
0.69	1.59	98.4	0.73
0.98	2.32	97.7	0.96
1.38	3.29	96.7	1.30
1.95	4.59	95.4	1.73
2.76	6.31	93.7	2.29
3.91	8.60	91.4	3.01
5.52	11.6	88.4	4.05
7.81	15.7	84.3	5.38
11.05	21.0	79.0	7.14
15.63	28.2	71.8	9.28
22.1	37.5	62.5	11.2
31.3	48.6	51.4	11.5
44.2	60.2	39.8	10.8
62.5	70.9	29.1	8.22
88.4	79.2	20.8	5.83
125	85.0	15.0	5.20
177	90.2	9.81	4.58
250	94.8	5.23	3.07
354	97.8	2.16	1.62
500	99.5	0.54	0.54
707	99.996	0.0044	0.0044
1000	100	0	0
1414	100	0	0
2000	100	0	0
2828	100	0	0
4000	100	0	

Channel	Channel	Channel	Diff.	Cum. <	Cum. >	Diff.
Diameter	Diameter	Diameter	Volume	Volume	Volume	Number
(Lower)	(Center)	(Upper)	%	%	%	%
um	um	um				
0.040	0.042	0.044	0.00034	0	100	1.81
0.044	0.046	0.048	0.00044	0.00034	100	1.78
0.048	0.050	0.053	0.00070	0.00078	99.999	2.14
0.053	0.055	0.058	0.0014	0.0015	99.999	3.22
0.058	0.061	0.064	0.0029	0.0029	99.997	5.08
0.064	0.067	0.070	0.0055	0.0058	99.99	7.21
0.070	0.073	0.077	0.0085	0.011	99.99	8.49
0.077	0.080	0.084	0.011	0.020	99.98	8.66
0.084	0.088	0.093	0.014	0.031	99.97	8.23
0.093	0.097	0.102	0.018	0.046	99.95	7.61
0.102	0.106	0.112	0.021	0.063	99.9	6.89
0.112	0.117	0.122	0.025	0.085	99.9	6.07
0.122	0.128	0.134	0.028	0.11	99.9	5.24
0.134	0.141	0.148	0.032	0.14	99.9	4.47
0.148	0.155	0.162	0.036	0.17	99.8	3.79
0.162	0.170	0.178	0.040	0.20	99.8	3.19
0.178	0.186	0.195	0.044	0.24	99.8	2.67
0.195	0.205	0.214	0.049	0.29	99.7	2.25
0.214	0.225	0.235	0.054	0.34	99.7	1.89
0.235	0.247	0.258	0.061	0.39	99.6	1.59
0.258	0.271	0.284	0.067	0.45	99.5	1.33
0.284	0.297	0.311	0.074	0.52	99.5	1.12
0.311	0.326	0.342	0.082	0.59	99.4	0.93
0.342	0.358	0.375	0.090	0.68	99.3	0.77
0.375	0.393	0.412	0.098	0.77	99.2	0.64
0.412	0.431	0.452	0.11	0.86	99.1	0.52
0.452	0.474	0.496	0.12	0.97	99.0	0.43
0.496	0.520	0.545	0.13	1.09	98.9	0.36
0.545	0.571	0.598	0.14	1.22	98.8	0.29
0.598	0.627	0.656	0.15	1.35	98.6	0.24
0.656	0.688	0.721	0.16	1.51	98.5	0.20
0.721	0.755	0.791	0.18	1.67	98.3	0.16
0.791	0.829	0.868	0.19	1.85	98.2	0.13
0.868	0.910	0.953	0.21	2.04	98.0	0.11
0.953	0.999	1.047	0.23	2.26	97.7	0.091
1.047	1.097	1.149	0.25	2.49	97.5	0.074
1.149	1.204	1.261	0.27	2.73	97.3	0.061
1.261	1.321	1.385	0.29	3.00	97.0	0.050
1.385	1.451	1.520	0.32	3.30	96.7	0.041
1.520	1.592	1.668	0.34	3.61	96.4	0.033
1.668	1.748	1.832	0.37	3.95	96.0	0.027
1.832	1.919	2.011	0.40	4.32	95.7	0.022
2.011	2.107	2.207	0.43	4.72	95.3	0.018
2.207	2.313	2.423	0.46	5.15	94.9	0.015
2.423	2.539	2.660	0.50	5.61	94.4	0.012
2.660	2.787	2.920	0.53	6.11	93.9	0.0097
2.920	3.059	3.205	0.58	6.64	93.4	0.0079
3.205	3.358	3.519	0.62	7.22	92.8	0.0064
3.519	3.687	3.863	0.67	7.84	92.2	0.0053
3.863	4.047	4.240	0.72	8.51	91.5	0.0043
4.240	4.443	4.655	0.78	9.23	90.8	0.0035
4.655	4.877	5.110	0.85	10.0	90.0	0.0029
5.110	5.354	5.610	0.92	10.9	89.1	0.0023
5.610	5.878	6.158	0.99	11.8	88.2	0.0019
6.158	6.452	6.760	1.07	12.8	87.2	0.0016
6.760	7.083	7.421	1.16	13.8	86.2	0.0013
7.421	7.775	8.147	1.25	15.0	85.0	0.0010
8.147	8.536	8.943	1.35	16.2	83.8	0.00085
8.943	9.370	9.817	1.45	17.6	82.4	0.00069
9.817	10.29	10.78	1.57	19.0	81.0	0.00057
10.78	11.29	11.83	1.69	20.6	79.4	0.00046
11.83	12.40	12.99	1.83	22.3	77.7	0.00038
12.99	13.61	14.26	1.97	24.1	75.9	0.00031
14.26	14.94	15.65	2.12	26.1	73.9	0.00025
15.65	16.40	17.18	2.28	28.2	71.8	0.00020
17.18	18.00	18.86	2.45	30.5	69.5	0.00016
18.86	19.76	20.70	2.61	32.9	67.1	0.00013
20.70	21.69	22.73	2.76	35.6	64.4	0.00011
22.73	23.81	24.95	2.90	38.3	61.7	0.000084
24.95	26.14	27.39	3.01	41.2	58.8	0.000066
27.39	28.70	30.07	3.09	44.2	55.8	0.000051
30.07	31.50	33.01	3.12	47.3	52.7	0.000039
33.01	34.58	36.24	3.13	50.4	49.6	0.000030
36.24	37.97	39.78	3.12	53.6	46.4	0.000022
39.78	41.68	43.67	3.09	56.7	43.3	0.000017
43.67	45.75	47.94	3.05	59.8	40.2	0.000013
47.94	50.22	52.62	2.98	62.8	37.2	0.000009
52.62	55.13	57.77	2.87	65.8	34.2	0.000007
57.77	60.52	63.41	2.71	68.7	31.3	0.000005
63.41	66.44	69.61	2.50	71.4	28.6	0.000003
69.61	72.94	76.42	2.26	73.9	26.1	0.000002
76.42	80.07	83.89	2.02	76.1	23.9	0.000002
83.89	87.90	92.09	1.81	78.2	21.8	0.000001
92.09	96.49	101.1	1.65	80.0	20.0	0.000001
101.1	105.9	111.0	1.53	81.6	18.4	0.000001
111.0	116.3	121.8	1.46	83.2	16.8	3.65E-7
121.8	127.6	133.7	1.42	84.6	15.4	2.69E-7
133.7	140.1	146.8	1.40	86.0	14.0	2E-7
146.8	153.8	161.2	1.39	87.4	12.6	1.5E-7
161.2	168.9	176.9	1.37	88.8	11.2	1.12E-7
176.9	185.4	194.2	1.33	90.2	9.82	8.24E-8
194.2	203.5	213.2	1.28	91.5	8.48	5.98E-8
213.2	223.4	234.1	1.20	92.8	7.20	4.25E-8
234.1	245.2	256.9	1.10	94.0	6.00	2.93E-8
256.9	269.2	282.1	0.97	95.1	4.90	1.96E-8
282.1	295.5	309.6	0.83	96.1	3.93	1.26E-8
309.6	324.4	339.9	0.69	96.9	3.10	7.96E-9
339.9	356.1	373.1	0.57	97.6	2.41	4.98E-9
373.1	390.9	409.6	0.48	98.2	1.83	3.17E-9
409.6	429.2	449.7	0.42	98.6	1.35	2.07E-9
449.7	471.1	493.6	0.36	99.1	0.94	1.35E-9
493.6	517.2	541.9	0.29	99.4	0.58	8.26E-10
541.9	567.7	594.9	0.19	99.7	0.29	4E-10
594.9	623.3	653.0	0.083	99.9	0.10	1.35E-10
653.0	684.2	716.8	0.018	99.98	0.019	2.19E-11
716.8	751.1	786.9	0.0016	99.998	0.0016	1.49E-12
786.9	824.5	863.9	0	100	0	0
863.9	905.1	948.3	0	100	0	0
948.3	993.6	1041	0	100	0	0
1041	1091	1143	0	100	0	0
1143	1197	1255	0	100	0	0
1255	1314	1377	0	100	0	0
1377	1443	1512	0	100	0	0
1512	1584	1660	0	100	0	0
1660	1739	1822	0	100	0	0
1822	1909	2000	0	100	0	0
2000				100	0	

