LS	2022-11-18  15:33
File name:	IODP_STV0002_05.$ls
File ID:	IODP
Sample ID:	STV0002
Operator:	RG
Bar code:	
Comment 1:	
Comment 2:	
Instrument:	LS 230, VSM Plus
Run number:	5
Start time:	2022-11-18  15:32
Run length:	62
Optical model:	Fraunhofer.rfd   PIDS included
Obscuration:	8
PIDS Obscur:	42
Obscuration:	OK
Serial Number:	7205

From	0.0400
To	2000
Volume 	100
Mean:	73.77
Median:	38.62
D(0,0):	0.102
Mean/Median ratio:	1.910
Mode:	55.13
S.D.:	91.85
Variance:	8437
C.V.:	124.5
Skewness:	2.311
Kurtosis:	7.037
d10:	3.515
d50:	38.62
d90:	195.8
Specific Surf. Area:	10537

% <	Size 
10	3.52
25	12.0
50	38.6
75	102
90	196

% >	Size 
10	196
25	102
50	38.6
75	12.0
90	3.52

Size 	% <
1	3.26
10	22.2
100	74.6
1000	100

Size 	% >
1	96.7
10	77.8
100	25.4
1000	0

Particle	IODP_STV000	Volume	Volume
Diameter	2_05.$ls	% >	%
um	Volume		
	% <		
0.4	1.32	98.7	0.32
0.488	1.64	98.4	0.67
0.69	2.31	97.7	0.89
0.98	3.20	96.8	1.16
1.38	4.36	95.6	1.59
1.95	5.95	94.0	2.16
2.76	8.11	91.9	2.83
3.91	10.9	89.1	3.51
5.52	14.4	85.6	4.27
7.81	18.7	81.3	5.03
11.05	23.7	76.3	5.92
15.63	29.7	70.3	7.02
22.1	36.7	63.3	8.14
31.3	44.8	55.2	8.61
44.2	53.4	46.6	9.21
62.5	62.6	37.4	8.91
88.4	71.5	28.5	8.42
125	80.0	20.0	7.86
177	87.8	12.2	6.86
250	94.7	5.32	3.46
354	98.1	1.86	1.18
500	99.3	0.67	0.67
707	99.99	0.0073	0.0073
1000	100	0	0
1414	100	0	0
2000	100	0	0
2828	100	0	0
4000	100	0	

Channel	Channel	Channel	Diff.	Cum. <	Cum. >	Diff.
Diameter	Diameter	Diameter	Volume	Volume	Volume	Number
(Lower)	(Center)	(Upper)	%	%	%	%
um	um	um				
0.040	0.042	0.044	0.00066	0	100	1.94
0.044	0.046	0.048	0.00086	0.00066	99.999	1.93
0.048	0.050	0.053	0.0014	0.0015	99.998	2.33
0.053	0.055	0.058	0.0028	0.0029	99.997	3.55
0.058	0.061	0.064	0.0058	0.0057	99.99	5.61
0.064	0.067	0.070	0.011	0.011	99.99	7.86
0.070	0.073	0.077	0.016	0.022	99.98	9.05
0.077	0.080	0.084	0.022	0.039	99.96	9.06
0.084	0.088	0.093	0.027	0.060	99.9	8.49
0.093	0.097	0.102	0.033	0.087	99.9	7.76
0.102	0.106	0.112	0.038	0.12	99.9	6.92
0.112	0.117	0.122	0.044	0.16	99.8	6.00
0.122	0.128	0.134	0.050	0.20	99.8	5.12
0.134	0.141	0.148	0.055	0.25	99.7	4.31
0.148	0.155	0.162	0.061	0.31	99.7	3.59
0.162	0.170	0.178	0.067	0.37	99.6	2.97
0.178	0.186	0.195	0.073	0.43	99.6	2.45
0.195	0.205	0.214	0.079	0.51	99.5	2.02
0.214	0.225	0.235	0.087	0.59	99.4	1.66
0.235	0.247	0.258	0.094	0.67	99.3	1.37
0.258	0.271	0.284	0.10	0.77	99.2	1.12
0.284	0.297	0.311	0.11	0.87	99.1	0.92
0.311	0.326	0.342	0.12	0.98	99.0	0.75
0.342	0.358	0.375	0.13	1.10	98.9	0.61
0.375	0.393	0.412	0.14	1.23	98.8	0.49
0.412	0.431	0.452	0.15	1.36	98.6	0.40
0.452	0.474	0.496	0.16	1.51	98.5	0.32
0.496	0.520	0.545	0.17	1.67	98.3	0.26
0.545	0.571	0.598	0.18	1.83	98.2	0.21
0.598	0.627	0.656	0.19	2.01	98.0	0.17
0.656	0.688	0.721	0.21	2.20	97.8	0.14
0.721	0.755	0.791	0.22	2.41	97.6	0.11
0.791	0.829	0.868	0.24	2.63	97.4	0.091
0.868	0.910	0.953	0.26	2.87	97.1	0.074
0.953	0.999	1.047	0.28	3.12	96.9	0.060
1.047	1.097	1.149	0.30	3.40	96.6	0.049
1.149	1.204	1.261	0.32	3.70	96.3	0.041
1.261	1.321	1.385	0.35	4.02	96.0	0.033
1.385	1.451	1.520	0.38	4.38	95.6	0.027
1.520	1.592	1.668	0.42	4.76	95.2	0.023
1.668	1.748	1.832	0.45	5.18	94.8	0.018
1.832	1.919	2.011	0.49	5.63	94.4	0.015
2.011	2.107	2.207	0.53	6.12	93.9	0.012
2.207	2.313	2.423	0.58	6.65	93.3	0.010
2.423	2.539	2.660	0.62	7.23	92.8	0.0083
2.660	2.787	2.920	0.67	7.85	92.1	0.0067
2.920	3.059	3.205	0.72	8.52	91.5	0.0055
3.205	3.358	3.519	0.77	9.24	90.8	0.0044
3.519	3.687	3.863	0.82	10.0	90.0	0.0036
3.863	4.047	4.240	0.87	10.8	89.2	0.0029
4.240	4.443	4.655	0.92	11.7	88.3	0.0023
4.655	4.877	5.110	0.98	12.6	87.4	0.0018
5.110	5.354	5.610	1.03	13.6	86.4	0.0015
5.610	5.878	6.158	1.08	14.6	85.4	0.0012
6.158	6.452	6.760	1.14	15.7	84.3	0.00092
6.760	7.083	7.421	1.19	16.9	83.1	0.00073
7.421	7.775	8.147	1.24	18.0	82.0	0.00058
8.147	8.536	8.943	1.30	19.3	80.7	0.00046
8.943	9.370	9.817	1.36	20.6	79.4	0.00036
9.817	10.29	10.78	1.41	21.9	78.1	0.00028
10.78	11.29	11.83	1.48	23.4	76.6	0.00022
11.83	12.40	12.99	1.54	24.8	75.2	0.00018
12.99	13.61	14.26	1.61	26.4	73.6	0.00014
14.26	14.94	15.65	1.69	28.0	72.0	0.00011
15.65	16.40	17.18	1.77	29.7	70.3	0.000088
17.18	18.00	18.86	1.86	31.5	68.5	0.000070
18.86	19.76	20.70	1.95	33.3	66.7	0.000055
20.70	21.69	22.73	2.04	35.3	64.7	0.000044
22.73	23.81	24.95	2.12	37.3	62.7	0.000034
24.95	26.14	27.39	2.19	39.4	60.6	0.000027
27.39	28.70	30.07	2.24	41.6	58.4	0.000021
30.07	31.50	33.01	2.27	43.9	56.1	0.000016
33.01	34.58	36.24	2.29	46.1	53.9	0.000012
36.24	37.97	39.78	2.32	48.4	51.6	0.000009
39.78	41.68	43.67	2.37	50.8	49.2	0.000007
43.67	45.75	47.94	2.43	53.1	46.9	0.000006
47.94	50.22	52.62	2.48	55.6	44.4	0.000004
52.62	55.13	57.77	2.51	58.0	42.0	0.000003
57.77	60.52	63.41	2.50	60.5	39.5	0.000002
63.41	66.44	69.61	2.46	63.0	37.0	0.000002
69.61	72.94	76.42	2.41	65.5	34.5	0.000001
76.42	80.07	83.89	2.36	67.9	32.1	0.000001
83.89	87.90	92.09	2.32	70.3	29.7	0.000001
92.09	96.49	101.1	2.30	72.6	27.4	0.000001
101.1	105.9	111.0	2.27	74.9	25.1	4.16E-7
111.0	116.3	121.8	2.23	77.2	22.8	3.09E-7
121.8	127.6	133.7	2.18	79.4	20.6	2.28E-7
133.7	140.1	146.8	2.12	81.6	18.4	1.68E-7
146.8	153.8	161.2	2.08	83.7	16.3	1.24E-7
161.2	168.9	176.9	2.05	85.8	14.2	9.28E-8
176.9	185.4	194.2	2.02	87.8	12.2	6.91E-8
194.2	203.5	213.2	1.95	89.8	10.2	5.04E-8
213.2	223.4	234.1	1.81	91.8	8.21	3.53E-8
234.1	245.2	256.9	1.57	93.6	6.41	2.32E-8
256.9	269.2	282.1	1.26	95.2	4.84	1.41E-8
282.1	295.5	309.6	0.92	96.4	3.58	7.79E-9
309.6	324.4	339.9	0.62	97.3	2.66	3.98E-9
339.9	356.1	373.1	0.41	98.0	2.03	2E-9
373.1	390.9	409.6	0.31	98.4	1.62	1.13E-9
409.6	429.2	449.7	0.29	98.7	1.31	7.88E-10
449.7	471.1	493.6	0.31	99.0	1.02	6.39E-10
493.6	517.2	541.9	0.32	99.3	0.72	4.98E-10
541.9	567.7	594.9	0.24	99.6	0.40	2.91E-10
594.9	623.3	653.0	0.12	99.8	0.16	1.12E-10
653.0	684.2	716.8	0.029	99.97	0.032	1.97E-11
716.8	751.1	786.9	0.0028	99.997	0.0028	1.46E-12
786.9	824.5	863.9	0	100	0	0
863.9	905.1	948.3	0	100	0	0
948.3	993.6	1041	0	100	0	0
1041	1091	1143	0	100	0	0
1143	1197	1255	0	100	0	0
1255	1314	1377	0	100	0	0
1377	1443	1512	0	100	0	0
1512	1584	1660	0	100	0	0
1660	1739	1822	0	100	0	0
1822	1909	2000	0	100	0	0
2000				100	0	

