LS	2022-11-18  10:36
File name:	IODP_std_MazPB_03.$ls
File ID:	IODP
Sample ID:	std_MazPB
Operator:	RG
Bar code:	
Comment 1:	
Comment 2:	
Instrument:	LS 230, VSM Plus
Run number:	3
Start time:	2022-11-18  10:35
Run length:	61
Optical model:	Fraunhofer.rfd   PIDS included
Obscuration:	10
PIDS Obscur:	43
Obscuration:	OK
Serial Number:	7205

From	0.0400
To	2000
Volume 	100
Mean:	68.06
Median:	33.07
D(0,0):	0.107
Mean/Median ratio:	2.058
Mode:	34.58
S.D.:	95.62
Variance:	9144
C.V.:	140.5
Skewness:	2.796
Kurtosis:	9.162
d10:	4.732
d50:	33.07
d90:	180.1
Specific Surf. Area:	8047

% <	Size 
10	4.73
25	13.8
50	33.1
75	74.9
90	180

% >	Size 
10	180
25	74.9
50	33.1
75	13.8
90	4.73

Size 	% <
1	2.31
10	19.0
100	80.7
1000	100

Size 	% >
1	97.7
10	81.0
100	19.3
1000	0

Particle	IODP_std	Volume	Volume
Diameter	_MazPB_03	% >	%
um	.$ls		
	Volume		
	% <		
0.4	0.80	99.2	0.23
0.488	1.03	99.0	0.51
0.69	1.55	98.5	0.72
0.98	2.26	97.7	0.95
1.38	3.22	96.8	1.29
1.95	4.50	95.5	1.71
2.76	6.21	93.8	2.26
3.91	8.46	91.5	2.97
5.52	11.4	88.6	3.99
7.81	15.4	84.6	5.32
11.05	20.7	79.3	7.09
15.63	27.8	72.2	9.23
22.1	37.1	62.9	11.1
31.3	48.1	51.9	11.4
44.2	59.6	40.4	10.8
62.5	70.3	29.7	8.13
88.4	78.5	21.5	5.85
125	84.3	15.7	5.45
177	89.8	10.2	4.36
250	94.1	5.87	3.07
354	97.2	2.80	1.94
500	99.1	0.87	0.85
707	99.98	0.019	0.019
1000	100	0	0
1414	100	0	0
2000	100	0	0
2828	100	0	0
4000	100	0	

Channel	Channel	Channel	Diff.	Cum. <	Cum. >	Diff.
Diameter	Diameter	Diameter	Volume	Volume	Volume	Number
(Lower)	(Center)	(Upper)	%	%	%	%
um	um	um				
0.040	0.042	0.044	0.00032	0	100	1.78
0.044	0.046	0.048	0.00043	0.00032	100	1.78
0.048	0.050	0.053	0.00069	0.00075	99.999	2.17
0.053	0.055	0.058	0.0014	0.0014	99.999	3.30
0.058	0.061	0.064	0.0029	0.0028	99.997	5.21
0.064	0.067	0.070	0.0054	0.0057	99.99	7.31
0.070	0.073	0.077	0.0083	0.011	99.99	8.50
0.077	0.080	0.084	0.011	0.019	99.98	8.62
0.084	0.088	0.093	0.014	0.030	99.97	8.17
0.093	0.097	0.102	0.017	0.044	99.96	7.57
0.102	0.106	0.112	0.020	0.061	99.9	6.84
0.112	0.117	0.122	0.024	0.082	99.9	6.02
0.122	0.128	0.134	0.027	0.11	99.9	5.20
0.134	0.141	0.148	0.031	0.13	99.9	4.44
0.148	0.155	0.162	0.034	0.16	99.8	3.77
0.162	0.170	0.178	0.038	0.20	99.8	3.17
0.178	0.186	0.195	0.042	0.24	99.8	2.66
0.195	0.205	0.214	0.047	0.28	99.7	2.24
0.214	0.225	0.235	0.053	0.33	99.7	1.88
0.235	0.247	0.258	0.059	0.38	99.6	1.59
0.258	0.271	0.284	0.065	0.44	99.6	1.33
0.284	0.297	0.311	0.072	0.50	99.5	1.11
0.311	0.326	0.342	0.079	0.57	99.4	0.93
0.342	0.358	0.375	0.087	0.65	99.3	0.77
0.375	0.393	0.412	0.095	0.74	99.3	0.64
0.412	0.431	0.452	0.10	0.84	99.2	0.53
0.452	0.474	0.496	0.11	0.94	99.1	0.44
0.496	0.520	0.545	0.12	1.05	98.9	0.36
0.545	0.571	0.598	0.14	1.18	98.8	0.30
0.598	0.627	0.656	0.15	1.31	98.7	0.24
0.656	0.688	0.721	0.16	1.46	98.5	0.20
0.721	0.755	0.791	0.18	1.62	98.4	0.17
0.791	0.829	0.868	0.19	1.80	98.2	0.14
0.868	0.910	0.953	0.21	1.99	98.0	0.11
0.953	0.999	1.047	0.23	2.20	97.8	0.092
1.047	1.097	1.149	0.25	2.43	97.6	0.076
1.149	1.204	1.261	0.27	2.67	97.3	0.062
1.261	1.321	1.385	0.29	2.94	97.1	0.051
1.385	1.451	1.520	0.31	3.23	96.8	0.042
1.520	1.592	1.668	0.34	3.54	96.5	0.034
1.668	1.748	1.832	0.36	3.88	96.1	0.028
1.832	1.919	2.011	0.39	4.24	95.8	0.023
2.011	2.107	2.207	0.42	4.63	95.4	0.018
2.207	2.313	2.423	0.46	5.06	94.9	0.015
2.423	2.539	2.660	0.49	5.51	94.5	0.012
2.660	2.787	2.920	0.53	6.00	94.0	0.0099
2.920	3.059	3.205	0.57	6.53	93.5	0.0081
3.205	3.358	3.519	0.61	7.10	92.9	0.0066
3.519	3.687	3.863	0.66	7.71	92.3	0.0054
3.863	4.047	4.240	0.71	8.37	91.6	0.0044
4.240	4.443	4.655	0.77	9.09	90.9	0.0036
4.655	4.877	5.110	0.83	9.86	90.1	0.0029
5.110	5.354	5.610	0.90	10.7	89.3	0.0024
5.610	5.878	6.158	0.97	11.6	88.4	0.0019
6.158	6.452	6.760	1.05	12.6	87.4	0.0016
6.760	7.083	7.421	1.14	13.6	86.4	0.0013
7.421	7.775	8.147	1.23	14.8	85.2	0.0011
8.147	8.536	8.943	1.33	16.0	84.0	0.00087
8.943	9.370	9.817	1.43	17.3	82.7	0.00071
9.817	10.29	10.78	1.55	18.8	81.2	0.00058
10.78	11.29	11.83	1.68	20.3	79.7	0.00047
11.83	12.40	12.99	1.81	22.0	78.0	0.00039
12.99	13.61	14.26	1.96	23.8	76.2	0.00032
14.26	14.94	15.65	2.11	25.7	74.3	0.00026
15.65	16.40	17.18	2.27	27.9	72.1	0.00021
17.18	18.00	18.86	2.44	30.1	69.9	0.00017
18.86	19.76	20.70	2.60	32.6	67.4	0.00014
20.70	21.69	22.73	2.75	35.2	64.8	0.00011
22.73	23.81	24.95	2.89	37.9	62.1	0.000087
24.95	26.14	27.39	2.99	40.8	59.2	0.000068
27.39	28.70	30.07	3.06	43.8	56.2	0.000053
30.07	31.50	33.01	3.09	46.9	53.1	0.000040
33.01	34.58	36.24	3.10	49.9	50.1	0.000030
36.24	37.97	39.78	3.08	53.0	47.0	0.000023
39.78	41.68	43.67	3.06	56.1	43.9	0.000017
43.67	45.75	47.94	3.03	59.2	40.8	0.000013
47.94	50.22	52.62	2.97	62.2	37.8	0.000010
52.62	55.13	57.77	2.87	65.2	34.8	0.000007
57.77	60.52	63.41	2.71	68.1	31.9	0.000005
63.41	66.44	69.61	2.49	70.8	29.2	0.000003
69.61	72.94	76.42	2.24	73.3	26.7	0.000002
76.42	80.07	83.89	1.99	75.5	24.5	0.000002
83.89	87.90	92.09	1.77	77.5	22.5	0.000001
92.09	96.49	101.1	1.62	79.3	20.7	0.000001
101.1	105.9	111.0	1.53	80.9	19.1	0.000001
111.0	116.3	121.8	1.50	82.4	17.6	3.87E-7
121.8	127.6	133.7	1.50	83.9	16.1	2.92E-7
133.7	140.1	146.8	1.49	85.4	14.6	2.2E-7
146.8	153.8	161.2	1.46	86.9	13.1	1.63E-7
161.2	168.9	176.9	1.40	88.4	11.6	1.18E-7
176.9	185.4	194.2	1.31	89.8	10.2	8.35E-8
194.2	203.5	213.2	1.22	91.1	8.93	5.85E-8
213.2	223.4	234.1	1.12	92.3	7.71	4.08E-8
234.1	245.2	256.9	1.03	93.4	6.59	2.83E-8
256.9	269.2	282.1	0.93	94.4	5.56	1.94E-8
282.1	295.5	309.6	0.83	95.4	4.63	1.31E-8
309.6	324.4	339.9	0.73	96.2	3.80	8.63E-9
339.9	356.1	373.1	0.63	96.9	3.07	5.67E-9
373.1	390.9	409.6	0.56	97.6	2.44	3.78E-9
409.6	429.2	449.7	0.50	98.1	1.88	2.59E-9
449.7	471.1	493.6	0.46	98.6	1.38	1.78E-9
493.6	517.2	541.9	0.40	99.1	0.92	1.16E-9
541.9	567.7	594.9	0.29	99.5	0.53	6.52E-10
594.9	623.3	653.0	0.16	99.8	0.23	2.74E-10
653.0	684.2	716.8	0.058	99.9	0.068	7.29E-11
716.8	751.1	786.9	0.0099	99.99	0.010	9.5E-12
786.9	824.5	863.9	0.00056	99.999	0.00056	4.08E-13
863.9	905.1	948.3	0	100	0	0
948.3	993.6	1041	0	100	0	0
1041	1091	1143	0	100	0	0
1143	1197	1255	0	100	0	0
1255	1314	1377	0	100	0	0
1377	1443	1512	0	100	0	0
1512	1584	1660	0	100	0	0
1660	1739	1822	0	100	0	0
1822	1909	2000	0	100	0	0
2000				100	0	

