LS	2022-11-18  11:35
File name:	IODP_std_MazPB_12.$ls
File ID:	IODP
Sample ID:	std_MazPB
Operator:	RG
Bar code:	
Comment 1:	
Comment 2:	
Instrument:	LS 230, VSM Plus
Run number:	12
Start time:	2022-11-18  11:34
Run length:	61
Optical model:	Fraunhofer.rfd   PIDS included
Obscuration:	11
PIDS Obscur:	51
Obscuration:	OK
Serial Number:	7205

From	0.0400
To	2000
Volume 	100
Mean:	68.99
Median:	33.69
D(0,0):	0.108
Mean/Median ratio:	2.048
Mode:	34.58
S.D.:	94.44
Variance:	8918
C.V.:	136.9
Skewness:	2.646
Kurtosis:	8.248
d10:	4.799
d50:	33.69
d90:	189.7
Specific Surf. Area:	7966

% <	Size 
10	4.80
25	14.0
50	33.7
75	77.2
90	190

% >	Size 
10	190
25	77.2
50	33.7
75	14.0
90	4.80

Size 	% <
1	2.28
10	18.8
100	80.1
1000	100

Size 	% >
1	97.7
10	81.2
100	19.9
1000	0

Particle	IODP_std	Volume	Volume
Diameter	_MazPB_12	% >	%
um	.$ls		
	Volume		
	% <		
0.4	0.80	99.2	0.22
0.488	1.02	99.0	0.51
0.69	1.53	98.5	0.70
0.98	2.23	97.8	0.93
1.38	3.17	96.8	1.27
1.95	4.44	95.6	1.69
2.76	6.12	93.9	2.23
3.91	8.36	91.6	2.94
5.52	11.3	88.7	3.95
7.81	15.2	84.8	5.25
11.05	20.5	79.5	6.98
15.63	27.5	72.5	9.10
22.1	36.6	63.4	11.0
31.3	47.6	52.4	11.3
44.2	58.9	41.1	10.7
62.5	69.6	30.4	8.20
88.4	77.8	22.2	5.94
125	83.7	16.3	5.27
177	89.0	11.0	4.86
250	93.9	6.13	3.61
354	97.5	2.52	1.79
500	99.3	0.73	0.72
707	99.99	0.015	0.015
1000	100	0	0
1414	100	0	0
2000	100	0	0
2828	100	0	0
4000	100	0	

Channel	Channel	Channel	Diff.	Cum. <	Cum. >	Diff.
Diameter	Diameter	Diameter	Volume	Volume	Volume	Number
(Lower)	(Center)	(Upper)	%	%	%	%
um	um	um				
0.040	0.042	0.044	0.00033	0	100	1.81
0.044	0.046	0.048	0.00043	0.00033	100	1.79
0.048	0.050	0.053	0.00068	0.00075	99.999	2.14
0.053	0.055	0.058	0.0013	0.0014	99.999	3.22
0.058	0.061	0.064	0.0028	0.0028	99.997	5.09
0.064	0.067	0.070	0.0053	0.0056	99.99	7.22
0.070	0.073	0.077	0.0082	0.011	99.99	8.50
0.077	0.080	0.084	0.011	0.019	99.98	8.67
0.084	0.088	0.093	0.014	0.030	99.97	8.23
0.093	0.097	0.102	0.017	0.044	99.96	7.62
0.102	0.106	0.112	0.020	0.061	99.9	6.89
0.112	0.117	0.122	0.024	0.081	99.9	6.06
0.122	0.128	0.134	0.027	0.11	99.9	5.24
0.134	0.141	0.148	0.031	0.13	99.9	4.47
0.148	0.155	0.162	0.034	0.16	99.8	3.78
0.162	0.170	0.178	0.038	0.20	99.8	3.18
0.178	0.186	0.195	0.042	0.24	99.8	2.67
0.195	0.205	0.214	0.047	0.28	99.7	2.24
0.214	0.225	0.235	0.052	0.32	99.7	1.88
0.235	0.247	0.258	0.058	0.38	99.6	1.58
0.258	0.271	0.284	0.065	0.44	99.6	1.33
0.284	0.297	0.311	0.071	0.50	99.5	1.11
0.311	0.326	0.342	0.079	0.57	99.4	0.93
0.342	0.358	0.375	0.086	0.65	99.4	0.77
0.375	0.393	0.412	0.094	0.74	99.3	0.63
0.412	0.431	0.452	0.10	0.83	99.2	0.52
0.452	0.474	0.496	0.11	0.93	99.1	0.43
0.496	0.520	0.545	0.12	1.05	99.0	0.36
0.545	0.571	0.598	0.13	1.17	98.8	0.29
0.598	0.627	0.656	0.15	1.30	98.7	0.24
0.656	0.688	0.721	0.16	1.45	98.6	0.20
0.721	0.755	0.791	0.17	1.61	98.4	0.16
0.791	0.829	0.868	0.19	1.78	98.2	0.13
0.868	0.910	0.953	0.20	1.97	98.0	0.11
0.953	0.999	1.047	0.22	2.17	97.8	0.091
1.047	1.097	1.149	0.24	2.39	97.6	0.075
1.149	1.204	1.261	0.26	2.63	97.4	0.061
1.261	1.321	1.385	0.28	2.90	97.1	0.050
1.385	1.451	1.520	0.31	3.18	96.8	0.041
1.520	1.592	1.668	0.33	3.49	96.5	0.034
1.668	1.748	1.832	0.36	3.82	96.2	0.027
1.832	1.919	2.011	0.39	4.18	95.8	0.022
2.011	2.107	2.207	0.42	4.57	95.4	0.018
2.207	2.313	2.423	0.45	4.98	95.0	0.015
2.423	2.539	2.660	0.49	5.44	94.6	0.012
2.660	2.787	2.920	0.52	5.92	94.1	0.0099
2.920	3.059	3.205	0.56	6.44	93.6	0.0080
3.205	3.358	3.519	0.61	7.01	93.0	0.0065
3.519	3.687	3.863	0.66	7.61	92.4	0.0053
3.863	4.047	4.240	0.71	8.27	91.7	0.0044
4.240	4.443	4.655	0.76	8.98	91.0	0.0036
4.655	4.877	5.110	0.83	9.74	90.3	0.0029
5.110	5.354	5.610	0.89	10.6	89.4	0.0024
5.610	5.878	6.158	0.97	11.5	88.5	0.0019
6.158	6.452	6.760	1.04	12.4	87.6	0.0016
6.760	7.083	7.421	1.13	13.5	86.5	0.0013
7.421	7.775	8.147	1.22	14.6	85.4	0.0011
8.147	8.536	8.943	1.31	15.8	84.2	0.00086
8.943	9.370	9.817	1.42	17.1	82.9	0.00070
9.817	10.29	10.78	1.53	18.5	81.5	0.00057
10.78	11.29	11.83	1.65	20.1	79.9	0.00047
11.83	12.40	12.99	1.78	21.7	78.3	0.00038
12.99	13.61	14.26	1.93	23.5	76.5	0.00031
14.26	14.94	15.65	2.08	25.4	74.6	0.00025
15.65	16.40	17.18	2.24	27.5	72.5	0.00021
17.18	18.00	18.86	2.40	29.7	70.3	0.00017
18.86	19.76	20.70	2.56	32.1	67.9	0.00014
20.70	21.69	22.73	2.72	34.7	65.3	0.00011
22.73	23.81	24.95	2.86	37.4	62.6	0.000086
24.95	26.14	27.39	2.96	40.3	59.7	0.000068
27.39	28.70	30.07	3.04	43.2	56.8	0.000052
30.07	31.50	33.01	3.07	46.3	53.7	0.000040
33.01	34.58	36.24	3.07	49.3	50.7	0.000030
36.24	37.97	39.78	3.06	52.4	47.6	0.000023
39.78	41.68	43.67	3.04	55.5	44.5	0.000017
43.67	45.75	47.94	3.01	58.5	41.5	0.000013
47.94	50.22	52.62	2.95	61.5	38.5	0.000010
52.62	55.13	57.77	2.86	64.5	35.5	0.000007
57.77	60.52	63.41	2.71	67.3	32.7	0.000005
63.41	66.44	69.61	2.50	70.0	30.0	0.000003
69.61	72.94	76.42	2.25	72.5	27.5	0.000002
76.42	80.07	83.89	2.01	74.8	25.2	0.000002
83.89	87.90	92.09	1.81	76.8	23.2	0.000001
92.09	96.49	101.1	1.66	78.6	21.4	0.000001
101.1	105.9	111.0	1.57	80.3	19.7	0.000001
111.0	116.3	121.8	1.51	81.8	18.2	3.92E-7
121.8	127.6	133.7	1.47	83.3	16.7	2.88E-7
133.7	140.1	146.8	1.43	84.8	15.2	2.12E-7
146.8	153.8	161.2	1.39	86.3	13.7	1.56E-7
161.2	168.9	176.9	1.36	87.6	12.4	1.16E-7
176.9	185.4	194.2	1.34	89.0	11.0	8.61E-8
194.2	203.5	213.2	1.33	90.4	9.65	6.46E-8
213.2	223.4	234.1	1.31	91.7	8.31	4.8E-8
234.1	245.2	256.9	1.26	93.0	7.00	3.48E-8
256.9	269.2	282.1	1.15	94.3	5.75	2.4E-8
282.1	295.5	309.6	0.99	95.4	4.60	1.57E-8
309.6	324.4	339.9	0.81	96.4	3.61	9.72E-9
339.9	356.1	373.1	0.65	97.2	2.79	5.86E-9
373.1	390.9	409.6	0.53	97.9	2.15	3.59E-9
409.6	429.2	449.7	0.45	98.4	1.62	2.31E-9
449.7	471.1	493.6	0.40	98.8	1.17	1.54E-9
493.6	517.2	541.9	0.34	99.2	0.78	9.99E-10
541.9	567.7	594.9	0.25	99.6	0.44	5.55E-10
594.9	623.3	653.0	0.14	99.8	0.19	2.29E-10
653.0	684.2	716.8	0.046	99.9	0.054	5.83E-11
716.8	751.1	786.9	0.0075	99.99	0.0079	7.25E-12
786.9	824.5	863.9	0.00038	100	0.00038	2.78E-13
863.9	905.1	948.3	0	100	0	0
948.3	993.6	1041	0	100	0	0
1041	1091	1143	0	100	0	0
1143	1197	1255	0	100	0	0
1255	1314	1377	0	100	0	0
1377	1443	1512	0	100	0	0
1512	1584	1660	0	100	0	0
1660	1739	1822	0	100	0	0
1822	1909	2000	0	100	0	0
2000				100	0	

