LS	2022-11-09  15:55
File name:	IODP_STV0226-23_03.$ls
File ID:	IODP
Sample ID:	STV0226-230
Operator:	RG
Bar code:	
Comment 1:	
Comment 2:	
Instrument:	LS 230, VSM Plus
Run number:	3
Start time:	2022-11-09  15:54
Run length:	61
Optical model:	Fraunhofer.rfd   PIDS included
Obscuration:	14
PIDS Obscur:	47
Obscuration:	High
Serial Number:	7205

From	0.0400
To	2000
Volume 	100
Mean:	56.23
Median:	35.57
D(0,0):	0.107
Mean/Median ratio:	1.581
Mode:	55.13
S.D.:	81.11
Variance:	6578
C.V.:	144.2
Skewness:	4.345
Kurtosis:	22.89
d10:	5.198
d50:	35.57
d90:	107.6
Specific Surf. Area:	7825

% <	Size 
10	5.20
25	15.7
50	35.6
75	66.1
90	108

% >	Size 
10	108
25	66.1
50	35.6
75	15.7
90	5.20

Size 	% <
1	2.28
10	17.1
100	88.4
1000	100

Size 	% >
1	97.7
10	82.9
100	11.6
1000	0

Particle	IODP_STV022	Volume	Volume
Diameter	6-23_03.$ls	% >	%
um	Volume		
	% <		
0.4	0.81	99.2	0.23
0.488	1.04	99.0	0.50
0.69	1.54	98.5	0.69
0.98	2.23	97.8	0.90
1.38	3.14	96.9	1.20
1.95	4.34	95.7	1.56
2.76	5.90	94.1	2.01
3.91	7.91	92.1	2.59
5.52	10.5	89.5	3.45
7.81	13.9	86.1	4.63
11.05	18.6	81.4	6.38
15.63	25.0	75.0	8.83
22.1	33.8	66.2	11.5
31.3	45.3	54.7	13.2
44.2	58.5	41.5	14.3
62.5	72.8	27.2	12.4
88.4	85.1	14.9	7.33
125	92.5	7.52	3.05
177	95.5	4.47	1.85
250	97.4	2.62	0.58
354	98.0	2.04	0.82
500	98.8	1.21	1.20
707	99.98	0.017	0.017
1000	100	0	0
1414	100	0	0
2000	100	0	0
2828	100	0	0
4000	100	0	

Channel	Channel	Channel	Diff.	Cum. <	Cum. >	Diff.
Diameter	Diameter	Diameter	Volume	Volume	Volume	Number
(Lower)	(Center)	(Upper)	%	%	%	%
um	um	um				
0.040	0.042	0.044	0.00033	0	100	1.81
0.044	0.046	0.048	0.00044	0.00033	100	1.79
0.048	0.050	0.053	0.00070	0.00077	99.999	2.17
0.053	0.055	0.058	0.0014	0.0015	99.999	3.28
0.058	0.061	0.064	0.0029	0.0029	99.997	5.18
0.064	0.067	0.070	0.0055	0.0058	99.99	7.30
0.070	0.073	0.077	0.0085	0.011	99.99	8.54
0.077	0.080	0.084	0.011	0.020	99.98	8.68
0.084	0.088	0.093	0.014	0.031	99.97	8.23
0.093	0.097	0.102	0.017	0.045	99.95	7.61
0.102	0.106	0.112	0.021	0.063	99.9	6.88
0.112	0.117	0.122	0.024	0.084	99.9	6.05
0.122	0.128	0.134	0.028	0.11	99.9	5.22
0.134	0.141	0.148	0.031	0.14	99.9	4.45
0.148	0.155	0.162	0.035	0.17	99.8	3.77
0.162	0.170	0.178	0.039	0.20	99.8	3.17
0.178	0.186	0.195	0.043	0.24	99.8	2.65
0.195	0.205	0.214	0.048	0.28	99.7	2.23
0.214	0.225	0.235	0.053	0.33	99.7	1.87
0.235	0.247	0.258	0.059	0.39	99.6	1.57
0.258	0.271	0.284	0.066	0.44	99.6	1.31
0.284	0.297	0.311	0.072	0.51	99.5	1.10
0.311	0.326	0.342	0.079	0.58	99.4	0.91
0.342	0.358	0.375	0.087	0.66	99.3	0.75
0.375	0.393	0.412	0.095	0.75	99.3	0.62
0.412	0.431	0.452	0.10	0.84	99.2	0.51
0.452	0.474	0.496	0.11	0.95	99.1	0.42
0.496	0.520	0.545	0.12	1.06	98.9	0.35
0.545	0.571	0.598	0.13	1.18	98.8	0.28
0.598	0.627	0.656	0.14	1.32	98.7	0.23
0.656	0.688	0.721	0.16	1.46	98.5	0.19
0.721	0.755	0.791	0.17	1.62	98.4	0.16
0.791	0.829	0.868	0.18	1.79	98.2	0.13
0.868	0.910	0.953	0.20	1.97	98.0	0.11
0.953	0.999	1.047	0.22	2.17	97.8	0.086
1.047	1.097	1.149	0.23	2.39	97.6	0.071
1.149	1.204	1.261	0.25	2.62	97.4	0.058
1.261	1.321	1.385	0.27	2.87	97.1	0.047
1.385	1.451	1.520	0.29	3.15	96.9	0.038
1.520	1.592	1.668	0.32	3.44	96.6	0.031
1.668	1.748	1.832	0.34	3.76	96.2	0.025
1.832	1.919	2.011	0.36	4.10	95.9	0.020
2.011	2.107	2.207	0.39	4.46	95.5	0.017
2.207	2.313	2.423	0.42	4.85	95.1	0.013
2.423	2.539	2.660	0.45	5.27	94.7	0.011
2.660	2.787	2.920	0.48	5.72	94.3	0.0088
2.920	3.059	3.205	0.51	6.19	93.8	0.0071
3.205	3.358	3.519	0.55	6.70	93.3	0.0057
3.519	3.687	3.863	0.59	7.25	92.8	0.0046
3.863	4.047	4.240	0.63	7.83	92.2	0.0038
4.240	4.443	4.655	0.67	8.46	91.5	0.0031
4.655	4.877	5.110	0.73	9.14	90.9	0.0025
5.110	5.354	5.610	0.78	9.86	90.1	0.0020
5.610	5.878	6.158	0.84	10.6	89.4	0.0017
6.158	6.452	6.760	0.91	11.5	88.5	0.0013
6.760	7.083	7.421	0.98	12.4	87.6	0.0011
7.421	7.775	8.147	1.06	13.4	86.6	0.00090
8.147	8.536	8.943	1.15	14.4	85.6	0.00074
8.943	9.370	9.817	1.25	15.6	84.4	0.00060
9.817	10.29	10.78	1.36	16.8	83.2	0.00050
10.78	11.29	11.83	1.48	18.2	81.8	0.00041
11.83	12.40	12.99	1.61	19.7	80.3	0.00034
12.99	13.61	14.26	1.77	21.3	78.7	0.00028
14.26	14.94	15.65	1.93	23.1	76.9	0.00023
15.65	16.40	17.18	2.11	25.0	75.0	0.00019
17.18	18.00	18.86	2.31	27.1	72.9	0.00016
18.86	19.76	20.70	2.51	29.4	70.6	0.00013
20.70	21.69	22.73	2.71	31.9	68.1	0.00011
22.73	23.81	24.95	2.91	34.6	65.4	0.000086
24.95	26.14	27.39	3.08	37.5	62.5	0.000069
27.39	28.70	30.07	3.24	40.6	59.4	0.000054
30.07	31.50	33.01	3.37	43.9	56.1	0.000043
33.01	34.58	36.24	3.49	47.2	52.8	0.000034
36.24	37.97	39.78	3.60	50.7	49.3	0.000026
39.78	41.68	43.67	3.71	54.3	45.7	0.000020
43.67	45.75	47.94	3.81	58.0	42.0	0.000016
47.94	50.22	52.62	3.87	61.8	38.2	0.000012
52.62	55.13	57.77	3.88	65.7	34.3	0.000009
57.77	60.52	63.41	3.82	69.6	30.4	0.000007
63.41	66.44	69.61	3.67	73.4	26.6	0.000005
69.61	72.94	76.42	3.43	77.1	22.9	0.000004
76.42	80.07	83.89	3.12	80.5	19.5	0.000002
83.89	87.90	92.09	2.75	83.6	16.4	0.000002
92.09	96.49	101.1	2.34	86.4	13.6	0.000001
101.1	105.9	111.0	1.92	88.7	11.3	0.000001
111.0	116.3	121.8	1.51	90.7	9.35	3.83E-7
121.8	127.6	133.7	1.16	92.2	7.83	2.22E-7
133.7	140.1	146.8	0.89	93.3	6.67	1.28E-7
146.8	153.8	161.2	0.71	94.2	5.79	7.72E-8
161.2	168.9	176.9	0.61	94.9	5.08	5.01E-8
176.9	185.4	194.2	0.56	95.5	4.47	3.51E-8
194.2	203.5	213.2	0.53	96.1	3.91	2.51E-8
213.2	223.4	234.1	0.49	96.6	3.38	1.73E-8
234.1	245.2	256.9	0.40	97.1	2.89	1.07E-8
256.9	269.2	282.1	0.26	97.5	2.50	5.22E-9
282.1	295.5	309.6	0.13	97.8	2.24	1.97E-9
309.6	324.4	339.9	0.055	97.9	2.11	6.44E-10
339.9	356.1	373.1	0.048	97.9	2.06	4.21E-10
373.1	390.9	409.6	0.10	98.0	2.01	6.72E-10
409.6	429.2	449.7	0.23	98.1	1.91	1.15E-9
449.7	471.1	493.6	0.40	98.3	1.68	1.52E-9
493.6	517.2	541.9	0.51	98.7	1.28	1.48E-9
541.9	567.7	594.9	0.45	99.2	0.77	9.71E-10
594.9	623.3	653.0	0.25	99.7	0.32	4.13E-10
653.0	684.2	716.8	0.063	99.9	0.069	7.77E-11
716.8	751.1	786.9	0.0069	99.99	0.0069	6.48E-12
786.9	824.5	863.9	0	100	0	0
863.9	905.1	948.3	0	100	0	0
948.3	993.6	1041	0	100	0	0
1041	1091	1143	0	100	0	0
1143	1197	1255	0	100	0	0
1255	1314	1377	0	100	0	0
1377	1443	1512	0	100	0	0
1512	1584	1660	0	100	0	0
1660	1739	1822	0	100	0	0
1822	1909	2000	0	100	0	0
2000				100	0	

