LS	2022-11-09  14:35
File name:	IODP_STV0122-12_04.$ls
File ID:	IODP
Sample ID:	STV0122-124
Operator:	RG
Bar code:	
Comment 1:	
Comment 2:	
Instrument:	LS 230, VSM Plus
Run number:	4
Start time:	2022-11-09  14:34
Run length:	61
Optical model:	Fraunhofer.rfd   PIDS included
Obscuration:	9
PIDS Obscur:	36
Obscuration:	OK
Serial Number:	7205

From	0.0400
To	2000
Volume 	100
Mean:	77.72
Median:	50.04
D(0,0):	0.118
Mean/Median ratio:	1.553
Mode:	72.94
S.D.:	93.55
Variance:	8751
C.V.:	120.4
Skewness:	3.071
Kurtosis:	13.22
d10:	5.929
d50:	50.04
d90:	175.1
Specific Surf. Area:	6223

% <	Size 
10	5.93
25	19.0
50	50.0
75	102
90	175

% >	Size 
10	175
25	102
50	50.0
75	19.0
90	5.93

Size 	% <
1	1.82
10	15.1
100	74.3
1000	100

Size 	% >
1	98.2
10	84.9
100	25.7
1000	0

Particle	IODP_STV012	Volume	Volume
Diameter	2-12_04.$ls	% >	%
um	Volume		
	% <		
0.4	0.53	99.5	0.18
0.488	0.72	99.3	0.43
0.69	1.15	98.9	0.63
0.98	1.78	98.2	0.85
1.38	2.63	97.4	1.15
1.95	3.78	96.2	1.48
2.76	5.25	94.7	1.87
3.91	7.12	92.9	2.33
5.52	9.44	90.6	2.99
7.81	12.4	87.6	3.87
11.05	16.3	83.7	5.12
15.63	21.4	78.6	6.73
22.1	28.2	71.8	8.37
31.3	36.5	63.5	9.61
44.2	46.1	53.9	11.4
62.5	57.5	42.5	12.4
88.4	70.0	30.0	11.5
125	81.5	18.5	8.79
177	90.2	9.75	5.51
250	95.8	4.24	2.05
354	97.8	2.20	1.00
500	98.8	1.20	1.08
707	99.9	0.12	0.12
1000	100	0	0
1414	100	0	0
2000	100	0	0
2828	100	0	0
4000	100	0	

Channel	Channel	Channel	Diff.	Cum. <	Cum. >	Diff.
Diameter	Diameter	Diameter	Volume	Volume	Volume	Number
(Lower)	(Center)	(Upper)	%	%	%	%
um	um	um				
0.040	0.042	0.044	0.00014	0	100	1.39
0.044	0.046	0.048	0.00019	0.00014	100	1.47
0.048	0.050	0.053	0.00032	0.00032	100	1.88
0.053	0.055	0.058	0.00066	0.00065	99.999	2.92
0.058	0.061	0.064	0.0013	0.0013	99.999	4.53
0.064	0.067	0.070	0.0025	0.0027	99.997	6.31
0.070	0.073	0.077	0.0039	0.0051	99.99	7.40
0.077	0.080	0.084	0.0053	0.0090	99.99	7.68
0.084	0.088	0.093	0.0068	0.014	99.99	7.47
0.093	0.097	0.102	0.0086	0.021	99.98	7.13
0.102	0.106	0.112	0.011	0.030	99.97	6.65
0.112	0.117	0.122	0.013	0.040	99.96	6.03
0.122	0.128	0.134	0.015	0.053	99.9	5.34
0.134	0.141	0.148	0.017	0.068	99.9	4.70
0.148	0.155	0.162	0.020	0.085	99.9	4.11
0.162	0.170	0.178	0.023	0.11	99.9	3.59
0.178	0.186	0.195	0.027	0.13	99.9	3.11
0.195	0.205	0.214	0.030	0.16	99.8	2.69
0.214	0.225	0.235	0.035	0.19	99.8	2.34
0.235	0.247	0.258	0.040	0.22	99.8	2.03
0.258	0.271	0.284	0.046	0.26	99.7	1.75
0.284	0.297	0.311	0.052	0.31	99.7	1.51
0.311	0.326	0.342	0.059	0.36	99.6	1.29
0.342	0.358	0.375	0.066	0.42	99.6	1.09
0.375	0.393	0.412	0.074	0.48	99.5	0.93
0.412	0.431	0.452	0.083	0.56	99.4	0.78
0.452	0.474	0.496	0.092	0.64	99.4	0.66
0.496	0.520	0.545	0.10	0.73	99.3	0.55
0.545	0.571	0.598	0.11	0.84	99.2	0.46
0.598	0.627	0.656	0.13	0.95	99.0	0.39
0.656	0.688	0.721	0.14	1.08	98.9	0.32
0.721	0.755	0.791	0.15	1.22	98.8	0.27
0.791	0.829	0.868	0.17	1.37	98.6	0.22
0.868	0.910	0.953	0.18	1.54	98.5	0.18
0.953	0.999	1.047	0.20	1.72	98.3	0.15
1.047	1.097	1.149	0.22	1.92	98.1	0.13
1.149	1.204	1.261	0.24	2.14	97.9	0.10
1.261	1.321	1.385	0.26	2.38	97.6	0.085
1.385	1.451	1.520	0.28	2.64	97.4	0.069
1.520	1.592	1.668	0.30	2.92	97.1	0.057
1.668	1.748	1.832	0.32	3.22	96.8	0.046
1.832	1.919	2.011	0.35	3.55	96.5	0.037
2.011	2.107	2.207	0.37	3.89	96.1	0.030
2.207	2.313	2.423	0.40	4.27	95.7	0.024
2.423	2.539	2.660	0.42	4.66	95.3	0.019
2.660	2.787	2.920	0.45	5.08	94.9	0.016
2.920	3.059	3.205	0.48	5.53	94.5	0.013
3.205	3.358	3.519	0.51	6.01	94.0	0.010
3.519	3.687	3.863	0.54	6.51	93.5	0.0081
3.863	4.047	4.240	0.57	7.05	93.0	0.0065
4.240	4.443	4.655	0.61	7.62	92.4	0.0052
4.655	4.877	5.110	0.65	8.23	91.8	0.0042
5.110	5.354	5.610	0.69	8.88	91.1	0.0034
5.610	5.878	6.158	0.74	9.57	90.4	0.0028
6.158	6.452	6.760	0.79	10.3	89.7	0.0022
6.760	7.083	7.421	0.85	11.1	88.9	0.0018
7.421	7.775	8.147	0.91	11.9	88.1	0.0015
8.147	8.536	8.943	0.97	12.9	87.1	0.0012
8.943	9.370	9.817	1.04	13.8	86.2	0.00096
9.817	10.29	10.78	1.12	14.9	85.1	0.00078
10.78	11.29	11.83	1.21	16.0	84.0	0.00064
11.83	12.40	12.99	1.31	17.2	82.8	0.00052
12.99	13.61	14.26	1.41	18.5	81.5	0.00042
14.26	14.94	15.65	1.53	19.9	80.1	0.00035
15.65	16.40	17.18	1.65	21.4	78.6	0.00028
17.18	18.00	18.86	1.77	23.1	76.9	0.00023
18.86	19.76	20.70	1.90	24.9	75.1	0.00019
20.70	21.69	22.73	2.02	26.8	73.2	0.00015
22.73	23.81	24.95	2.14	28.8	71.2	0.00012
24.95	26.14	27.39	2.25	30.9	69.1	0.000095
27.39	28.70	30.07	2.34	33.2	66.8	0.000075
30.07	31.50	33.01	2.42	35.5	64.5	0.000059
33.01	34.58	36.24	2.51	37.9	62.1	0.000046
36.24	37.97	39.78	2.61	40.4	59.6	0.000036
39.78	41.68	43.67	2.73	43.0	57.0	0.000029
43.67	45.75	47.94	2.87	45.8	54.2	0.000023
47.94	50.22	52.62	3.01	48.6	51.4	0.000018
52.62	55.13	57.77	3.15	51.7	48.3	0.000014
57.77	60.52	63.41	3.26	54.8	45.2	0.000011
63.41	66.44	69.61	3.33	58.1	41.9	0.000009
69.61	72.94	76.42	3.37	61.4	38.6	0.000007
76.42	80.07	83.89	3.37	64.8	35.2	0.000005
83.89	87.90	92.09	3.33	68.1	31.9	0.000004
92.09	96.49	101.1	3.24	71.5	28.5	0.000003
101.1	105.9	111.0	3.11	74.7	25.3	0.000002
111.0	116.3	121.8	2.93	77.8	22.2	0.000001
121.8	127.6	133.7	2.72	80.7	19.3	0.000001
133.7	140.1	146.8	2.49	83.4	16.6	0.000001
146.8	153.8	161.2	2.26	85.9	14.1	4.7E-7
161.2	168.9	176.9	2.04	88.2	11.8	3.21E-7
176.9	185.4	194.2	1.82	90.2	9.76	2.17E-7
194.2	203.5	213.2	1.60	92.1	7.93	1.44E-7
213.2	223.4	234.1	1.35	93.7	6.34	9.15E-8
234.1	245.2	256.9	1.07	95.0	4.99	5.47E-8
256.9	269.2	282.1	0.78	96.1	3.92	3.01E-8
282.1	295.5	309.6	0.52	96.9	3.14	1.51E-8
309.6	324.4	339.9	0.33	97.4	2.63	7.32E-9
339.9	356.1	373.1	0.24	97.7	2.30	3.98E-9
373.1	390.9	409.6	0.22	97.9	2.06	2.84E-9
409.6	429.2	449.7	0.27	98.2	1.84	2.54E-9
449.7	471.1	493.6	0.32	98.4	1.57	2.35E-9
493.6	517.2	541.9	0.36	98.8	1.25	1.97E-9
541.9	567.7	594.9	0.34	99.1	0.89	1.42E-9
594.9	623.3	653.0	0.28	99.5	0.54	8.71E-10
653.0	684.2	716.8	0.17	99.7	0.27	4.08E-10
716.8	751.1	786.9	0.075	99.9	0.092	1.34E-10
786.9	824.5	863.9	0.016	99.98	0.017	2.13E-11
863.9	905.1	948.3	0.0014	99.999	0.0014	1.46E-12
948.3	993.6	1041	0	100	0	0
1041	1091	1143	0	100	0	0
1143	1197	1255	0	100	0	0
1255	1314	1377	0	100	0	0
1377	1443	1512	0	100	0	0
1512	1584	1660	0	100	0	0
1660	1739	1822	0	100	0	0
1822	1909	2000	0	100	0	0
2000				100	0	

