LS	2022-11-09  14:04
File name:	IODP_STV0125-12_02.$ls
File ID:	IODP
Sample ID:	STV0125-127
Operator:	RG
Bar code:	
Comment 1:	
Comment 2:	
Instrument:	LS 230, VSM Plus
Run number:	2
Start time:	2022-11-09  14:03
Run length:	62
Optical model:	Fraunhofer.rfd   PIDS included
Obscuration:	12
PIDS Obscur:	48
Obscuration:	OK
Serial Number:	7205

From	0.0400
To	2000
Volume 	100
Mean:	104.3
Median:	78.63
D(0,0):	0.120
Mean/Median ratio:	1.326
Mode:	140.1
S.D.:	106.0
Variance:	11247
C.V.:	101.7
Skewness:	2.448
Kurtosis:	9.501
d10:	8.612
d50:	78.63
d90:	220.3
Specific Surf. Area:	4832

% <	Size 
10	8.61
25	28.0
50	78.6
75	148
90	220

% >	Size 
10	220
25	148
50	78.6
75	28.0
90	8.61

Size 	% <
1	1.42
10	11.2
100	58.6
1000	99.998

Size 	% >
1	98.6
10	88.8
100	41.4
1000	0.0015

Particle	IODP_STV012	Volume	Volume	IODP_STV012	Volume	Volume
Diameter	5-12_02.$ls	% >	%	8-13_03.$ls	% >	%
um	Volume			Volume		
	% <			% <		
0.4	0.42	99.6	0.14	0.42	99.6	0.12
0.488	0.56	99.4	0.34	0.54	99.5	0.27
0.69	0.90	99.1	0.49	0.80	99.2	0.37
0.98	1.39	98.6	0.66	1.17	98.8	0.47
1.38	2.05	98.0	0.87	1.64	98.4	0.61
1.95	2.92	97.1	1.10	2.25	97.8	0.76
2.76	4.02	96.0	1.37	3.01	97.0	0.95
3.91	5.40	94.6	1.70	3.96	96.0	1.18
5.52	7.09	92.9	2.18	5.14	94.9	1.54
7.81	9.27	90.7	2.85	6.68	93.3	2.04
11.05	12.1	87.9	3.80	8.72	91.3	2.75
15.63	15.9	84.1	5.00	11.5	88.5	3.59
22.1	20.9	79.1	6.17	15.1	84.9	4.21
31.3	27.1	72.9	7.08	19.3	80.7	4.35
44.2	34.2	65.8	8.77	23.6	76.4	4.76
62.5	42.9	57.1	11.1	28.4	71.6	5.91
88.4	54.0	46.0	13.7	34.3	65.7	10.3
125	67.7	32.3	14.6	44.5	55.5	19.4
177	82.4	17.6	10.9	64.0	36.0	21.7
250	93.3	6.72	4.04	85.7	14.3	10.4
354	97.3	2.69	1.18	96.1	3.91	2.73
500	98.5	1.51	1.21	98.8	1.18	1.11
707	99.7	0.29	0.29	99.9	0.075	0.075
1000	99.998	0.0015	0.0015	100	0	0
1414	100	0	0	100	0	0
2000	100	0	0	100	0	0
2828	100	0	0	100	0	0
4000	100	0		100	0	

			IODP_STV012				IODP_STV012			
Channel	Channel	Channel	5-12_02.$ls	Cum. <	Cum. >	Diff.	8-13_03.$ls	Cum. <	Cum. >	Diff.
Diameter	Diameter	Diameter	Diff.	Volume	Volume	Number	Diff.	Volume	Volume	Number
(Lower)	(Center)	(Upper)	Volume	%	%	%	Volume	%	%	%
um	um	um	%				%			
0.040	0.042	0.044	0.00010	0	100	1.40	0.00016	0	100	1.76
0.044	0.046	0.048	0.00014	0.00010	100	1.44	0.00022	0.00016	100	1.77
0.048	0.050	0.053	0.00023	0.00024	100	1.80	0.00036	0.00038	100	2.17
0.053	0.055	0.058	0.00047	0.00048	100	2.75	0.00072	0.00074	99.999	3.31
0.058	0.061	0.064	0.00097	0.00095	99.999	4.30	0.0015	0.0015	99.999	5.21
0.064	0.067	0.070	0.0018	0.0019	99.998	6.06	0.0028	0.0030	99.997	7.30
0.070	0.073	0.077	0.0029	0.0037	99.996	7.25	0.0042	0.0057	99.99	8.47
0.077	0.080	0.084	0.0040	0.0066	99.99	7.62	0.0057	0.0100	99.99	8.58
0.084	0.088	0.093	0.0052	0.011	99.99	7.47	0.0071	0.016	99.98	8.14
0.093	0.097	0.102	0.0065	0.016	99.98	7.14	0.0088	0.023	99.98	7.55
0.102	0.106	0.112	0.0081	0.022	99.98	6.69	0.011	0.032	99.97	6.84
0.112	0.117	0.122	0.0098	0.030	99.97	6.09	0.012	0.042	99.96	6.02
0.122	0.128	0.134	0.011	0.040	99.96	5.41	0.014	0.054	99.9	5.21
0.134	0.141	0.148	0.013	0.052	99.9	4.76	0.016	0.068	99.9	4.46
0.148	0.155	0.162	0.016	0.065	99.9	4.18	0.018	0.084	99.9	3.78
0.162	0.170	0.178	0.018	0.081	99.9	3.65	0.020	0.10	99.9	3.19
0.178	0.186	0.195	0.021	0.098	99.9	3.17	0.022	0.12	99.9	2.69
0.195	0.205	0.214	0.024	0.12	99.9	2.75	0.025	0.14	99.9	2.26
0.214	0.225	0.235	0.027	0.14	99.9	2.39	0.027	0.17	99.8	1.90
0.235	0.247	0.258	0.031	0.17	99.8	2.09	0.031	0.20	99.8	1.60
0.258	0.271	0.284	0.036	0.20	99.8	1.81	0.034	0.23	99.8	1.35
0.284	0.297	0.311	0.041	0.24	99.8	1.56	0.038	0.26	99.7	1.13
0.311	0.326	0.342	0.046	0.28	99.7	1.33	0.041	0.30	99.7	0.94
0.342	0.358	0.375	0.052	0.32	99.7	1.13	0.046	0.34	99.7	0.78
0.375	0.393	0.412	0.059	0.38	99.6	0.96	0.050	0.39	99.6	0.64
0.412	0.431	0.452	0.065	0.44	99.6	0.81	0.054	0.44	99.6	0.53
0.452	0.474	0.496	0.073	0.50	99.5	0.68	0.059	0.49	99.5	0.44
0.496	0.520	0.545	0.081	0.57	99.4	0.57	0.065	0.55	99.5	0.36
0.545	0.571	0.598	0.090	0.65	99.3	0.48	0.071	0.61	99.4	0.30
0.598	0.627	0.656	0.099	0.74	99.3	0.40	0.077	0.68	99.3	0.25
0.656	0.688	0.721	0.11	0.84	99.2	0.33	0.083	0.76	99.2	0.20
0.721	0.755	0.791	0.12	0.95	99.0	0.28	0.090	0.84	99.2	0.16
0.791	0.829	0.868	0.13	1.07	98.9	0.23	0.098	0.93	99.1	0.13
0.868	0.910	0.953	0.14	1.20	98.8	0.19	0.11	1.03	99.0	0.11
0.953	0.999	1.047	0.16	1.35	98.7	0.16	0.11	1.14	98.9	0.090
1.047	1.097	1.149	0.17	1.50	98.5	0.13	0.12	1.25	98.7	0.073
1.149	1.204	1.261	0.18	1.67	98.3	0.11	0.13	1.37	98.6	0.059
1.261	1.321	1.385	0.20	1.86	98.1	0.086	0.14	1.51	98.5	0.048
1.385	1.451	1.520	0.21	2.06	97.9	0.070	0.15	1.65	98.4	0.039
1.520	1.592	1.668	0.23	2.27	97.7	0.057	0.16	1.80	98.2	0.031
1.668	1.748	1.832	0.25	2.50	97.5	0.046	0.17	1.96	98.0	0.025
1.832	1.919	2.011	0.26	2.75	97.3	0.037	0.18	2.13	97.9	0.020
2.011	2.107	2.207	0.28	3.01	97.0	0.030	0.19	2.31	97.7	0.016
2.207	2.313	2.423	0.30	3.29	96.7	0.024	0.20	2.50	97.5	0.013
2.423	2.539	2.660	0.31	3.58	96.4	0.019	0.22	2.71	97.3	0.010
2.660	2.787	2.920	0.33	3.90	96.1	0.015	0.23	2.92	97.1	0.0083
2.920	3.059	3.205	0.35	4.23	95.8	0.012	0.24	3.15	96.8	0.0066
3.205	3.358	3.519	0.37	4.58	95.4	0.0098	0.26	3.39	96.6	0.0053
3.519	3.687	3.863	0.39	4.95	95.0	0.0078	0.27	3.65	96.4	0.0043
3.863	4.047	4.240	0.42	5.34	94.7	0.0063	0.29	3.92	96.1	0.0034
4.240	4.443	4.655	0.44	5.76	94.2	0.0050	0.31	4.21	95.8	0.0028
4.655	4.877	5.110	0.47	6.21	93.8	0.0041	0.33	4.52	95.5	0.0022
5.110	5.354	5.610	0.50	6.68	93.3	0.0033	0.35	4.85	95.2	0.0018
5.610	5.878	6.158	0.54	7.18	92.8	0.0026	0.38	5.20	94.8	0.0015
6.158	6.452	6.760	0.58	7.72	92.3	0.0021	0.41	5.58	94.4	0.0012
6.760	7.083	7.421	0.62	8.30	91.7	0.0017	0.44	5.99	94.0	0.00097
7.421	7.775	8.147	0.66	8.92	91.1	0.0014	0.47	6.43	93.6	0.00079
8.147	8.536	8.943	0.71	9.58	90.4	0.0011	0.51	6.90	93.1	0.00064
8.943	9.370	9.817	0.77	10.3	89.7	0.00093	0.55	7.41	92.6	0.00053
9.817	10.29	10.78	0.83	11.1	88.9	0.00076	0.60	7.96	92.0	0.00043
10.78	11.29	11.83	0.90	11.9	88.1	0.00062	0.65	8.55	91.4	0.00035
11.83	12.40	12.99	0.97	12.8	87.2	0.00051	0.70	9.20	90.8	0.00029
12.99	13.61	14.26	1.05	13.8	86.2	0.00041	0.76	9.90	90.1	0.00024
14.26	14.94	15.65	1.13	14.8	85.2	0.00034	0.82	10.7	89.3	0.00019
15.65	16.40	17.18	1.22	15.9	84.1	0.00028	0.89	11.5	88.5	0.00016
17.18	18.00	18.86	1.32	17.2	82.8	0.00022	0.95	12.4	87.6	0.00013
18.86	19.76	20.70	1.41	18.5	81.5	0.00018	1.01	13.3	86.7	0.00010
20.70	21.69	22.73	1.50	19.9	80.1	0.00015	1.06	14.3	85.7	0.000082
22.73	23.81	24.95	1.58	21.4	78.6	0.00012	1.11	15.4	84.6	0.000064
24.95	26.14	27.39	1.65	23.0	77.0	0.000092	1.14	16.5	83.5	0.000050
27.39	28.70	30.07	1.72	24.6	75.4	0.000072	1.15	17.6	82.4	0.000038
30.07	31.50	33.01	1.78	26.4	73.6	0.000057	1.16	18.8	81.2	0.000029
33.01	34.58	36.24	1.84	28.1	71.9	0.000044	1.16	20.0	80.0	0.000022
36.24	37.97	39.78	1.92	30.0	70.0	0.000035	1.17	21.1	78.9	0.000017
39.78	41.68	43.67	2.02	31.9	68.1	0.000028	1.19	22.3	77.7	0.000013
43.67	45.75	47.94	2.14	33.9	66.1	0.000022	1.22	23.5	76.5	0.000010
47.94	50.22	52.62	2.28	36.0	64.0	0.000018	1.26	24.7	75.3	0.000008
52.62	55.13	57.77	2.44	38.3	61.7	0.000014	1.30	25.9	74.1	0.000006
57.77	60.52	63.41	2.60	40.8	59.2	0.000012	1.36	27.2	72.8	0.000005
63.41	66.44	69.61	2.76	43.4	56.6	0.000009	1.43	28.6	71.4	0.000004
69.61	72.94	76.42	2.94	46.1	53.9	0.000008	1.53	30.0	70.0	0.000003
76.42	80.07	83.89	3.13	49.1	50.9	0.000006	1.68	31.6	68.4	0.000003
83.89	87.90	92.09	3.33	52.2	47.8	0.000005	1.92	33.2	66.8	0.000002
92.09	96.49	101.1	3.53	55.5	44.5	0.000004	2.26	35.2	64.8	0.000002
101.1	105.9	111.0	3.72	59.1	40.9	0.000003	2.73	37.4	62.6	0.000002
111.0	116.3	121.8	3.87	62.8	37.2	0.000002	3.32	40.2	59.8	0.000002
121.8	127.6	133.7	3.96	66.7	33.3	0.000002	4.03	43.5	56.5	0.000002
133.7	140.1	146.8	3.99	70.6	29.4	0.000001	4.80	47.5	52.5	0.000001
146.8	153.8	161.2	3.94	74.6	25.4	0.000001	5.54	52.3	47.7	0.000001
161.2	168.9	176.9	3.79	78.5	21.5	0.000001	6.11	57.8	42.2	0.000001
176.9	185.4	194.2	3.55	82.3	17.7	0.000001	6.38	64.0	36.0	0.000001
194.2	203.5	213.2	3.18	85.9	14.1	3.76E-7	6.26	70.3	29.7	0.000001
213.2	223.4	234.1	2.71	89.1	10.9	2.42E-7	5.72	76.6	23.4	4.03E-7
234.1	245.2	256.9	2.15	91.8	8.22	1.45E-7	4.85	82.3	17.7	2.58E-7
256.9	269.2	282.1	1.56	93.9	6.07	7.97E-8	3.80	87.2	12.8	1.53E-7
282.1	295.5	309.6	1.03	95.5	4.51	3.97E-8	2.75	91.0	9.03	8.37E-8
309.6	324.4	339.9	0.63	96.5	3.48	1.83E-8	1.86	93.7	6.29	4.28E-8
339.9	356.1	373.1	0.39	97.1	2.85	8.61E-9	1.22	95.6	4.43	2.12E-8
373.1	390.9	409.6	0.29	97.5	2.46	4.87E-9	0.83	96.8	3.21	1.09E-8
409.6	429.2	449.7	0.29	97.8	2.17	3.61E-9	0.62	97.6	2.38	6.16E-9
449.7	471.1	493.6	0.33	98.1	1.88	3.1E-9	0.52	98.2	1.76	3.91E-9
493.6	517.2	541.9	0.36	98.4	1.56	2.62E-9	0.44	98.8	1.24	2.53E-9
541.9	567.7	594.9	0.37	98.8	1.19	1.99E-9	0.36	99.2	0.80	1.55E-9
594.9	623.3	653.0	0.32	99.2	0.83	1.33E-9	0.25	99.6	0.44	8.05E-10
653.0	684.2	716.8	0.25	99.5	0.50	7.7E-10	0.13	99.8	0.19	3.31E-10
716.8	751.1	786.9	0.16	99.7	0.26	3.69E-10	0.045	99.9	0.054	8.43E-11
786.9	824.5	863.9	0.074	99.9	0.099	1.32E-10	0.0080	99.99	0.0084	1.12E-11
863.9	905.1	948.3	0.022	99.97	0.025	2.92E-11	0.00038	100	0.00038	3.99E-13
948.3	993.6	1041	0.0032	99.997	0.0033	3.23E-12	0	100	0	0
1041	1091	1143	0.00014	100	0.00014	1.04E-13	0	100	0	0
1143	1197	1255	0	100	0	0	0	100	0	0
1255	1314	1377	0	100	0	0	0	100	0	0
1377	1443	1512	0	100	0	0	0	100	0	0
1512	1584	1660	0	100	0	0	0	100	0	0
1660	1739	1822	0	100	0	0	0	100	0	0
1822	1909	2000	0	100	0	0	0	100	0	0
2000				100	0			100	0	

