LS	2022-11-09  16:44
File name:	IODP_STV0259-26_04.$ls
File ID:	IODP
Sample ID:	STV0259-262
Operator:	RG
Bar code:	
Comment 1:	
Comment 2:	
Instrument:	LS 230, VSM Plus
Run number:	4
Start time:	2022-11-09  16:43
Run length:	62
Optical model:	Fraunhofer.rfd   PIDS included
Obscuration:	10
PIDS Obscur:	43
Obscuration:	OK
Serial Number:	7205

From	0.0400
To	2000
Volume 	100
Mean:	88.87
Median:	57.28
D(0,0):	0.109
Mean/Median ratio:	1.552
Mode:	116.3
S.D.:	97.26
Variance:	9460
C.V.:	109.4
Skewness:	2.064
Kurtosis:	6.153
d10:	4.640
d50:	57.28
d90:	212.4
Specific Surf. Area:	7377

% <	Size 
10	4.64
25	17.2
50	57.3
75	131
90	212

% >	Size 
10	212
25	131
50	57.3
75	17.2
90	4.64

Size 	% <
1	2.22
10	17.6
100	66.2
1000	100

Size 	% >
1	97.8
10	82.4
100	33.8
1000	0

Particle	IODP_STV025	Volume	Volume
Diameter	9-26_04.$ls	% >	%
um	Volume		
	% <		
0.4	0.74	99.3	0.22
0.488	0.95	99.0	0.50
0.69	1.45	98.5	0.72
0.98	2.17	97.8	0.98
1.38	3.15	96.8	1.37
1.95	4.52	95.5	1.83
2.76	6.35	93.7	2.32
3.91	8.67	91.3	2.80
5.52	11.5	88.5	3.34
7.81	14.8	85.2	3.94
11.05	18.8	81.2	4.74
15.63	23.5	76.5	5.81
22.1	29.3	70.7	6.84
31.3	36.1	63.9	7.47
44.2	43.6	56.4	8.70
62.5	52.3	47.7	10.0
88.4	62.3	37.7	11.1
125	73.4	26.6	11.2
177	84.6	15.4	9.36
250	93.9	6.05	3.91
354	97.9	2.15	1.23
500	99.1	0.92	0.89
707	99.98	0.024	0.024
1000	100	0	0
1414	100	0	0
2000	100	0	0
2828	100	0	0
4000	100	0	

Channel	Channel	Channel	Diff.	Cum. <	Cum. >	Diff.
Diameter	Diameter	Diameter	Volume	Volume	Volume	Number
(Lower)	(Center)	(Upper)	%	%	%	%
um	um	um				
0.040	0.042	0.044	0.00027	0	100	1.71
0.044	0.046	0.048	0.00036	0.00027	100	1.73
0.048	0.050	0.053	0.00059	0.00064	99.999	2.12
0.053	0.055	0.058	0.0012	0.0012	99.999	3.23
0.058	0.061	0.064	0.0025	0.0024	99.998	5.08
0.064	0.067	0.070	0.0046	0.0049	99.995	7.13
0.070	0.073	0.077	0.0071	0.0095	99.99	8.31
0.077	0.080	0.084	0.0095	0.017	99.98	8.46
0.084	0.088	0.093	0.012	0.026	99.97	8.05
0.093	0.097	0.102	0.015	0.038	99.96	7.48
0.102	0.106	0.112	0.018	0.053	99.9	6.80
0.112	0.117	0.122	0.021	0.071	99.9	6.01
0.122	0.128	0.134	0.024	0.091	99.9	5.22
0.134	0.141	0.148	0.027	0.12	99.9	4.48
0.148	0.155	0.162	0.031	0.14	99.9	3.82
0.162	0.170	0.178	0.034	0.17	99.8	3.24
0.178	0.186	0.195	0.038	0.21	99.8	2.74
0.195	0.205	0.214	0.043	0.25	99.8	2.32
0.214	0.225	0.235	0.048	0.29	99.7	1.96
0.235	0.247	0.258	0.054	0.34	99.7	1.66
0.258	0.271	0.284	0.060	0.39	99.6	1.41
0.284	0.297	0.311	0.067	0.45	99.5	1.18
0.311	0.326	0.342	0.074	0.52	99.5	0.99
0.342	0.358	0.375	0.082	0.59	99.4	0.83
0.375	0.393	0.412	0.090	0.67	99.3	0.69
0.412	0.431	0.452	0.099	0.76	99.2	0.57
0.452	0.474	0.496	0.11	0.86	99.1	0.48
0.496	0.520	0.545	0.12	0.97	99.0	0.40
0.545	0.571	0.598	0.13	1.09	98.9	0.33
0.598	0.627	0.656	0.14	1.23	98.8	0.27
0.656	0.688	0.721	0.16	1.37	98.6	0.23
0.721	0.755	0.791	0.17	1.53	98.5	0.19
0.791	0.829	0.868	0.19	1.70	98.3	0.16
0.868	0.910	0.953	0.21	1.89	98.1	0.13
0.953	0.999	1.047	0.23	2.10	97.9	0.11
1.047	1.097	1.149	0.25	2.33	97.7	0.088
1.149	1.204	1.261	0.28	2.59	97.4	0.073
1.261	1.321	1.385	0.30	2.86	97.1	0.061
1.385	1.451	1.520	0.33	3.16	96.8	0.050
1.520	1.592	1.668	0.36	3.49	96.5	0.041
1.668	1.748	1.832	0.39	3.85	96.1	0.034
1.832	1.919	2.011	0.42	4.24	95.8	0.028
2.011	2.107	2.207	0.46	4.66	95.3	0.023
2.207	2.313	2.423	0.49	5.12	94.9	0.018
2.423	2.539	2.660	0.52	5.61	94.4	0.015
2.660	2.787	2.920	0.56	6.13	93.9	0.012
2.920	3.059	3.205	0.59	6.69	93.3	0.0096
3.205	3.358	3.519	0.63	7.29	92.7	0.0077
3.519	3.687	3.863	0.67	7.92	92.1	0.0062
3.863	4.047	4.240	0.70	8.58	91.4	0.0049
4.240	4.443	4.655	0.74	9.29	90.7	0.0039
4.655	4.877	5.110	0.78	10.0	90.0	0.0031
5.110	5.354	5.610	0.82	10.8	89.2	0.0025
5.610	5.878	6.158	0.85	11.6	88.4	0.0019
6.158	6.452	6.760	0.89	12.5	87.5	0.0015
6.760	7.083	7.421	0.93	13.4	86.6	0.0012
7.421	7.775	8.147	0.97	14.3	85.7	0.00096
8.147	8.536	8.943	1.02	15.3	84.7	0.00076
8.943	9.370	9.817	1.06	16.3	83.7	0.00060
9.817	10.29	10.78	1.11	17.3	82.7	0.00047
10.78	11.29	11.83	1.17	18.5	81.5	0.00037
11.83	12.40	12.99	1.23	19.6	80.4	0.00030
12.99	13.61	14.26	1.30	20.9	79.1	0.00024
14.26	14.94	15.65	1.37	22.1	77.9	0.00019
15.65	16.40	17.18	1.45	23.5	76.5	0.00015
17.18	18.00	18.86	1.54	25.0	75.0	0.00012
18.86	19.76	20.70	1.62	26.5	73.5	0.000097
20.70	21.69	22.73	1.71	28.1	71.9	0.000077
22.73	23.81	24.95	1.78	29.8	70.2	0.000061
24.95	26.14	27.39	1.84	31.6	68.4	0.000048
27.39	28.70	30.07	1.88	33.5	66.5	0.000037
30.07	31.50	33.01	1.92	35.3	64.7	0.000028
33.01	34.58	36.24	1.96	37.3	62.7	0.000022
36.24	37.97	39.78	2.02	39.2	60.8	0.000017
39.78	41.68	43.67	2.10	41.2	58.8	0.000013
43.67	45.75	47.94	2.19	43.3	56.7	0.000011
47.94	50.22	52.62	2.29	45.5	54.5	0.000008
52.62	55.13	57.77	2.40	47.8	52.2	0.000007
57.77	60.52	63.41	2.50	50.2	49.8	0.000005
63.41	66.44	69.61	2.59	52.7	47.3	0.000004
69.61	72.94	76.42	2.68	55.3	44.7	0.000003
76.42	80.07	83.89	2.77	58.0	42.0	0.000002
83.89	87.90	92.09	2.86	60.8	39.2	0.000002
92.09	96.49	101.1	2.94	63.6	36.4	0.000002
101.1	105.9	111.0	3.01	66.6	33.4	0.000001
111.0	116.3	121.8	3.04	69.6	30.4	0.000001
121.8	127.6	133.7	3.03	72.6	27.4	0.000001
133.7	140.1	146.8	3.01	75.6	24.4	0.000001
146.8	153.8	161.2	2.98	78.7	21.3	3.78E-7
161.2	168.9	176.9	2.93	81.6	18.4	2.82E-7
176.9	185.4	194.2	2.85	84.6	15.4	2.07E-7
194.2	203.5	213.2	2.70	87.4	12.6	1.48E-7
213.2	223.4	234.1	2.42	90.1	9.88	1E-7
234.1	245.2	256.9	2.02	92.5	7.46	6.32E-8
256.9	269.2	282.1	1.51	94.6	5.44	3.59E-8
282.1	295.5	309.6	1.01	96.1	3.93	1.81E-8
309.6	324.4	339.9	0.61	97.1	2.92	8.29E-9
339.9	356.1	373.1	0.38	97.7	2.31	3.87E-9
373.1	390.9	409.6	0.29	98.1	1.93	2.27E-9
409.6	429.2	449.7	0.31	98.4	1.64	1.8E-9
449.7	471.1	493.6	0.36	98.7	1.33	1.59E-9
493.6	517.2	541.9	0.38	99.0	0.97	1.27E-9
541.9	567.7	594.9	0.32	99.4	0.59	8.03E-10
594.9	623.3	653.0	0.19	99.7	0.27	3.57E-10
653.0	684.2	716.8	0.069	99.9	0.082	1E-10
716.8	751.1	786.9	0.012	99.99	0.013	1.35E-11
786.9	824.5	863.9	0.00080	99.999	0.00080	6.6E-13
863.9	905.1	948.3	0	100	0	0
948.3	993.6	1041	0	100	0	0
1041	1091	1143	0	100	0	0
1143	1197	1255	0	100	0	0
1255	1314	1377	0	100	0	0
1377	1443	1512	0	100	0	0
1512	1584	1660	0	100	0	0
1660	1739	1822	0	100	0	0
1822	1909	2000	0	100	0	0
2000				100	0	

