LS	2022-11-09  14:36
File name:	IODP_STV0122-12_05.$ls
File ID:	IODP
Sample ID:	STV0122-124
Operator:	RG
Bar code:	
Comment 1:	
Comment 2:	
Instrument:	LS 230, VSM Plus
Run number:	5
Start time:	2022-11-09  14:35
Run length:	62
Optical model:	Fraunhofer.rfd   PIDS included
Obscuration:	10
PIDS Obscur:	37
Obscuration:	OK
Serial Number:	7205

From	0.0400
To	2000
Volume 	100
Mean:	79.86
Median:	49.90
D(0,0):	0.119
Mean/Median ratio:	1.600
Mode:	80.07
S.D.:	100.2
Variance:	10045
C.V.:	125.5
Skewness:	3.139
Kurtosis:	13.02
d10:	5.780
d50:	49.90
d90:	179.1
Specific Surf. Area:	6246

% <	Size 
10	5.78
25	18.6
50	49.9
75	103
90	179

% >	Size 
10	179
25	103
50	49.9
75	18.6
90	5.78

Size 	% <
1	1.82
10	15.4
100	74.1
1000	100

Size 	% >
1	98.2
10	84.6
100	25.9
1000	0

Particle	IODP_STV012	Volume	Volume
Diameter	2-12_05.$ls	% >	%
um	Volume		
	% <		
0.4	0.53	99.5	0.18
0.488	0.71	99.3	0.43
0.69	1.14	98.9	0.63
0.98	1.78	98.2	0.86
1.38	2.64	97.4	1.17
1.95	3.81	96.2	1.52
2.76	5.33	94.7	1.92
3.91	7.25	92.7	2.39
5.52	9.64	90.4	3.05
7.81	12.7	87.3	3.93
11.05	16.6	83.4	5.16
15.63	21.8	78.2	6.74
22.1	28.5	71.5	8.32
31.3	36.8	63.2	9.47
44.2	46.3	53.7	11.2
62.5	57.5	42.5	12.3
88.4	69.8	30.2	11.4
125	81.2	18.8	8.57
177	89.8	10.2	5.57
250	95.3	4.66	1.96
354	97.3	2.70	1.11
500	98.4	1.59	1.41
707	99.8	0.18	0.18
1000	100	0	0
1414	100	0	0
2000	100	0	0
2828	100	0	0
4000	100	0	

Channel	Channel	Channel	Diff.	Cum. <	Cum. >	Diff.
Diameter	Diameter	Diameter	Volume	Volume	Volume	Number
(Lower)	(Center)	(Upper)	%	%	%	%
um	um	um				
0.040	0.042	0.044	0.00013	0	100	1.37
0.044	0.046	0.048	0.00018	0.00013	100	1.45
0.048	0.050	0.053	0.00031	0.00031	100	1.86
0.053	0.055	0.058	0.00063	0.00062	99.999	2.87
0.058	0.061	0.064	0.0013	0.0012	99.999	4.46
0.064	0.067	0.070	0.0024	0.0025	99.997	6.22
0.070	0.073	0.077	0.0037	0.0049	99.995	7.31
0.077	0.080	0.084	0.0051	0.0086	99.99	7.61
0.084	0.088	0.093	0.0066	0.014	99.99	7.42
0.093	0.097	0.102	0.0083	0.020	99.98	7.09
0.102	0.106	0.112	0.010	0.029	99.97	6.63
0.112	0.117	0.122	0.012	0.039	99.96	6.03
0.122	0.128	0.134	0.015	0.051	99.9	5.35
0.134	0.141	0.148	0.017	0.066	99.9	4.71
0.148	0.155	0.162	0.020	0.083	99.9	4.14
0.162	0.170	0.178	0.023	0.10	99.9	3.62
0.178	0.186	0.195	0.026	0.13	99.9	3.14
0.195	0.205	0.214	0.030	0.15	99.8	2.73
0.214	0.225	0.235	0.034	0.18	99.8	2.37
0.235	0.247	0.258	0.040	0.22	99.8	2.06
0.258	0.271	0.284	0.045	0.26	99.7	1.79
0.284	0.297	0.311	0.052	0.30	99.7	1.54
0.311	0.326	0.342	0.059	0.35	99.6	1.32
0.342	0.358	0.375	0.066	0.41	99.6	1.12
0.375	0.393	0.412	0.074	0.48	99.5	0.95
0.412	0.431	0.452	0.083	0.55	99.4	0.80
0.452	0.474	0.496	0.092	0.63	99.4	0.68
0.496	0.520	0.545	0.10	0.73	99.3	0.57
0.545	0.571	0.598	0.11	0.83	99.2	0.48
0.598	0.627	0.656	0.13	0.94	99.1	0.40
0.656	0.688	0.721	0.14	1.07	98.9	0.33
0.721	0.755	0.791	0.15	1.21	98.8	0.28
0.791	0.829	0.868	0.17	1.36	98.6	0.23
0.868	0.910	0.953	0.19	1.53	98.5	0.19
0.953	0.999	1.047	0.20	1.72	98.3	0.16
1.047	1.097	1.149	0.22	1.92	98.1	0.13
1.149	1.204	1.261	0.24	2.15	97.9	0.11
1.261	1.321	1.385	0.26	2.39	97.6	0.089
1.385	1.451	1.520	0.29	2.65	97.3	0.073
1.520	1.592	1.668	0.31	2.94	97.1	0.060
1.668	1.748	1.832	0.33	3.25	96.8	0.048
1.832	1.919	2.011	0.36	3.58	96.4	0.039
2.011	2.107	2.207	0.38	3.93	96.1	0.032
2.207	2.313	2.423	0.41	4.32	95.7	0.026
2.423	2.539	2.660	0.43	4.72	95.3	0.021
2.660	2.787	2.920	0.46	5.15	94.8	0.017
2.920	3.059	3.205	0.49	5.62	94.4	0.013
3.205	3.358	3.519	0.52	6.10	93.9	0.011
3.519	3.687	3.863	0.55	6.62	93.4	0.0086
3.863	4.047	4.240	0.59	7.18	92.8	0.0069
4.240	4.443	4.655	0.62	7.76	92.2	0.0056
4.655	4.877	5.110	0.67	8.39	91.6	0.0045
5.110	5.354	5.610	0.71	9.05	90.9	0.0036
5.610	5.878	6.158	0.76	9.76	90.2	0.0029
6.158	6.452	6.760	0.81	10.5	89.5	0.0023
6.760	7.083	7.421	0.86	11.3	88.7	0.0019
7.421	7.775	8.147	0.92	12.2	87.8	0.0015
8.147	8.536	8.943	0.99	13.1	86.9	0.0012
8.943	9.370	9.817	1.06	14.1	85.9	0.0010
9.817	10.29	10.78	1.14	15.2	84.8	0.00081
10.78	11.29	11.83	1.22	16.3	83.7	0.00066
11.83	12.40	12.99	1.32	17.5	82.5	0.00054
12.99	13.61	14.26	1.42	18.8	81.2	0.00044
14.26	14.94	15.65	1.53	20.3	79.7	0.00036
15.65	16.40	17.18	1.65	21.8	78.2	0.00029
17.18	18.00	18.86	1.77	23.5	76.5	0.00024
18.86	19.76	20.70	1.90	25.2	74.8	0.00019
20.70	21.69	22.73	2.02	27.1	72.9	0.00015
22.73	23.81	24.95	2.14	29.1	70.9	0.00012
24.95	26.14	27.39	2.23	31.3	68.7	0.000097
27.39	28.70	30.07	2.32	33.5	66.5	0.000076
30.07	31.50	33.01	2.40	35.8	64.2	0.000060
33.01	34.58	36.24	2.48	38.2	61.8	0.000047
36.24	37.97	39.78	2.57	40.7	59.3	0.000037
39.78	41.68	43.67	2.68	43.3	56.7	0.000029
43.67	45.75	47.94	2.81	46.0	54.0	0.000023
47.94	50.22	52.62	2.95	48.8	51.2	0.000018
52.62	55.13	57.77	3.08	51.7	48.3	0.000014
57.77	60.52	63.41	3.19	54.8	45.2	0.000011
63.41	66.44	69.61	3.28	58.0	42.0	0.000009
69.61	72.94	76.42	3.33	61.3	38.7	0.000007
76.42	80.07	83.89	3.35	64.6	35.4	0.000005
83.89	87.90	92.09	3.33	67.9	32.1	0.000004
92.09	96.49	101.1	3.24	71.3	28.7	0.000003
101.1	105.9	111.0	3.10	74.5	25.5	0.000002
111.0	116.3	121.8	2.90	77.6	22.4	0.000001
121.8	127.6	133.7	2.66	80.5	19.5	0.000001
133.7	140.1	146.8	2.42	83.2	16.8	0.000001
146.8	153.8	161.2	2.19	85.6	14.4	4.69E-7
161.2	168.9	176.9	2.00	87.8	12.2	3.23E-7
176.9	185.4	194.2	1.82	89.8	10.2	2.22E-7
194.2	203.5	213.2	1.62	91.6	8.41	1.5E-7
213.2	223.4	234.1	1.38	93.2	6.79	9.64E-8
234.1	245.2	256.9	1.08	94.6	5.41	5.72E-8
256.9	269.2	282.1	0.76	95.7	4.33	3.05E-8
282.1	295.5	309.6	0.48	96.4	3.57	1.45E-8
309.6	324.4	339.9	0.29	96.9	3.09	6.71E-9
339.9	356.1	373.1	0.22	97.2	2.79	3.75E-9
373.1	390.9	409.6	0.23	97.4	2.57	2.99E-9
409.6	429.2	449.7	0.30	97.7	2.34	2.98E-9
449.7	471.1	493.6	0.39	98.0	2.04	2.94E-9
493.6	517.2	541.9	0.45	98.4	1.65	2.53E-9
541.9	567.7	594.9	0.44	98.8	1.20	1.87E-9
594.9	623.3	653.0	0.37	99.2	0.76	1.2E-9
653.0	684.2	716.8	0.24	99.6	0.39	5.96E-10
716.8	751.1	786.9	0.11	99.9	0.14	2.08E-10
786.9	824.5	863.9	0.025	99.97	0.027	3.47E-11
863.9	905.1	948.3	0.0024	99.998	0.0024	2.53E-12
948.3	993.6	1041	0	100	0	0
1041	1091	1143	0	100	0	0
1143	1197	1255	0	100	0	0
1255	1314	1377	0	100	0	0
1377	1443	1512	0	100	0	0
1512	1584	1660	0	100	0	0
1660	1739	1822	0	100	0	0
1822	1909	2000	0	100	0	0
2000				100	0	

