LS	2022-11-09  14:51
File name:	IODP_STV0015-16_03.$ls
File ID:	IODP
Sample ID:	STV0015-16
Operator:	RG
Bar code:	
Comment 1:	
Comment 2:	
Instrument:	LS 230, VSM Plus
Run number:	3
Start time:	2022-11-09  14:50
Run length:	61
Optical model:	Fraunhofer.rfd   PIDS included
Obscuration:	9
PIDS Obscur:	34
Obscuration:	OK
Serial Number:	7205

From	0.0400
To	2000
Volume 	100
Mean:	93.24
Median:	52.99
D(0,0):	0.105
Mean/Median ratio:	1.760
Mode:	45.75
S.D.:	112.2
Variance:	12589
C.V.:	120.3
Skewness:	2.689
Kurtosis:	9.329
d10:	8.250
d50:	52.99
d90:	216.8
Specific Surf. Area:	5674

% <	Size 
10	8.25
25	24.0
50	53.0
75	126
90	217

% >	Size 
10	217
25	126
50	53.0
75	24.0
90	8.25

Size 	% <
1	1.61
10	11.6
100	69.1
1000	100

Size 	% >
1	98.4
10	88.4
100	30.9
1000	0

Particle	IODP_STV001	Volume	Volume
Diameter	5-16_03.$ls	% >	%
um	Volume		
	% <		
0.4	0.58	99.4	0.16
0.488	0.74	99.3	0.35
0.69	1.09	98.9	0.48
0.98	1.57	98.4	0.64
1.38	2.21	97.8	0.86
1.95	3.07	96.9	1.11
2.76	4.18	95.8	1.40
3.91	5.58	94.4	1.75
5.52	7.33	92.7	2.25
7.81	9.59	90.4	2.97
11.05	12.6	87.4	4.18
15.63	16.7	83.3	6.32
22.1	23.1	76.9	9.23
31.3	32.3	67.7	11.4
44.2	43.7	56.3	11.8
62.5	55.5	44.5	10.3
88.4	65.9	34.1	8.92
125	74.8	25.2	9.44
177	84.2	15.8	9.04
250	93.3	6.75	3.35
354	96.6	3.39	1.35
500	98.0	2.05	1.78
707	99.7	0.27	0.27
1000	100	0	0
1414	100	0	0
2000	100	0	0
2828	100	0	0
4000	100	0	

Channel	Channel	Channel	Diff.	Cum. <	Cum. >	Diff.
Diameter	Diameter	Diameter	Volume	Volume	Volume	Number
(Lower)	(Center)	(Upper)	%	%	%	%
um	um	um				
0.040	0.042	0.044	0.00025	0	100	1.82
0.044	0.046	0.048	0.00034	0.00025	100	1.84
0.048	0.050	0.053	0.00055	0.00059	99.999	2.28
0.053	0.055	0.058	0.0011	0.0011	99.999	3.51
0.058	0.061	0.064	0.0023	0.0023	99.998	5.52
0.064	0.067	0.070	0.0043	0.0046	99.995	7.66
0.070	0.073	0.077	0.0065	0.0089	99.99	8.75
0.077	0.080	0.084	0.0086	0.015	99.98	8.76
0.084	0.088	0.093	0.011	0.024	99.98	8.25
0.093	0.097	0.102	0.013	0.035	99.97	7.59
0.102	0.106	0.112	0.015	0.048	99.95	6.82
0.112	0.117	0.122	0.018	0.063	99.9	5.95
0.122	0.128	0.134	0.020	0.081	99.9	5.12
0.134	0.141	0.148	0.023	0.10	99.9	4.35
0.148	0.155	0.162	0.025	0.12	99.9	3.66
0.162	0.170	0.178	0.028	0.15	99.9	3.06
0.178	0.186	0.195	0.031	0.18	99.8	2.56
0.195	0.205	0.214	0.034	0.21	99.8	2.14
0.214	0.225	0.235	0.038	0.24	99.8	1.79
0.235	0.247	0.258	0.042	0.28	99.7	1.49
0.258	0.271	0.284	0.046	0.32	99.7	1.24
0.284	0.297	0.311	0.051	0.37	99.6	1.03
0.311	0.326	0.342	0.056	0.42	99.6	0.85
0.342	0.358	0.375	0.061	0.48	99.5	0.70
0.375	0.393	0.412	0.066	0.54	99.5	0.58
0.412	0.431	0.452	0.072	0.60	99.4	0.48
0.452	0.474	0.496	0.078	0.67	99.3	0.39
0.496	0.520	0.545	0.085	0.75	99.2	0.32
0.545	0.571	0.598	0.093	0.84	99.2	0.27
0.598	0.627	0.656	0.10	0.93	99.1	0.22
0.656	0.688	0.721	0.11	1.03	99.0	0.18
0.721	0.755	0.791	0.12	1.14	98.9	0.15
0.791	0.829	0.868	0.13	1.26	98.7	0.12
0.868	0.910	0.953	0.14	1.39	98.6	0.099
0.953	0.999	1.047	0.15	1.53	98.5	0.082
1.047	1.097	1.149	0.17	1.68	98.3	0.067
1.149	1.204	1.261	0.18	1.85	98.2	0.055
1.261	1.321	1.385	0.19	2.03	98.0	0.045
1.385	1.451	1.520	0.21	2.22	97.8	0.037
1.520	1.592	1.668	0.23	2.43	97.6	0.030
1.668	1.748	1.832	0.24	2.65	97.3	0.024
1.832	1.919	2.011	0.26	2.90	97.1	0.020
2.011	2.107	2.207	0.28	3.16	96.8	0.016
2.207	2.313	2.423	0.30	3.43	96.6	0.013
2.423	2.539	2.660	0.32	3.73	96.3	0.010
2.660	2.787	2.920	0.34	4.05	96.0	0.0083
2.920	3.059	3.205	0.36	4.38	95.6	0.0067
3.205	3.358	3.519	0.38	4.74	95.3	0.0054
3.519	3.687	3.863	0.40	5.12	94.9	0.0043
3.863	4.047	4.240	0.43	5.53	94.5	0.0035
4.240	4.443	4.655	0.46	5.96	94.0	0.0028
4.655	4.877	5.110	0.49	6.42	93.6	0.0022
5.110	5.354	5.610	0.52	6.90	93.1	0.0018
5.610	5.878	6.158	0.56	7.43	92.6	0.0015
6.158	6.452	6.760	0.60	7.98	92.0	0.0012
6.760	7.083	7.421	0.64	8.58	91.4	0.00096
7.421	7.775	8.147	0.69	9.22	90.8	0.00078
8.147	8.536	8.943	0.74	9.90	90.1	0.00063
8.943	9.370	9.817	0.80	10.6	89.4	0.00052
9.817	10.29	10.78	0.87	11.4	88.6	0.00043
10.78	11.29	11.83	0.95	12.3	87.7	0.00035
11.83	12.40	12.99	1.05	13.3	86.7	0.00029
12.99	13.61	14.26	1.16	14.3	85.7	0.00025
14.26	14.94	15.65	1.29	15.5	84.5	0.00021
15.65	16.40	17.18	1.45	16.8	83.2	0.00017
17.18	18.00	18.86	1.63	18.2	81.8	0.00015
18.86	19.76	20.70	1.83	19.8	80.2	0.00013
20.70	21.69	22.73	2.04	21.6	78.4	0.00011
22.73	23.81	24.95	2.26	23.7	76.3	0.000089
24.95	26.14	27.39	2.47	25.9	74.1	0.000074
27.39	28.70	30.07	2.67	28.4	71.6	0.000060
30.07	31.50	33.01	2.85	31.1	68.9	0.000049
33.01	34.58	36.24	3.00	33.9	66.1	0.000039
36.24	37.97	39.78	3.12	36.9	63.1	0.000030
39.78	41.68	43.67	3.21	40.1	59.9	0.000024
43.67	45.75	47.94	3.25	43.3	56.7	0.000018
47.94	50.22	52.62	3.24	46.5	53.5	0.000014
52.62	55.13	57.77	3.18	49.8	50.2	0.000010
57.77	60.52	63.41	3.08	53.0	47.0	0.000007
63.41	66.44	69.61	2.95	56.0	44.0	0.000005
69.61	72.94	76.42	2.80	59.0	41.0	0.000004
76.42	80.07	83.89	2.67	61.8	38.2	0.000003
83.89	87.90	92.09	2.54	64.5	35.5	0.000002
92.09	96.49	101.1	2.44	67.0	33.0	0.000001
101.1	105.9	111.0	2.37	69.4	30.6	0.000001
111.0	116.3	121.8	2.33	71.8	28.2	0.000001
121.8	127.6	133.7	2.35	74.1	25.9	0.000001
133.7	140.1	146.8	2.44	76.5	23.5	4.72E-7
146.8	153.8	161.2	2.57	78.9	21.1	3.76E-7
161.2	168.9	176.9	2.70	81.5	18.5	2.99E-7
176.9	185.4	194.2	2.75	84.2	15.8	2.3E-7
194.2	203.5	213.2	2.65	86.9	13.1	1.67E-7
213.2	223.4	234.1	2.35	89.6	10.4	1.12E-7
234.1	245.2	256.9	1.88	91.9	8.06	6.81E-8
256.9	269.2	282.1	1.33	93.8	6.18	3.65E-8
282.1	295.5	309.6	0.83	95.2	4.84	1.72E-8
309.6	324.4	339.9	0.48	96.0	4.01	7.55E-9
339.9	356.1	373.1	0.32	96.5	3.53	3.72E-9
373.1	390.9	409.6	0.29	96.8	3.21	2.57E-9
409.6	429.2	449.7	0.35	97.1	2.92	2.38E-9
449.7	471.1	493.6	0.45	97.4	2.57	2.32E-9
493.6	517.2	541.9	0.53	97.9	2.12	2.04E-9
541.9	567.7	594.9	0.54	98.4	1.59	1.57E-9
594.9	623.3	653.0	0.49	99.0	1.05	1.08E-9
653.0	684.2	716.8	0.34	99.4	0.56	5.72E-10
716.8	751.1	786.9	0.17	99.8	0.21	2.14E-10
786.9	824.5	863.9	0.039	99.96	0.043	3.74E-11
863.9	905.1	948.3	0.0040	99.996	0.0040	2.88E-12
948.3	993.6	1041	0	100	0	0
1041	1091	1143	0	100	0	0
1143	1197	1255	0	100	0	0
1255	1314	1377	0	100	0	0
1377	1443	1512	0	100	0	0
1512	1584	1660	0	100	0	0
1660	1739	1822	0	100	0	0
1822	1909	2000	0	100	0	0
2000				100	0	

