LS	2022-11-09  13:41
File name:	IODP_STV0128-13_01.$ls
File ID:	IODP
Sample ID:	STV0128-130
Operator:	RG
Bar code:	
Comment 1:	
Comment 2:	
Instrument:	LS 230, VSM Plus
Run number:	1
Start time:	2022-11-09  13:40
Run length:	61
Optical model:	Fraunhofer.rfd   PIDS included
Obscuration:	10
PIDS Obscur:	38
Obscuration:	OK
Serial Number:	7205

From	0.0400
To	2000
Volume 	100
Mean:	145.9
Median:	141.5
D(0,0):	0.106
Mean/Median ratio:	1.031
Mode:	185.4
S.D.:	108.2
Variance:	11710
C.V.:	74.16
Skewness:	0.983
Kurtosis:	1.910
d10:	14.35
d50:	141.5
d90:	276.7
Specific Surf. Area:	3828

% <	Size 
10	14.4
25	52.9
50	142
75	209
90	277

% >	Size 
10	277
25	209
50	142
75	52.9
90	14.4

Size 	% <
1	1.15
10	7.52
100	36.5
1000	100

Size 	% >
1	98.9
10	92.5
100	63.5
1000	0

Particle	IODP_STV012	Volume	Volume
Diameter	8-13_01.$ls	% >	%
um	Volume		
	% <		
0.4	0.41	99.6	0.11
0.488	0.53	99.5	0.25
0.69	0.78	99.2	0.34
0.98	1.12	98.9	0.44
1.38	1.56	98.4	0.56
1.95	2.13	97.9	0.70
2.76	2.83	97.2	0.87
3.91	3.70	96.3	1.09
5.52	4.79	95.2	1.43
7.81	6.22	93.8	1.90
11.05	8.12	91.9	2.59
15.63	10.7	89.3	3.44
22.1	14.2	85.8	4.12
31.3	18.3	81.7	4.32
44.2	22.6	77.4	4.83
62.5	27.4	72.6	6.11
88.4	33.5	66.5	10.5
125	44.1	55.9	19.7
177	63.7	36.3	21.7
250	85.5	14.5	10.7
354	96.2	3.78	2.83
500	99.0	0.95	0.90
707	99.9	0.051	0.051
1000	100	0	0
1414	100	0	0
2000	100	0	0
2828	100	0	0
4000	100	0	

Channel	Channel	Channel	Diff.	Cum. <	Cum. >	Diff.
Diameter	Diameter	Diameter	Volume	Volume	Volume	Number
(Lower)	(Center)	(Upper)	%	%	%	%
um	um	um				
0.040	0.042	0.044	0.00017	0	100	1.78
0.044	0.046	0.048	0.00023	0.00017	100	1.80
0.048	0.050	0.053	0.00037	0.00039	100	2.21
0.053	0.055	0.058	0.00074	0.00076	99.999	3.40
0.058	0.061	0.064	0.0016	0.0015	99.998	5.35
0.064	0.067	0.070	0.0029	0.0031	99.997	7.46
0.070	0.073	0.077	0.0044	0.0059	99.99	8.59
0.077	0.080	0.084	0.0058	0.010	99.99	8.67
0.084	0.088	0.093	0.0073	0.016	99.98	8.20
0.093	0.097	0.102	0.0089	0.023	99.98	7.58
0.102	0.106	0.112	0.011	0.032	99.97	6.84
0.112	0.117	0.122	0.012	0.043	99.96	6.00
0.122	0.128	0.134	0.014	0.055	99.9	5.18
0.134	0.141	0.148	0.016	0.069	99.9	4.42
0.148	0.155	0.162	0.018	0.085	99.9	3.74
0.162	0.170	0.178	0.020	0.10	99.9	3.14
0.178	0.186	0.195	0.022	0.12	99.9	2.63
0.195	0.205	0.214	0.024	0.14	99.9	2.21
0.214	0.225	0.235	0.027	0.17	99.8	1.85
0.235	0.247	0.258	0.030	0.20	99.8	1.55
0.258	0.271	0.284	0.033	0.23	99.8	1.30
0.284	0.297	0.311	0.037	0.26	99.7	1.08
0.311	0.326	0.342	0.040	0.30	99.7	0.90
0.342	0.358	0.375	0.044	0.34	99.7	0.74
0.375	0.393	0.412	0.048	0.38	99.6	0.61
0.412	0.431	0.452	0.052	0.43	99.6	0.51
0.452	0.474	0.496	0.057	0.48	99.5	0.42
0.496	0.520	0.545	0.062	0.54	99.5	0.34
0.545	0.571	0.598	0.067	0.60	99.4	0.28
0.598	0.627	0.656	0.073	0.67	99.3	0.23
0.656	0.688	0.721	0.079	0.74	99.3	0.19
0.721	0.755	0.791	0.085	0.82	99.2	0.15
0.791	0.829	0.868	0.092	0.90	99.1	0.13
0.868	0.910	0.953	0.099	0.99	99.0	0.10
0.953	0.999	1.047	0.11	1.09	98.9	0.083
1.047	1.097	1.149	0.11	1.20	98.8	0.067
1.149	1.204	1.261	0.12	1.31	98.7	0.055
1.261	1.321	1.385	0.13	1.44	98.6	0.044
1.385	1.451	1.520	0.14	1.57	98.4	0.036
1.520	1.592	1.668	0.15	1.71	98.3	0.029
1.668	1.748	1.832	0.16	1.86	98.1	0.023
1.832	1.919	2.011	0.17	2.02	98.0	0.018
2.011	2.107	2.207	0.18	2.18	97.8	0.015
2.207	2.313	2.423	0.19	2.36	97.6	0.012
2.423	2.539	2.660	0.20	2.55	97.5	0.0095
2.660	2.787	2.920	0.21	2.75	97.3	0.0076
2.920	3.059	3.205	0.22	2.96	97.0	0.0060
3.205	3.358	3.519	0.24	3.18	96.8	0.0048
3.519	3.687	3.863	0.25	3.42	96.6	0.0039
3.863	4.047	4.240	0.27	3.67	96.3	0.0031
4.240	4.443	4.655	0.28	3.94	96.1	0.0025
4.655	4.877	5.110	0.30	4.22	95.8	0.0020
5.110	5.354	5.610	0.33	4.53	95.5	0.0017
5.610	5.878	6.158	0.35	4.85	95.1	0.0013
6.158	6.452	6.760	0.38	5.20	94.8	0.0011
6.760	7.083	7.421	0.41	5.58	94.4	0.00089
7.421	7.775	8.147	0.44	5.99	94.0	0.00072
8.147	8.536	8.943	0.47	6.42	93.6	0.00059
8.943	9.370	9.817	0.51	6.90	93.1	0.00048
9.817	10.29	10.78	0.56	7.41	92.6	0.00040
10.78	11.29	11.83	0.61	7.97	92.0	0.00033
11.83	12.40	12.99	0.66	8.57	91.4	0.00027
12.99	13.61	14.26	0.72	9.23	90.8	0.00022
14.26	14.94	15.65	0.78	9.95	90.1	0.00018
15.65	16.40	17.18	0.84	10.7	89.3	0.00015
17.18	18.00	18.86	0.91	11.6	88.4	0.00012
18.86	19.76	20.70	0.97	12.5	87.5	0.000098
20.70	21.69	22.73	1.03	13.5	86.5	0.000078
22.73	23.81	24.95	1.08	14.5	85.5	0.000062
24.95	26.14	27.39	1.11	15.6	84.4	0.000048
27.39	28.70	30.07	1.13	16.7	83.3	0.000037
30.07	31.50	33.01	1.15	17.8	82.2	0.000028
33.01	34.58	36.24	1.15	18.9	81.1	0.000022
36.24	37.97	39.78	1.17	20.1	79.9	0.000017
39.78	41.68	43.67	1.19	21.3	78.7	0.000013
43.67	45.75	47.94	1.22	22.4	77.6	0.000010
47.94	50.22	52.62	1.27	23.7	76.3	0.000008
52.62	55.13	57.77	1.33	24.9	75.1	0.000006
57.77	60.52	63.41	1.39	26.3	73.7	0.000005
63.41	66.44	69.61	1.47	27.7	72.3	0.000004
69.61	72.94	76.42	1.58	29.1	70.9	0.000003
76.42	80.07	83.89	1.74	30.7	69.3	0.000003
83.89	87.90	92.09	1.98	32.5	67.5	0.000002
92.09	96.49	101.1	2.33	34.4	65.6	0.000002
101.1	105.9	111.0	2.80	36.8	63.2	0.000002
111.0	116.3	121.8	3.41	39.6	60.4	0.000002
121.8	127.6	133.7	4.12	43.0	57.0	0.000002
133.7	140.1	146.8	4.88	47.1	52.9	0.000001
146.8	153.8	161.2	5.60	52.0	48.0	0.000001
161.2	168.9	176.9	6.14	57.6	42.4	0.000001
176.9	185.4	194.2	6.38	63.7	36.3	0.000001
194.2	203.5	213.2	6.25	70.1	29.9	0.000001
213.2	223.4	234.1	5.73	76.3	23.7	3.99E-7
234.1	245.2	256.9	4.89	82.1	17.9	2.57E-7
256.9	269.2	282.1	3.87	87.0	13.0	1.54E-7
282.1	295.5	309.6	2.86	90.8	9.17	8.59E-8
309.6	324.4	339.9	1.98	93.7	6.32	4.5E-8
339.9	356.1	373.1	1.32	95.7	4.34	2.26E-8
373.1	390.9	409.6	0.89	97.0	3.03	1.15E-8
409.6	429.2	449.7	0.64	97.9	2.14	6.27E-9
449.7	471.1	493.6	0.50	98.5	1.50	3.68E-9
493.6	517.2	541.9	0.39	99.0	1.00	2.19E-9
541.9	567.7	594.9	0.29	99.4	0.61	1.24E-9
594.9	623.3	653.0	0.19	99.7	0.32	6.04E-10
653.0	684.2	716.8	0.096	99.9	0.13	2.32E-10
716.8	751.1	786.9	0.031	99.96	0.037	5.69E-11
786.9	824.5	863.9	0.0053	99.99	0.0055	7.32E-12
863.9	905.1	948.3	0.00026	100	0.00026	2.76E-13
948.3	993.6	1041	0	100	0	0
1041	1091	1143	0	100	0	0
1143	1197	1255	0	100	0	0
1255	1314	1377	0	100	0	0
1377	1443	1512	0	100	0	0
1512	1584	1660	0	100	0	0
1660	1739	1822	0	100	0	0
1822	1909	2000	0	100	0	0
2000				100	0	

