LS	2022-11-09  16:35
File name:	IODP_STV0259-26_01.$ls
File ID:	IODP
Sample ID:	STV0259-262
Operator:	RG
Bar code:	
Comment 1:	
Comment 2:	
Instrument:	LS 230, VSM Plus
Run number:	1
Start time:	2022-11-09  16:34
Run length:	61
Optical model:	Fraunhofer.rfd   PIDS included
Obscuration:	9
PIDS Obscur:	41
Obscuration:	OK
Serial Number:	7205

From	0.0400
To	2000
Volume 	100
Mean:	96.12
Median:	61.54
D(0,0):	0.110
Mean/Median ratio:	1.562
Mode:	185.4
S.D.:	105.9
Variance:	11211
C.V.:	110.2
Skewness:	2.059
Kurtosis:	5.934
d10:	4.836
d50:	61.54
d90:	226.3
Specific Surf. Area:	7091

% <	Size 
10	4.84
25	18.2
50	61.5
75	143
90	226

% >	Size 
10	226
25	143
50	61.5
75	18.2
90	4.84

Size 	% <
1	2.13
10	17.0
100	63.7
1000	100

Size 	% >
1	97.9
10	83.0
100	36.3
1000	0

Particle	IODP_STV025	Volume	Volume
Diameter	9-26_01.$ls	% >	%
um	Volume		
	% <		
0.4	0.70	99.3	0.21
0.488	0.91	99.1	0.48
0.69	1.39	98.6	0.69
0.98	2.08	97.9	0.95
1.38	3.03	97.0	1.32
1.95	4.35	95.6	1.77
2.76	6.12	93.9	2.26
3.91	8.38	91.6	2.72
5.52	11.1	88.9	3.24
7.81	14.3	85.7	3.81
11.05	18.1	81.9	4.57
15.63	22.7	77.3	5.61
22.1	28.3	71.7	6.57
31.3	34.9	65.1	7.17
44.2	42.1	57.9	8.35
62.5	50.4	49.6	9.59
88.4	60.0	40.0	10.6
125	70.6	29.4	11.5
177	82.1	17.9	10.5
250	92.6	7.39	4.50
354	97.1	2.89	1.61
500	98.7	1.28	1.21
707	99.9	0.072	0.072
1000	100	0	0
1414	100	0	0
2000	100	0	0
2828	100	0	0
4000	100	0	

Channel	Channel	Channel	Diff.	Cum. <	Cum. >	Diff.
Diameter	Diameter	Diameter	Volume	Volume	Volume	Number
(Lower)	(Center)	(Upper)	%	%	%	%
um	um	um				
0.040	0.042	0.044	0.00025	0	100	1.68
0.044	0.046	0.048	0.00034	0.00025	100	1.71
0.048	0.050	0.053	0.00055	0.00059	99.999	2.11
0.053	0.055	0.058	0.0011	0.0011	99.999	3.23
0.058	0.061	0.064	0.0023	0.0023	99.998	5.07
0.064	0.067	0.070	0.0043	0.0046	99.995	7.10
0.070	0.073	0.077	0.0066	0.0089	99.99	8.25
0.077	0.080	0.084	0.0089	0.015	99.98	8.39
0.084	0.088	0.093	0.011	0.024	99.98	7.99
0.093	0.097	0.102	0.014	0.036	99.96	7.45
0.102	0.106	0.112	0.017	0.049	99.95	6.78
0.112	0.117	0.122	0.019	0.066	99.9	6.00
0.122	0.128	0.134	0.022	0.085	99.9	5.22
0.134	0.141	0.148	0.025	0.11	99.9	4.49
0.148	0.155	0.162	0.029	0.13	99.9	3.84
0.162	0.170	0.178	0.032	0.16	99.8	3.27
0.178	0.186	0.195	0.036	0.19	99.8	2.77
0.195	0.205	0.214	0.041	0.23	99.8	2.35
0.214	0.225	0.235	0.046	0.27	99.7	1.99
0.235	0.247	0.258	0.051	0.32	99.7	1.69
0.258	0.271	0.284	0.058	0.37	99.6	1.43
0.284	0.297	0.311	0.064	0.43	99.6	1.21
0.311	0.326	0.342	0.071	0.49	99.5	1.01
0.342	0.358	0.375	0.079	0.56	99.4	0.85
0.375	0.393	0.412	0.087	0.64	99.4	0.70
0.412	0.431	0.452	0.096	0.73	99.3	0.59
0.452	0.474	0.496	0.11	0.82	99.2	0.49
0.496	0.520	0.545	0.12	0.93	99.1	0.41
0.545	0.571	0.598	0.13	1.04	99.0	0.34
0.598	0.627	0.656	0.14	1.17	98.8	0.28
0.656	0.688	0.721	0.15	1.31	98.7	0.23
0.721	0.755	0.791	0.17	1.46	98.5	0.19
0.791	0.829	0.868	0.18	1.63	98.4	0.16
0.868	0.910	0.953	0.20	1.82	98.2	0.13
0.953	0.999	1.047	0.22	2.02	98.0	0.11
1.047	1.097	1.149	0.24	2.24	97.8	0.091
1.149	1.204	1.261	0.27	2.48	97.5	0.075
1.261	1.321	1.385	0.29	2.75	97.3	0.062
1.385	1.451	1.520	0.32	3.04	97.0	0.051
1.520	1.592	1.668	0.35	3.36	96.6	0.042
1.668	1.748	1.832	0.38	3.70	96.3	0.035
1.832	1.919	2.011	0.41	4.08	95.9	0.028
2.011	2.107	2.207	0.44	4.49	95.5	0.023
2.207	2.313	2.423	0.47	4.93	95.1	0.019
2.423	2.539	2.660	0.51	5.41	94.6	0.015
2.660	2.787	2.920	0.54	5.92	94.1	0.012
2.920	3.059	3.205	0.58	6.46	93.5	0.0099
3.205	3.358	3.519	0.61	7.04	93.0	0.0080
3.519	3.687	3.863	0.65	7.65	92.4	0.0064
3.863	4.047	4.240	0.68	8.30	91.7	0.0051
4.240	4.443	4.655	0.72	8.98	91.0	0.0040
4.655	4.877	5.110	0.75	9.70	90.3	0.0032
5.110	5.354	5.610	0.79	10.5	89.5	0.0025
5.610	5.878	6.158	0.83	11.2	88.8	0.0020
6.158	6.452	6.760	0.86	12.1	87.9	0.0016
6.760	7.083	7.421	0.90	12.9	87.1	0.0012
7.421	7.775	8.147	0.94	13.8	86.2	0.00099
8.147	8.536	8.943	0.98	14.8	85.2	0.00078
8.943	9.370	9.817	1.02	15.8	84.2	0.00061
9.817	10.29	10.78	1.07	16.8	83.2	0.00049
10.78	11.29	11.83	1.12	17.9	82.1	0.00038
11.83	12.40	12.99	1.18	19.0	81.0	0.00031
12.99	13.61	14.26	1.25	20.2	79.8	0.00024
14.26	14.94	15.65	1.32	21.4	78.6	0.00020
15.65	16.40	17.18	1.40	22.7	77.3	0.00016
17.18	18.00	18.86	1.48	24.1	75.9	0.00013
18.86	19.76	20.70	1.57	25.6	74.4	0.00010
20.70	21.69	22.73	1.65	27.2	72.8	0.000079
22.73	23.81	24.95	1.71	28.8	71.2	0.000062
24.95	26.14	27.39	1.77	30.5	69.5	0.000049
27.39	28.70	30.07	1.80	32.3	67.7	0.000038
30.07	31.50	33.01	1.84	34.1	65.9	0.000029
33.01	34.58	36.24	1.88	36.0	64.0	0.000022
36.24	37.97	39.78	1.94	37.8	62.2	0.000017
39.78	41.68	43.67	2.01	39.8	60.2	0.000014
43.67	45.75	47.94	2.10	41.8	58.2	0.000011
47.94	50.22	52.62	2.20	43.9	56.1	0.000009
52.62	55.13	57.77	2.30	46.1	53.9	0.000007
57.77	60.52	63.41	2.39	48.4	51.6	0.000005
63.41	66.44	69.61	2.48	50.8	49.2	0.000004
69.61	72.94	76.42	2.57	53.3	46.7	0.000003
76.42	80.07	83.89	2.65	55.8	44.2	0.000003
83.89	87.90	92.09	2.74	58.5	41.5	0.000002
92.09	96.49	101.1	2.81	61.2	38.8	0.000002
101.1	105.9	111.0	2.88	64.0	36.0	0.000001
111.0	116.3	121.8	2.92	66.9	33.1	0.000001
121.8	127.6	133.7	2.97	69.8	30.2	0.000001
133.7	140.1	146.8	3.02	72.8	27.2	0.000001
146.8	153.8	161.2	3.09	75.8	24.2	4.18E-7
161.2	168.9	176.9	3.15	78.9	21.1	3.23E-7
176.9	185.4	194.2	3.16	82.1	17.9	2.44E-7
194.2	203.5	213.2	3.04	85.2	14.8	1.78E-7
213.2	223.4	234.1	2.75	88.3	11.7	1.21E-7
234.1	245.2	256.9	2.28	91.0	8.98	7.62E-8
256.9	269.2	282.1	1.71	93.3	6.70	4.32E-8
282.1	295.5	309.6	1.16	95.0	4.99	2.21E-8
309.6	324.4	339.9	0.73	96.2	3.83	1.06E-8
339.9	356.1	373.1	0.49	96.9	3.10	5.33E-9
373.1	390.9	409.6	0.40	97.4	2.61	3.3E-9
409.6	429.2	449.7	0.41	97.8	2.21	2.57E-9
449.7	471.1	493.6	0.46	98.2	1.80	2.16E-9
493.6	517.2	541.9	0.47	98.7	1.34	1.67E-9
541.9	567.7	594.9	0.41	99.1	0.87	1.09E-9
594.9	623.3	653.0	0.28	99.5	0.47	5.66E-10
653.0	684.2	716.8	0.14	99.8	0.19	2.13E-10
716.8	751.1	786.9	0.044	99.9	0.051	5.09E-11
786.9	824.5	863.9	0.0069	99.99	0.0073	6.08E-12
863.9	905.1	948.3	0.00038	100	0.00038	2.52E-13
948.3	993.6	1041	0	100	0	0
1041	1091	1143	0	100	0	0
1143	1197	1255	0	100	0	0
1255	1314	1377	0	100	0	0
1377	1443	1512	0	100	0	0
1512	1584	1660	0	100	0	0
1660	1739	1822	0	100	0	0
1822	1909	2000	0	100	0	0
2000				100	0	

