LS	09/11/2022 14:05									
File name:	IODP_STV0125-12_03.$ls									
File ID:	IODP									
Sample ID:	STV0125-127									
Operator:	RG									
Bar code:										
Comment 1:										
Comment 2:										
Instrument:	"LS 230, VSM Plus"									
Run number:	3									
Start time:	09/11/2022 14:04									
Run length:	62									
Optical model:	Fraunhofer.rfd   PIDS included									
Obscuration:	12									
PIDS Obscur:	47									
Obscuration:	OK									
Serial Number:	7205									
										
From	0.04									
To	2000									
Volume 	100									
Mean:	102.8									
Median:	77.3									
"D(0,0):"	0.12									
Mean/Median ratio:	1.33									
Mode:	140.1									
S.D.:	104.9									
Variance:	10998									
C.V.:	102									
Skewness:	2.442									
Kurtosis:	9.463									
d10:	8.294									
d50:	77.3									
d90:	217.3									
Specific Surf. Area:	4921									
										
% <	Size 									
10	8.29									
25	27.2									
50	77.3									
75	146									
90	217									
										
% >	Size 									
10	217									
25	146									
50	77.3									
75	27.2									
90	8.29									
										
Size 	% <									
1	1.45									
10	11.5									
100	59.2									
1000	99.998									
										
Size 	% >									
1	98.5									
10	88.5									
100	40.8									
1000	0.0019									
										
Particle	IODP_STV012	Volume	Volume							
Diameter	5-12_03.$ls	% >	%							
um	Volume									
	% <									
0.4	0.42	99.6	0.15							
0.488	0.57	99.4	0.35							
0.69	0.91	99.1	0.5							
0.98	1.42	98.6	0.68							
1.38	2.09	97.9	0.9							
1.95	2.99	97	1.14							
2.76	4.13	95.9	1.42							
3.91	5.55	94.5	1.75							
5.52	7.3	92.7	2.25							
7.81	9.55	90.5	2.92							
11.05	12.5	87.5	3.87							
15.63	16.3	83.7	5.05							
22.1	21.4	78.6	6.19							
31.3	27.6	72.4	7.1							
44.2	34.7	65.3	8.81							
62.5	43.5	56.5	11.1							
88.4	54.6	45.4	13.7							
125	68.3	31.7	14.6							
177	82.8	17.2	10.7							
250	93.6	6.44	3.77							
354	97.3	2.67	1.21							
500	98.5	1.46	1.21							
707	99.7	0.26	0.26							
1000	99.998	0.0019	0.0019							
1414	100	0	0							
2000	100	0	0							
2828	100	0	0							
4000	100	0								
										
Channel	Channel	Channel	5-12_03.$ls	Cum. <	Cum. >	Diff.				
Diameter	Diameter	Diameter	Diff.	Volume	Volume	Number				
(Lower)	(Center)	(Upper)	Volume	%	%	%				
um	um	um	%							
0.04	0.042	0.044	0.0001	0	100	1.38				
0.044	0.046	0.048	0.00014	0.0001	100	1.43				
0.048	0.05	0.053	0.00023	0.00024	100	1.8				
0.053	0.055	0.058	0.00047	0.00048	100	2.74				
0.058	0.061	0.064	0.00097	0.00095	99.999	4.28				
0.064	0.067	0.07	0.0018	0.0019	99.998	6.03				
0.07	0.073	0.077	0.0029	0.0037	99.996	7.21				
0.077	0.08	0.084	0.004	0.0066	99.99	7.58				
0.084	0.088	0.093	0.0052	0.011	99.99	7.43				
0.093	0.097	0.102	0.0065	0.016	99.98	7.11				
0.102	0.106	0.112	0.0081	0.022	99.98	6.67				
0.112	0.117	0.122	0.0098	0.03	99.97	6.08				
0.122	0.128	0.134	0.012	0.04	99.96	5.41				
0.134	0.141	0.148	0.013	0.052	99.9	4.77				
0.148	0.155	0.162	0.016	0.065	99.9	4.19				
0.162	0.17	0.178	0.018	0.081	99.9	3.66				
0.178	0.186	0.195	0.021	0.099	99.9	3.18				
0.195	0.205	0.214	0.024	0.12	99.9	2.77				
0.214	0.225	0.235	0.028	0.14	99.9	2.41				
0.235	0.247	0.258	0.032	0.17	99.8	2.1				
0.258	0.271	0.284	0.037	0.2	99.8	1.83				
0.284	0.297	0.311	0.042	0.24	99.8	1.58				
0.311	0.326	0.342	0.047	0.28	99.7	1.35				
0.342	0.358	0.375	0.053	0.33	99.7	1.15				
0.375	0.393	0.412	0.06	0.38	99.6	0.97				
0.412	0.431	0.452	0.067	0.44	99.6	0.82				
0.452	0.474	0.496	0.074	0.51	99.5	0.69				
0.496	0.52	0.545	0.082	0.58	99.4	0.58				
0.545	0.571	0.598	0.091	0.66	99.3	0.49				
0.598	0.627	0.656	0.1	0.76	99.2	0.41				
0.656	0.688	0.721	0.11	0.86	99.1	0.34				
0.721	0.755	0.791	0.12	0.97	99	0.28				
0.791	0.829	0.868	0.13	1.09	98.9	0.23				
0.868	0.91	0.953	0.15	1.22	98.8	0.19				
0.953	0.999	1.047	0.16	1.37	98.6	0.16				
1.047	1.097	1.149	0.17	1.53	98.5	0.13				
1.149	1.204	1.261	0.19	1.71	98.3	0.11				
1.261	1.321	1.385	0.2	1.9	98.1	0.088				
1.385	1.451	1.52	0.22	2.1	97.9	0.072				
1.52	1.592	1.668	0.24	2.32	97.7	0.058				
1.668	1.748	1.832	0.25	2.56	97.4	0.047				
1.832	1.919	2.011	0.27	2.81	97.2	0.038				
2.011	2.107	2.207	0.29	3.08	96.9	0.031				
2.207	2.313	2.423	0.31	3.37	96.6	0.024				
2.423	2.539	2.66	0.32	3.68	96.3	0.02				
2.66	2.787	2.92	0.34	4	96	0.016				
2.92	3.059	3.205	0.36	4.34	95.7	0.013				
3.205	3.358	3.519	0.38	4.7	95.3	0.01				
3.519	3.687	3.863	0.41	5.09	94.9	0.0081				
3.863	4.047	4.24	0.43	5.49	94.5	0.0065				
4.24	4.443	4.655	0.46	5.93	94.1	0.0052				
4.655	4.877	5.11	0.49	6.39	93.6	0.0042				
5.11	5.354	5.61	0.52	6.87	93.1	0.0034				
5.61	5.878	6.158	0.56	7.39	92.6	0.0027				
6.158	6.452	6.76	0.59	7.95	92	0.0022				
6.76	7.083	7.421	0.64	8.55	91.5	0.0018				
7.421	7.775	8.147	0.68	9.18	90.8	0.0014				
8.147	8.536	8.943	0.73	9.86	90.1	0.0012				
8.943	9.37	9.817	0.79	10.6	89.4	0.00095				
9.817	10.29	10.78	0.85	11.4	88.6	0.00077				
10.78	11.29	11.83	0.92	12.2	87.8	0.00063				
11.83	12.4	12.99	0.99	13.1	86.9	0.00051				
12.99	13.61	14.26	1.07	14.1	85.9	0.00042				
14.26	14.94	15.65	1.15	15.2	84.8	0.00034				
15.65	16.4	17.18	1.24	16.4	83.6	0.00028				
17.18	18	18.86	1.33	17.6	82.4	0.00023				
18.86	19.76	20.7	1.42	18.9	81.1	0.00018				
20.7	21.69	22.73	1.51	20.4	79.6	0.00015				
22.73	23.81	24.95	1.59	21.9	78.1	0.00012				
24.95	26.14	27.39	1.66	23.5	76.5	0.000092				
27.39	28.7	30.07	1.72	25.1	74.9	0.000072				
30.07	31.5	33.01	1.78	26.8	73.2	0.000056				
33.01	34.58	36.24	1.84	28.6	71.4	0.000044				
36.24	37.97	39.78	1.92	30.5	69.5	0.000035				
39.78	41.68	43.67	2.03	32.4	67.6	0.000028				
43.67	45.75	47.94	2.15	34.4	65.6	0.000022				
47.94	50.22	52.62	2.29	36.6	63.4	0.000018				
52.62	55.13	57.77	2.45	38.9	61.1	0.000014				
57.77	60.52	63.41	2.61	41.3	58.7	0.000012				
63.41	66.44	69.61	2.77	43.9	56.1	0.000009				
69.61	72.94	76.42	2.95	46.7	53.3	0.000008				
76.42	80.07	83.89	3.14	49.6	50.4	0.000006				
83.89	87.9	92.09	3.34	52.8	47.2	0.000005				
92.09	96.49	101.1	3.54	56.1	43.9	0.000004				
101.1	105.9	111	3.72	59.6	40.4	0.000003				
111	116.3	121.8	3.86	63.4	36.6	0.000002				
121.8	127.6	133.7	3.95	67.2	32.8	0.000002				
133.7	140.1	146.8	3.97	71.2	28.8	0.000001				
146.8	153.8	161.2	3.92	75.1	24.9	0.000001				
161.2	168.9	176.9	3.77	79.1	20.9	0.000001				
176.9	185.4	194.2	3.51	82.8	17.2	0.000001				
194.2	203.5	213.2	3.14	86.3	13.7	3.69E-07				
213.2	223.4	234.1	2.64	89.5	10.5	2.35E-07				
234.1	245.2	256.9	2.07	92.1	7.88	1.39E-07				
256.9	269.2	282.1	1.47	94.2	5.81	7.49E-08				
282.1	295.5	309.6	0.95	95.7	4.34	3.64E-08				
309.6	324.4	339.9	0.57	96.6	3.39	1.65E-08				
339.9	356.1	373.1	0.36	97.2	2.82	7.92E-09				
373.1	390.9	409.6	0.29	97.5	2.46	4.79E-09				
409.6	429.2	449.7	0.3	97.8	2.17	3.81E-09				
449.7	471.1	493.6	0.35	98.1	1.87	3.37E-09				
493.6	517.2	541.9	0.39	98.5	1.52	2.79E-09				
541.9	567.7	594.9	0.37	98.9	1.13	2.02E-09				
594.9	623.3	653	0.31	99.2	0.75	1.26E-09				
653	684.2	716.8	0.22	99.6	0.45	6.84E-10				
716.8	751.1	786.9	0.14	99.8	0.22	3.16E-10				
786.9	824.5	863.9	0.064	99.9	0.09	1.14E-10				
863.9	905.1	948.3	0.021	99.97	0.025	2.86E-11				
948.3	993.6	1041	0.0036	99.996	0.0039	3.67E-12				
1041	1091	1143	0.00025	100	0.00025	1.90E-13				
1143	1197	1255	0	100	0	0				
1255	1314	1377	0	100	0	0				
1377	1443	1512	0	100	0	0				
1512	1584	1660	0	100	0	0				
1660	1739	1822	0	100	0	0				
1822	1909	2000	0	100	0	0				
2000				100	0					