LS	2022-11-09  13:52
File name:	IODP_STV0128-13_04.$ls
File ID:	IODP
Sample ID:	STV0128-130
Operator:	RG
Bar code:	
Comment 1:	
Comment 2:	
Instrument:	LS 230, VSM Plus
Run number:	4
Start time:	2022-11-09  13:51
Run length:	61
Optical model:	Fraunhofer.rfd   PIDS included
Obscuration:	9
PIDS Obscur:	42
Obscuration:	OK
Serial Number:	7205

From	0.0400
To	2000
Volume 	100
Mean:	148.2
Median:	137.9
D(0,0):	0.107
Mean/Median ratio:	1.075
Mode:	185.4
S.D.:	129.5
Variance:	16777
C.V.:	87.37
Skewness:	2.521
Kurtosis:	12.69
d10:	13.49
d50:	137.9
d90:	276.5
Specific Surf. Area:	3962

% <	Size 
10	13.5
25	48.9
50	138
75	207
90	276

% >	Size 
10	276
25	207
50	138
75	48.9
90	13.5

Size 	% <
1	1.18
10	7.90
100	37.8
1000	99.7

Size 	% >
1	98.8
10	92.1
100	62.2
1000	0.27

Particle	IODP_STV012	Volume	Volume
Diameter	8-13_04.$ls	% >	%
um	Volume		
	% <		
0.4	0.43	99.6	0.12
0.488	0.54	99.5	0.26
0.69	0.80	99.2	0.36
0.98	1.16	98.8	0.46
1.38	1.61	98.4	0.59
1.95	2.20	97.8	0.74
2.76	2.94	97.1	0.92
3.91	3.86	96.1	1.16
5.52	5.02	95.0	1.51
7.81	6.53	93.5	2.01
11.05	8.54	91.5	2.72
15.63	11.3	88.7	3.60
22.1	14.9	85.1	4.29
31.3	19.1	80.9	4.48
44.2	23.6	76.4	4.99
62.5	28.6	71.4	6.22
88.4	34.8	65.2	10.6
125	45.4	54.6	19.4
177	64.8	35.2	20.9
250	85.7	14.3	10.1
354	95.9	4.14	2.39
500	98.2	1.75	0.87
707	99.1	0.89	0.62
1000	99.7	0.27	0.27
1414	100	0	0
2000	100	0	0
2828	100	0	0
4000	100	0	

Channel	Channel	Channel	Diff.	Cum. <	Cum. >	Diff.
Diameter	Diameter	Diameter	Volume	Volume	Volume	Number
(Lower)	(Center)	(Upper)	%	%	%	%
um	um	um				
0.040	0.042	0.044	0.00017	0	100	1.80
0.044	0.046	0.048	0.00023	0.00017	100	1.80
0.048	0.050	0.053	0.00037	0.00041	100	2.20
0.053	0.055	0.058	0.00075	0.00078	99.999	3.35
0.058	0.061	0.064	0.0016	0.0015	99.998	5.28
0.064	0.067	0.070	0.0029	0.0031	99.997	7.40
0.070	0.073	0.077	0.0045	0.0060	99.99	8.58
0.077	0.080	0.084	0.0060	0.011	99.99	8.68
0.084	0.088	0.093	0.0075	0.016	99.98	8.22
0.093	0.097	0.102	0.0092	0.024	99.98	7.60
0.102	0.106	0.112	0.011	0.033	99.97	6.86
0.112	0.117	0.122	0.013	0.044	99.96	6.02
0.122	0.128	0.134	0.015	0.057	99.9	5.20
0.134	0.141	0.148	0.016	0.071	99.9	4.43
0.148	0.155	0.162	0.018	0.088	99.9	3.75
0.162	0.170	0.178	0.020	0.11	99.9	3.15
0.178	0.186	0.195	0.023	0.13	99.9	2.64
0.195	0.205	0.214	0.025	0.15	99.9	2.21
0.214	0.225	0.235	0.028	0.17	99.8	1.86
0.235	0.247	0.258	0.031	0.20	99.8	1.56
0.258	0.271	0.284	0.034	0.23	99.8	1.30
0.284	0.297	0.311	0.038	0.27	99.7	1.09
0.311	0.326	0.342	0.041	0.30	99.7	0.90
0.342	0.358	0.375	0.045	0.35	99.7	0.75
0.375	0.393	0.412	0.049	0.39	99.6	0.61
0.412	0.431	0.452	0.054	0.44	99.6	0.51
0.452	0.474	0.496	0.059	0.49	99.5	0.42
0.496	0.520	0.545	0.064	0.55	99.4	0.34
0.545	0.571	0.598	0.069	0.62	99.4	0.28
0.598	0.627	0.656	0.075	0.69	99.3	0.23
0.656	0.688	0.721	0.081	0.76	99.2	0.19
0.721	0.755	0.791	0.088	0.84	99.2	0.15
0.791	0.829	0.868	0.095	0.93	99.1	0.13
0.868	0.910	0.953	0.10	1.03	99.0	0.10
0.953	0.999	1.047	0.11	1.13	98.9	0.084
1.047	1.097	1.149	0.12	1.24	98.8	0.068
1.149	1.204	1.261	0.13	1.36	98.6	0.055
1.261	1.321	1.385	0.14	1.48	98.5	0.045
1.385	1.451	1.520	0.15	1.62	98.4	0.036
1.520	1.592	1.668	0.16	1.77	98.2	0.029
1.668	1.748	1.832	0.17	1.92	98.1	0.023
1.832	1.919	2.011	0.18	2.09	97.9	0.019
2.011	2.107	2.207	0.19	2.26	97.7	0.015
2.207	2.313	2.423	0.20	2.45	97.6	0.012
2.423	2.539	2.660	0.21	2.65	97.4	0.0097
2.660	2.787	2.920	0.22	2.86	97.1	0.0077
2.920	3.059	3.205	0.24	3.08	96.9	0.0062
3.205	3.358	3.519	0.25	3.31	96.7	0.0050
3.519	3.687	3.863	0.27	3.56	96.4	0.0040
3.863	4.047	4.240	0.28	3.83	96.2	0.0032
4.240	4.443	4.655	0.30	4.11	95.9	0.0026
4.655	4.877	5.110	0.32	4.41	95.6	0.0021
5.110	5.354	5.610	0.35	4.74	95.3	0.0017
5.610	5.878	6.158	0.37	5.08	94.9	0.0014
6.158	6.452	6.760	0.40	5.45	94.5	0.0011
6.760	7.083	7.421	0.43	5.85	94.1	0.00091
7.421	7.775	8.147	0.46	6.28	93.7	0.00074
8.147	8.536	8.943	0.50	6.75	93.3	0.00061
8.943	9.370	9.817	0.54	7.25	92.8	0.00050
9.817	10.29	10.78	0.59	7.79	92.2	0.00041
10.78	11.29	11.83	0.64	8.37	91.6	0.00033
11.83	12.40	12.99	0.69	9.01	91.0	0.00027
12.99	13.61	14.26	0.75	9.70	90.3	0.00023
14.26	14.94	15.65	0.82	10.5	89.5	0.00018
15.65	16.40	17.18	0.88	11.3	88.7	0.00015
17.18	18.00	18.86	0.95	12.2	87.8	0.00012
18.86	19.76	20.70	1.01	13.1	86.9	0.000099
20.70	21.69	22.73	1.07	14.1	85.9	0.000079
22.73	23.81	24.95	1.12	15.2	84.8	0.000063
24.95	26.14	27.39	1.16	16.3	83.7	0.000049
27.39	28.70	30.07	1.18	17.5	82.5	0.000038
30.07	31.50	33.01	1.19	18.6	81.4	0.000029
33.01	34.58	36.24	1.20	19.8	80.2	0.000022
36.24	37.97	39.78	1.21	21.0	79.0	0.000017
39.78	41.68	43.67	1.23	22.2	77.8	0.000013
43.67	45.75	47.94	1.26	23.5	76.5	0.000010
47.94	50.22	52.62	1.31	24.7	75.3	0.000008
52.62	55.13	57.77	1.37	26.0	74.0	0.000006
57.77	60.52	63.41	1.43	27.4	72.6	0.000005
63.41	66.44	69.61	1.51	28.8	71.2	0.000004
69.61	72.94	76.42	1.61	30.4	69.6	0.000003
76.42	80.07	83.89	1.77	32.0	68.0	0.000003
83.89	87.90	92.09	2.00	33.7	66.3	0.000002
92.09	96.49	101.1	2.35	35.7	64.3	0.000002
101.1	105.9	111.0	2.82	38.1	61.9	0.000002
111.0	116.3	121.8	3.42	40.9	59.1	0.000002
121.8	127.6	133.7	4.12	44.3	55.7	0.000001
133.7	140.1	146.8	4.84	48.4	51.6	0.000001
146.8	153.8	161.2	5.50	53.3	46.7	0.000001
161.2	168.9	176.9	5.98	58.8	41.2	0.000001
176.9	185.4	194.2	6.18	64.8	35.2	0.000001
194.2	203.5	213.2	6.01	71.0	29.0	0.000001
213.2	223.4	234.1	5.49	77.0	23.0	3.72E-7
234.1	245.2	256.9	4.67	82.5	17.5	2.39E-7
256.9	269.2	282.1	3.69	87.1	12.9	1.43E-7
282.1	295.5	309.6	2.70	90.8	9.18	7.91E-8
309.6	324.4	339.9	1.84	93.5	6.48	4.06E-8
339.9	356.1	373.1	1.18	95.4	4.64	1.98E-8
373.1	390.9	409.6	0.76	96.5	3.46	9.57E-9
409.6	429.2	449.7	0.52	97.3	2.71	4.93E-9
449.7	471.1	493.6	0.39	97.8	2.19	2.84E-9
493.6	517.2	541.9	0.32	98.2	1.80	1.73E-9
541.9	567.7	594.9	0.26	98.5	1.48	1.06E-9
594.9	623.3	653.0	0.20	98.8	1.22	6.25E-10
653.0	684.2	716.8	0.16	99.0	1.02	3.75E-10
716.8	751.1	786.9	0.14	99.1	0.86	2.46E-10
786.9	824.5	863.9	0.15	99.3	0.72	2E-10
863.9	905.1	948.3	0.19	99.4	0.58	1.98E-10
948.3	993.6	1041	0.20	99.6	0.38	1.53E-10
1041	1091	1143	0.14	99.8	0.18	8.06E-11
1143	1197	1255	0.039	99.96	0.044	1.71E-11
1255	1314	1377	0.0048	99.995	0.0048	1.59E-12
1377	1443	1512	0	100	0	0
1512	1584	1660	0	100	0	0
1660	1739	1822	0	100	0	0
1822	1909	2000	0	100	0	0
2000				100	0	

