LS	2022-11-09  14:50
File name:	IODP_STV0015-16_02.$ls
File ID:	IODP
Sample ID:	STV0015-16
Operator:	RG
Bar code:	
Comment 1:	
Comment 2:	
Instrument:	LS 230, VSM Plus
Run number:	2
Start time:	2022-11-09  14:48
Run length:	61
Optical model:	Fraunhofer.rfd   PIDS included
Obscuration:	9
PIDS Obscur:	33
Obscuration:	OK
Serial Number:	7205

From	0.0400
To	2000
Volume 	100
Mean:	94.23
Median:	54.55
D(0,0):	0.104
Mean/Median ratio:	1.728
Mode:	50.22
S.D.:	110.6
Variance:	12230
C.V.:	117.4
Skewness:	2.586
Kurtosis:	8.723
d10:	8.818
d50:	54.55
d90:	220.1
Specific Surf. Area:	5534

% <	Size 
10	8.82
25	24.9
50	54.5
75	128
90	220

% >	Size 
10	220
25	128
50	54.5
75	24.9
90	8.82

Size 	% <
1	1.56
10	11.0
100	68.7
1000	100

Size 	% >
1	98.4
10	89.0
100	31.3
1000	0

Particle	IODP_STV001	Volume	Volume
Diameter	5-16_02.$ls	% >	%
um	Volume		
	% <		
0.4	0.58	99.4	0.15
0.488	0.73	99.3	0.34
0.69	1.07	98.9	0.47
0.98	1.53	98.5	0.61
1.38	2.14	97.9	0.81
1.95	2.95	97.0	1.04
2.76	3.99	96.0	1.32
3.91	5.31	94.7	1.65
5.52	6.96	93.0	2.14
7.81	9.10	90.9	2.85
11.05	11.9	88.1	4.05
15.63	16.0	84.0	6.19
22.1	22.2	77.8	9.10
31.3	31.3	68.7	11.4
44.2	42.7	57.3	12.0
62.5	54.7	45.3	10.6
88.4	65.3	34.7	9.09
125	74.4	25.6	9.42
177	83.8	16.2	9.19
250	93.0	7.02	3.67
354	96.6	3.36	1.49
500	98.1	1.87	1.65
707	99.8	0.22	0.22
1000	100	0	0
1414	100	0	0
2000	100	0	0
2828	100	0	0
4000	100	0	

Channel	Channel	Channel	Diff.	Cum. <	Cum. >	Diff.
Diameter	Diameter	Diameter	Volume	Volume	Volume	Number
(Lower)	(Center)	(Upper)	%	%	%	%
um	um	um				
0.040	0.042	0.044	0.00025	0	100	1.83
0.044	0.046	0.048	0.00034	0.00025	100	1.86
0.048	0.050	0.053	0.00056	0.00060	99.999	2.30
0.053	0.055	0.058	0.0011	0.0012	99.999	3.55
0.058	0.061	0.064	0.0024	0.0023	99.998	5.59
0.064	0.067	0.070	0.0044	0.0047	99.995	7.74
0.070	0.073	0.077	0.0066	0.0090	99.99	8.82
0.077	0.080	0.084	0.0087	0.016	99.98	8.81
0.084	0.088	0.093	0.011	0.024	99.98	8.28
0.093	0.097	0.102	0.013	0.035	99.96	7.61
0.102	0.106	0.112	0.016	0.048	99.95	6.82
0.112	0.117	0.122	0.018	0.064	99.9	5.95
0.122	0.128	0.134	0.020	0.082	99.9	5.10
0.134	0.141	0.148	0.023	0.10	99.9	4.33
0.148	0.155	0.162	0.025	0.12	99.9	3.64
0.162	0.170	0.178	0.028	0.15	99.8	3.04
0.178	0.186	0.195	0.031	0.18	99.8	2.53
0.195	0.205	0.214	0.034	0.21	99.8	2.11
0.214	0.225	0.235	0.038	0.24	99.8	1.76
0.235	0.247	0.258	0.041	0.28	99.7	1.46
0.258	0.271	0.284	0.046	0.32	99.7	1.22
0.284	0.297	0.311	0.050	0.37	99.6	1.01
0.311	0.326	0.342	0.055	0.42	99.6	0.83
0.342	0.358	0.375	0.059	0.47	99.5	0.69
0.375	0.393	0.412	0.065	0.53	99.5	0.56
0.412	0.431	0.452	0.070	0.60	99.4	0.46
0.452	0.474	0.496	0.076	0.67	99.3	0.38
0.496	0.520	0.545	0.083	0.74	99.3	0.31
0.545	0.571	0.598	0.090	0.83	99.2	0.26
0.598	0.627	0.656	0.097	0.92	99.1	0.21
0.656	0.688	0.721	0.11	1.01	99.0	0.17
0.721	0.755	0.791	0.11	1.12	98.9	0.14
0.791	0.829	0.868	0.12	1.23	98.8	0.12
0.868	0.910	0.953	0.13	1.36	98.6	0.094
0.953	0.999	1.047	0.15	1.49	98.5	0.077
1.047	1.097	1.149	0.16	1.64	98.4	0.063
1.149	1.204	1.261	0.17	1.79	98.2	0.052
1.261	1.321	1.385	0.18	1.96	98.0	0.042
1.385	1.451	1.520	0.20	2.15	97.9	0.034
1.520	1.592	1.668	0.21	2.35	97.7	0.028
1.668	1.748	1.832	0.23	2.56	97.4	0.023
1.832	1.919	2.011	0.24	2.79	97.2	0.018
2.011	2.107	2.207	0.26	3.03	97.0	0.015
2.207	2.313	2.423	0.28	3.30	96.7	0.012
2.423	2.539	2.660	0.30	3.57	96.4	0.0096
2.660	2.787	2.920	0.32	3.87	96.1	0.0077
2.920	3.059	3.205	0.34	4.19	95.8	0.0062
3.205	3.358	3.519	0.36	4.52	95.5	0.0050
3.519	3.687	3.863	0.38	4.88	95.1	0.0040
3.863	4.047	4.240	0.40	5.26	94.7	0.0032
4.240	4.443	4.655	0.43	5.67	94.3	0.0026
4.655	4.877	5.110	0.46	6.10	93.9	0.0021
5.110	5.354	5.610	0.49	6.56	93.4	0.0017
5.610	5.878	6.158	0.53	7.05	92.9	0.0014
6.158	6.452	6.760	0.57	7.58	92.4	0.0011
6.760	7.083	7.421	0.61	8.14	91.9	0.00090
7.421	7.775	8.147	0.65	8.75	91.2	0.00074
8.147	8.536	8.943	0.71	9.40	90.6	0.00060
8.943	9.370	9.817	0.77	10.1	89.9	0.00049
9.817	10.29	10.78	0.83	10.9	89.1	0.00041
10.78	11.29	11.83	0.92	11.7	88.3	0.00034
11.83	12.40	12.99	1.01	12.6	87.4	0.00028
12.99	13.61	14.26	1.12	13.6	86.4	0.00024
14.26	14.94	15.65	1.26	14.8	85.2	0.00020
15.65	16.40	17.18	1.41	16.0	84.0	0.00017
17.18	18.00	18.86	1.59	17.4	82.6	0.00014
18.86	19.76	20.70	1.79	19.0	81.0	0.00012
20.70	21.69	22.73	2.00	20.8	79.2	0.00010
22.73	23.81	24.95	2.22	22.8	77.2	0.000087
24.95	26.14	27.39	2.44	25.0	75.0	0.000072
27.39	28.70	30.07	2.64	27.5	72.5	0.000059
30.07	31.50	33.01	2.82	30.1	69.9	0.000048
33.01	34.58	36.24	2.99	32.9	67.1	0.000038
36.24	37.97	39.78	3.12	35.9	64.1	0.000030
39.78	41.68	43.67	3.21	39.0	61.0	0.000024
43.67	45.75	47.94	3.27	42.2	57.8	0.000018
47.94	50.22	52.62	3.28	45.5	54.5	0.000014
52.62	55.13	57.77	3.23	48.8	51.2	0.000010
57.77	60.52	63.41	3.14	52.0	48.0	0.000008
63.41	66.44	69.61	3.02	55.2	44.8	0.000005
69.61	72.94	76.42	2.89	58.2	41.8	0.000004
76.42	80.07	83.89	2.75	61.1	38.9	0.000003
83.89	87.90	92.09	2.62	63.8	36.2	0.000002
92.09	96.49	101.1	2.51	66.5	33.5	0.000001
101.1	105.9	111.0	2.41	69.0	31.0	0.000001
111.0	116.3	121.8	2.36	71.4	28.6	0.000001
121.8	127.6	133.7	2.36	73.7	26.3	0.000001
133.7	140.1	146.8	2.43	76.1	23.9	4.68E-7
146.8	153.8	161.2	2.55	78.5	21.5	3.72E-7
161.2	168.9	176.9	2.69	81.1	18.9	2.96E-7
176.9	185.4	194.2	2.76	83.8	16.2	2.29E-7
194.2	203.5	213.2	2.68	86.5	13.5	1.68E-7
213.2	223.4	234.1	2.41	89.2	10.8	1.14E-7
234.1	245.2	256.9	1.96	91.6	8.39	7.03E-8
256.9	269.2	282.1	1.42	93.6	6.43	3.86E-8
282.1	295.5	309.6	0.92	95.0	5.01	1.89E-8
309.6	324.4	339.9	0.57	95.9	4.09	8.78E-9
339.9	356.1	373.1	0.38	96.5	3.52	4.49E-9
373.1	390.9	409.6	0.34	96.9	3.14	3.02E-9
409.6	429.2	449.7	0.39	97.2	2.80	2.6E-9
449.7	471.1	493.6	0.47	97.6	2.41	2.37E-9
493.6	517.2	541.9	0.52	98.1	1.94	2E-9
541.9	567.7	594.9	0.51	98.6	1.42	1.48E-9
594.9	623.3	653.0	0.44	99.1	0.91	9.65E-10
653.0	684.2	716.8	0.29	99.5	0.47	4.85E-10
716.8	751.1	786.9	0.14	99.8	0.17	1.72E-10
786.9	824.5	863.9	0.031	99.97	0.034	2.91E-11
863.9	905.1	948.3	0.0030	99.997	0.0030	2.15E-12
948.3	993.6	1041	0	100	0	0
1041	1091	1143	0	100	0	0
1143	1197	1255	0	100	0	0
1255	1314	1377	0	100	0	0
1377	1443	1512	0	100	0	0
1512	1584	1660	0	100	0	0
1660	1739	1822	0	100	0	0
1822	1909	2000	0	100	0	0
2000				100	0	

