LS	09/11/2022 16:07													
File name:	IODP_STV0226-23_06.$ls													
File ID:	IODP													
Sample ID:	STV0226-230													
Operator:	RG													
Bar code:														
Comment 1:														
Comment 2:														
Instrument:	"LS 230, VSM Plus"													
Run number:	6													
Start time:	09/11/2022 16:06													
Run length:	61													
Optical model:	Fraunhofer.rfd   PIDS included													
Obscuration:	15													
PIDS Obscur:	43													
Obscuration:	High													
Serial Number:	7205													
														
From	0.04													
To	2000													
Volume 	100													
Mean:	47.53													
Median:	34.21													
"D(0,0):"	0.107													
Mean/Median ratio:	1.389													
Mode:	55.13													
S.D.:	47.84													
Variance:	2288													
C.V.:	100.6													
Skewness:	2.115													
Kurtosis:	5.588													
d10:	4.968													
d50:	34.21													
d90:	100.7													
Specific Surf. Area:	7926													
														
% <	Size 													
10	4.97													
25	15													
50	34.2													
75	63.7													
90	101													
														
% >	Size 													
10	101													
25	63.7													
50	34.2													
75	15													
90	4.97													
														
Size 	% <													
1	2.29													
10	17.8													
100	89.8													
1000	100													
														
Size 	% >													
1	97.7													
10	82.2													
100	10.2													
1000	0													
														
Particle	IODP_STV022	Volume	Volume	IODP_STV022	Volume	Volume	IODP_STV022	Volume	Volume					
Diameter	6-23_06.$ls	% >	%	6-23_02.$ls	% >	%	6-23_01.$ls	% >	%					
um	Volume			Volume			Volume							
	% <			% <			% <							
0.4	0.8	99.2	0.23	0.81	99.2	0.22	0.82	99.2	0.22					
0.488	1.03	99	0.51	1.03	99	0.5	1.04	99	0.49					
0.69	1.53	98.5	0.7	1.53	98.5	0.68	1.54	98.5	0.67					
0.98	2.24	97.8	0.93	2.21	97.8	0.88	2.2	97.8	0.86					
1.38	3.17	96.8	1.25	3.09	96.9	1.16	3.06	96.9	1.13					
1.95	4.42	95.6	1.64	4.25	95.7	1.51	4.19	95.8	1.46					
2.76	6.06	93.9	2.12	5.76	94.2	1.94	5.65	94.3	1.87					
3.91	8.19	91.8	2.73	7.69	92.3	2.5	7.53	92.5	2.42					
5.52	10.9	89.1	3.61	10.2	89.8	3.33	9.94	90.1	3.23					
7.81	14.5	85.5	4.82	13.5	86.5	4.48	13.2	86.8	4.37					
11.05	19.3	80.7	6.6	18	82	6.21	17.5	82.5	6.08					
15.63	25.9	74.1	9.08	24.2	75.8	8.66	23.6	76.4	8.54					
22.1	35	65	11.7	32.9	67.1	11.4	32.2	67.8	11.4					
31.3	46.7	53.3	13.3	44.3	55.7	13.3	43.5	56.5	13.5					
44.2	60	40	14.2	57.6	42.4	14.4	57.1	42.9	14.9					
62.5	74.2	25.8	12.3	72	28	12.5	72	28	12.9					
88.4	86.5	13.5	7.12	84.5	15.5	7.47	84.8	15.2	7.71					
125	93.7	6.35	2.89	92	8.05	3.21	92.6	7.44	3.4					
177	96.5	3.46	2.74	95.2	4.83	1.76	96	4.04	1.69					
250	99.3	0.71	0.71	96.9	3.08	0.97	97.7	2.35	0.78					
354	99.998	0.0015	0.0015	97.9	2.11	1.04	98.4	1.57	0.75					
500	100	0	0	98.9	1.07	0.96	99.2	0.81	0.8					
707	100	0	0	99.9	0.11	0.11	99.99	0.01	0.01					
1000	100	0	0	100	0	0	100	0	0					
1414	100	0	0	100	0	0	100	0	0					
2000	100	0	0	100	0	0	100	0	0					
2828	100	0	0	100	0	0	100	0	0					
4000	100	0		100	0		100	0						
														
Channel	Channel	Channel	6-23_06.$ls	Cum. <	Cum. >	Diff.	6-23_02.$ls	Cum. <	Cum. >	Diff.	6-23_01.$ls	Cum. <	Cum. >	Diff.
Diameter	Diameter	Diameter	Diff.	Volume	Volume	Number	Diff.	Volume	Volume	Number	Diff.	Volume	Volume	Number
(Lower)	(Center)	(Upper)	Volume	%	%	%	Volume	%	%	%	Volume	%	%	%
um	um	um	%				%				%			
0.04	0.042	0.044	0.00032	0	100	1.77	0.00034	0	100	1.82	0.00035	0	100	1.83
0.044	0.046	0.048	0.00042	0.00032	100	1.78	0.00044	0.00034	100	1.8	0.00046	0.00035	100	1.82
0.048	0.05	0.053	0.00068	0.00074	99.999	2.17	0.00071	0.00078	99.999	2.18	0.00074	0.00081	99.999	2.2
0.053	0.055	0.058	0.0014	0.0014	99.999	3.3	0.0014	0.0015	99.999	3.3	0.0015	0.0015	99.998	3.34
0.058	0.061	0.064	0.0029	0.0028	99.997	5.2	0.003	0.0029	99.997	5.21	0.0031	0.003	99.997	5.27
0.064	0.067	0.07	0.0053	0.0057	99.99	7.3	0.0055	0.0059	99.99	7.35	0.0057	0.0061	99.99	7.42
0.07	0.073	0.077	0.0082	0.011	99.99	8.49	0.0085	0.011	99.99	8.58	0.0088	0.012	99.99	8.64
0.077	0.08	0.084	0.011	0.019	99.98	8.61	0.011	0.02	99.98	8.71	0.012	0.021	99.98	8.75
0.084	0.088	0.093	0.014	0.03	99.97	8.17	0.014	0.031	99.97	8.25	0.015	0.033	99.97	8.28
0.093	0.097	0.102	0.017	0.044	99.96	7.57	0.018	0.046	99.95	7.62	0.018	0.047	99.95	7.64
0.102	0.106	0.112	0.02	0.061	99.9	6.85	0.021	0.063	99.9	6.88	0.022	0.065	99.9	6.89
0.112	0.117	0.122	0.024	0.081	99.9	6.03	0.024	0.084	99.9	6.05	0.025	0.087	99.9	6.04
0.122	0.128	0.134	0.027	0.1	99.9	5.21	0.028	0.11	99.9	5.21	0.028	0.11	99.9	5.2
0.134	0.141	0.148	0.03	0.13	99.9	4.45	0.031	0.14	99.9	4.44	0.032	0.14	99.9	4.43
0.148	0.155	0.162	0.034	0.16	99.8	3.77	0.035	0.17	99.8	3.76	0.036	0.17	99.8	3.73
0.162	0.17	0.178	0.038	0.2	99.8	3.18	0.039	0.2	99.8	3.15	0.04	0.21	99.8	3.13
0.178	0.186	0.195	0.042	0.23	99.8	2.67	0.043	0.24	99.8	2.64	0.044	0.25	99.8	2.62
0.195	0.205	0.214	0.047	0.28	99.7	2.25	0.048	0.29	99.7	2.21	0.049	0.29	99.7	2.19
0.214	0.225	0.235	0.052	0.32	99.7	1.89	0.053	0.33	99.7	1.85	0.054	0.34	99.7	1.83
0.235	0.247	0.258	0.058	0.38	99.6	1.59	0.059	0.39	99.6	1.55	0.059	0.39	99.6	1.53
0.258	0.271	0.284	0.065	0.43	99.6	1.33	0.065	0.45	99.6	1.3	0.066	0.45	99.5	1.28
0.284	0.297	0.311	0.072	0.5	99.5	1.12	0.072	0.51	99.5	1.08	0.072	0.52	99.5	1.06
0.311	0.326	0.342	0.079	0.57	99.4	0.93	0.079	0.58	99.4	0.9	0.079	0.59	99.4	0.88
0.342	0.358	0.375	0.086	0.65	99.4	0.77	0.086	0.66	99.3	0.74	0.086	0.67	99.3	0.73
0.375	0.393	0.412	0.095	0.74	99.3	0.64	0.094	0.75	99.3	0.61	0.094	0.76	99.2	0.6
0.412	0.431	0.452	0.1	0.83	99.2	0.53	0.1	0.84	99.2	0.5	0.1	0.85	99.1	0.49
0.452	0.474	0.496	0.11	0.93	99.1	0.43	0.11	0.94	99.1	0.41	0.11	0.95	99	0.4
0.496	0.52	0.545	0.12	1.05	99	0.36	0.12	1.05	98.9	0.34	0.12	1.06	98.9	0.33
0.545	0.571	0.598	0.13	1.17	98.8	0.3	0.13	1.18	98.8	0.28	0.13	1.18	98.8	0.27
0.598	0.627	0.656	0.15	1.3	98.7	0.24	0.14	1.31	98.7	0.23	0.14	1.31	98.7	0.22
0.656	0.688	0.721	0.16	1.45	98.6	0.2	0.15	1.45	98.6	0.19	0.15	1.46	98.5	0.18
0.721	0.755	0.791	0.17	1.61	98.4	0.16	0.17	1.6	98.4	0.15	0.17	1.61	98.4	0.15
0.791	0.829	0.868	0.19	1.78	98.2	0.14	0.18	1.77	98.2	0.13	0.18	1.77	98.2	0.12
0.868	0.91	0.953	0.2	1.97	98	0.11	0.2	1.95	98	0.1	0.19	1.95	98	0.098
0.953	0.999	1.047	0.22	2.17	97.8	0.091	0.21	2.15	97.9	0.084	0.21	2.14	97.9	0.08
1.047	1.097	1.149	0.24	2.4	97.6	0.075	0.23	2.36	97.6	0.068	0.22	2.35	97.6	0.065
1.149	1.204	1.261	0.26	2.64	97.4	0.061	0.25	2.59	97.4	0.056	0.24	2.57	97.4	0.053
1.261	1.321	1.385	0.28	2.9	97.1	0.05	0.27	2.83	97.2	0.045	0.26	2.82	97.2	0.043
1.385	1.451	1.52	0.31	3.18	96.8	0.041	0.29	3.1	96.9	0.037	0.28	3.07	96.9	0.035
1.52	1.592	1.668	0.33	3.49	96.5	0.033	0.31	3.38	96.6	0.03	0.3	3.35	96.6	0.028
1.668	1.748	1.832	0.36	3.82	96.2	0.027	0.33	3.69	96.3	0.024	0.32	3.65	96.3	0.023
1.832	1.919	2.011	0.38	4.17	95.8	0.022	0.35	4.02	96	0.02	0.34	3.97	96	0.019
2.011	2.107	2.207	0.41	4.55	95.4	0.018	0.38	4.37	95.6	0.016	0.36	4.31	95.7	0.015
2.207	2.313	2.423	0.44	4.96	95	0.015	0.4	4.75	95.3	0.013	0.39	4.68	95.3	0.012
2.423	2.539	2.66	0.47	5.4	94.6	0.012	0.43	5.15	94.9	0.01	0.42	5.06	94.9	0.0098
2.66	2.787	2.92	0.5	5.87	94.1	0.0095	0.46	5.58	94.4	0.0084	0.44	5.48	94.5	0.0079
2.92	3.059	3.205	0.54	6.37	93.6	0.0077	0.49	6.04	94	0.0068	0.48	5.93	94.1	0.0064
3.205	3.358	3.519	0.58	6.91	93.1	0.0062	0.53	6.53	93.5	0.0055	0.51	6.4	93.6	0.0052
3.519	3.687	3.863	0.62	7.49	92.5	0.005	0.56	7.06	92.9	0.0044	0.54	6.91	93.1	0.0042
3.863	4.047	4.24	0.66	8.1	91.9	0.0041	0.6	7.62	92.4	0.0036	0.58	7.45	92.5	0.0034
4.24	4.443	4.655	0.71	8.76	91.2	0.0033	0.65	8.22	91.8	0.0029	0.63	8.04	92	0.0028
4.655	4.877	5.11	0.76	9.47	90.5	0.0027	0.7	8.87	91.1	0.0024	0.68	8.67	91.3	0.0023
5.11	5.354	5.61	0.82	10.2	89.8	0.0022	0.75	9.57	90.4	0.0019	0.73	9.34	90.7	0.0018
5.61	5.878	6.158	0.88	11.1	88.9	0.0018	0.81	10.3	89.7	0.0016	0.79	10.1	89.9	0.0015
6.158	6.452	6.76	0.95	11.9	88.1	0.0015	0.88	11.1	88.9	0.0013	0.85	10.9	89.1	0.0012
6.76	7.083	7.421	1.03	12.9	87.1	0.0012	0.95	12	88	0.0011	0.92	11.7	88.3	0.001
7.421	7.775	8.147	1.11	13.9	86.1	0.00097	1.03	13	87	0.00086	1	12.6	87.4	0.00082
8.147	8.536	8.943	1.2	15	85	0.00079	1.11	14	86	0.00071	1.08	13.6	86.4	0.00067
8.943	9.37	9.817	1.3	16.2	83.8	0.00065	1.21	15.1	84.9	0.00058	1.18	14.7	85.3	0.00055
9.817	10.29	10.78	1.41	17.5	82.5	0.00053	1.32	16.3	83.7	0.00048	1.28	15.9	84.1	0.00045
10.78	11.29	11.83	1.53	18.9	81.1	0.00044	1.44	17.6	82.4	0.00039	1.4	17.2	82.8	0.00038
11.83	12.4	12.99	1.67	20.5	79.5	0.00036	1.57	19.1	80.9	0.00033	1.53	18.6	81.4	0.00031
12.99	13.61	14.26	1.83	22.2	77.8	0.0003	1.72	20.6	79.4	0.00027	1.68	20.1	79.9	0.00026
14.26	14.94	15.65	2	24	76	0.00024	1.89	22.4	77.6	0.00022	1.85	21.8	78.2	0.00021
15.65	16.4	17.18	2.18	26	74	0.0002	2.07	24.2	75.8	0.00019	2.03	23.6	76.4	0.00018
17.18	18	18.86	2.38	28.2	71.8	0.00017	2.26	26.3	73.7	0.00015	2.23	25.7	74.3	0.00015
18.86	19.76	20.7	2.58	30.5	69.5	0.00014	2.46	28.6	71.4	0.00013	2.43	27.9	72.1	0.00012
20.7	21.69	22.73	2.78	33.1	66.9	0.00011	2.67	31	69	0.0001	2.65	30.3	69.7	0.0001
22.73	23.81	24.95	2.97	35.9	64.1	0.00009	2.87	33.7	66.3	0.000084	2.86	33	67	0.000082
24.95	26.14	27.39	3.14	38.9	61.1	0.000072	3.06	36.6	63.4	0.000068	3.05	35.8	64.2	0.000066
27.39	28.7	30.07	3.28	42	58	0.000057	3.22	39.6	60.4	0.000054	3.23	38.9	61.1	0.000053
30.07	31.5	33.01	3.4	45.3	54.7	0.000045	3.37	42.9	57.1	0.000043	3.4	42.1	57.9	0.000042
33.01	34.58	36.24	3.51	48.7	51.3	0.000035	3.5	46.2	53.8	0.000033	3.55	45.5	54.5	0.000033
36.24	37.97	39.78	3.61	52.2	47.8	0.000027	3.62	49.7	50.3	0.000026	3.69	49.1	50.9	0.000026
39.78	41.68	43.67	3.71	55.8	44.2	0.000021	3.74	53.3	46.7	0.00002	3.83	52.8	47.2	0.00002
43.67	45.75	47.94	3.8	59.5	40.5	0.000016	3.84	57.1	42.9	0.000016	3.95	56.6	43.4	0.000016
47.94	50.22	52.62	3.86	63.3	36.7	0.000012	3.91	60.9	39.1	0.000012	4.03	60.5	39.5	0.000012
52.62	55.13	57.77	3.86	67.2	32.8	0.000009	3.93	64.8	35.2	0.000009	4.06	64.6	35.4	0.000009
57.77	60.52	63.41	3.79	71	29	0.000007	3.86	68.8	31.2	0.000007	4	68.6	31.4	0.000007
63.41	66.44	69.61	3.64	74.8	25.2	0.000005	3.71	72.6	27.4	0.000005	3.84	72.6	27.4	0.000005
69.61	72.94	76.42	3.42	78.5	21.5	0.000004	3.47	76.3	23.7	0.000004	3.58	76.5	23.5	0.000004
76.42	80.07	83.89	3.12	81.9	18.1	0.000002	3.15	79.8	20.2	0.000002	3.24	80	20	0.000002
83.89	87.9	92.09	2.75	85	15	0.000002	2.78	83	17	0.000002	2.85	83.3	16.7	0.000002
92.09	96.49	101.1	2.32	87.8	12.2	0.000001	2.37	85.7	14.3	0.000001	2.43	86.1	13.9	0.000001
101.1	105.9	111	1.87	90.1	9.91	0.000001	1.96	88.1	11.9	0.000001	2.02	88.6	11.4	0.000001
111	116.3	121.8	1.42	92	8.04	3.68E-07	1.56	90.1	9.93	3.93E-07	1.63	90.6	9.42	4.00E-07
121.8	127.6	133.7	1.04	93.4	6.63	2.04E-07	1.22	91.6	8.37	2.32E-07	1.29	92.2	7.79	2.39E-07
133.7	140.1	146.8	0.78	94.4	5.59	1.16E-07	0.94	92.8	7.15	1.36E-07	1.01	93.5	6.5	1.42E-07
146.8	153.8	161.2	0.67	95.2	4.81	7.51E-08	0.75	93.8	6.21	8.15E-08	0.8	94.5	5.48	8.44E-08
161.2	168.9	176.9	0.68	95.9	4.14	5.77E-08	0.62	94.5	5.46	5.13E-08	0.64	95.3	4.69	5.16E-08
176.9	185.4	194.2	0.75	96.5	3.46	4.84E-08	0.55	95.2	4.84	3.41E-08	0.54	96	4.04	3.29E-08
194.2	203.5	213.2	0.81	97.3	2.71	3.92E-08	0.5	95.7	4.29	2.34E-08	0.48	96.5	3.5	2.18E-08
213.2	223.4	234.1	0.76	98.1	1.9	2.81E-08	0.45	96.2	3.79	1.58E-08	0.42	97	3.03	1.46E-08
234.1	245.2	256.9	0.6	98.9	1.13	1.67E-08	0.38	96.7	3.34	1.02E-08	0.36	97.4	2.6	9.51E-09
256.9	269.2	282.1	0.36	99.5	0.53	7.45E-09	0.31	97	2.96	6.24E-09	0.28	97.8	2.24	5.63E-09
282.1	295.5	309.6	0.14	99.8	0.18	2.28E-09	0.24	97.3	2.66	3.75E-09	0.2	98	1.95	3.00E-09
309.6	324.4	339.9	0.03	99.97	0.032	3.56E-10	0.21	97.6	2.41	2.43E-09	0.14	98.2	1.75	1.55E-09
339.9	356.1	373.1	0.0027	99.997	0.0027	2.41E-11	0.21	97.8	2.2	1.86E-09	0.11	98.4	1.62	9.66E-10
373.1	390.9	409.6	0.000004	100	0.000004	2.78E-14	0.25	98	1.99	1.63E-09	0.14	98.5	1.5	8.85E-10
409.6	429.2	449.7	0	100	0	0	0.3	98.3	1.74	1.48E-09	0.21	98.6	1.37	1.00E-09
449.7	471.1	493.6	0	100	0	0	0.33	98.6	1.45	1.26E-09	0.3	98.8	1.16	1.10E-09
493.6	517.2	541.9	0	100	0	0	0.33	98.9	1.11	9.53E-10	0.36	99.1	0.86	9.98E-10
541.9	567.7	594.9	0	100	0	0	0.3	99.2	0.78	6.42E-10	0.3	99.5	0.5	6.27E-10
594.9	623.3	653	0	100	0	0	0.24	99.5	0.48	3.92E-10	0.16	99.8	0.2	2.57E-10
653	684.2	716.8	0	100	0	0	0.15	99.8	0.24	1.90E-10	0.039	99.96	0.043	4.73E-11
716.8	751.1	786.9	0	100	0	0	0.072	99.9	0.09	6.75E-11	0.0042	99.996	0.0042	3.79E-12
786.9	824.5	863.9	0	100	0	0	0.016	99.98	0.018	1.14E-11	0	100	0	0
863.9	905.1	948.3	0	100	0	0	0.0016	99.998	0.0016	8.73E-13	0	100	0	0
948.3	993.6	1041	0	100	0	0	0	100	0	0	0	100	0	0
1041	1091	1143	0	100	0	0	0	100	0	0	0	100	0	0
1143	1197	1255	0	100	0	0	0	100	0	0	0	100	0	0
1255	1314	1377	0	100	0	0	0	100	0	0	0	100	0	0
1377	1443	1512	0	100	0	0	0	100	0	0	0	100	0	0
1512	1584	1660	0	100	0	0	0	100	0	0	0	100	0	0
1660	1739	1822	0	100	0	0	0	100	0	0	0	100	0	0
1822	1909	2000	0	100	0	0	0	100	0	0	0	100	0	0
2000				100	0			100	0			100	0	