LS	2022-11-09  16:15
File name:	IODP_STV0255-25_01.$ls
File ID:	IODP
Sample ID:	STV0255-258
Operator:	RG
Bar code:	
Comment 1:	
Comment 2:	
Instrument:	LS 230, VSM Plus
Run number:	1
Start time:	2022-11-09  16:14
Run length:	62
Optical model:	Fraunhofer.rfd   PIDS included
Obscuration:	10
PIDS Obscur:	39
Obscuration:	OK
Serial Number:	7205

From	0.0400
To	2000
Volume 	100
Mean:	46.21
Median:	30.95
D(0,0):	0.120
Mean/Median ratio:	1.493
Mode:	60.52
S.D.:	46.98
Variance:	2207
C.V.:	101.7
Skewness:	1.676
Kurtosis:	2.969
d10:	3.732
d50:	30.95
d90:	107.6
Specific Surf. Area:	8496

% <	Size 
10	3.73
25	11.6
50	31.0
75	65.7
90	108

% >	Size 
10	108
25	65.7
50	31.0
75	11.6
90	3.73

Size 	% <
1	2.49
10	22.3
100	88.3
1000	100

Size 	% >
1	97.5
10	77.7
100	11.7
1000	0

Particle	IODP_STV025	Volume	Volume
Diameter	5-25_01.$ls	% >	%
um	Volume		
	% <		
0.4	0.72	99.3	0.25
0.488	0.96	99.0	0.59
0.69	1.56	98.4	0.87
0.98	2.43	97.6	1.21
1.38	3.64	96.4	1.68
1.95	5.32	94.7	2.24
2.76	7.55	92.4	2.87
3.91	10.4	89.6	3.57
5.52	14.0	86.0	4.48
7.81	18.5	81.5	5.59
11.05	24.1	75.9	7.07
15.63	31.1	68.9	8.87
22.1	40.0	60.0	10.3
31.3	50.3	49.7	10.9
44.2	61.2	38.8	12.0
62.5	73.2	26.8	11.7
88.4	84.9	15.1	7.80
125	92.7	7.29	4.36
177	97.1	2.92	2.76
250	99.8	0.16	0.16
354	100	0	0
500	100	0	0
707	100	0	0
1000	100	0	0
1414	100	0	0
2000	100	0	0
2828	100	0	0
4000	100	0	

Channel	Channel	Channel	Diff.	Cum. <	Cum. >	Diff.
Diameter	Diameter	Diameter	Volume	Volume	Volume	Number
(Lower)	(Center)	(Upper)	%	%	%	%
um	um	um				
0.040	0.042	0.044	0.00018	0	100	1.38
0.044	0.046	0.048	0.00025	0.00018	100	1.45
0.048	0.050	0.053	0.00041	0.00042	100	1.85
0.053	0.055	0.058	0.00084	0.00084	99.999	2.85
0.058	0.061	0.064	0.0017	0.0017	99.998	4.43
0.064	0.067	0.070	0.0032	0.0034	99.997	6.18
0.070	0.073	0.077	0.0050	0.0066	99.99	7.29
0.077	0.080	0.084	0.0069	0.012	99.99	7.60
0.084	0.088	0.093	0.0089	0.019	99.98	7.42
0.093	0.097	0.102	0.011	0.027	99.97	7.09
0.102	0.106	0.112	0.014	0.039	99.96	6.63
0.112	0.117	0.122	0.017	0.053	99.9	6.03
0.122	0.128	0.134	0.020	0.069	99.9	5.35
0.134	0.141	0.148	0.023	0.089	99.9	4.72
0.148	0.155	0.162	0.027	0.11	99.9	4.14
0.162	0.170	0.178	0.031	0.14	99.9	3.62
0.178	0.186	0.195	0.035	0.17	99.8	3.14
0.195	0.205	0.214	0.041	0.21	99.8	2.73
0.214	0.225	0.235	0.047	0.25	99.8	2.38
0.235	0.247	0.258	0.054	0.29	99.7	2.07
0.258	0.271	0.284	0.062	0.35	99.7	1.79
0.284	0.297	0.311	0.071	0.41	99.6	1.55
0.311	0.326	0.342	0.080	0.48	99.5	1.32
0.342	0.358	0.375	0.090	0.56	99.4	1.13
0.375	0.393	0.412	0.10	0.65	99.4	0.95
0.412	0.431	0.452	0.11	0.75	99.3	0.81
0.452	0.474	0.496	0.13	0.86	99.1	0.68
0.496	0.520	0.545	0.14	0.99	99.0	0.57
0.545	0.571	0.598	0.16	1.13	98.9	0.48
0.598	0.627	0.656	0.17	1.28	98.7	0.40
0.656	0.688	0.721	0.19	1.46	98.5	0.34
0.721	0.755	0.791	0.21	1.65	98.4	0.28
0.791	0.829	0.868	0.23	1.86	98.1	0.23
0.868	0.910	0.953	0.26	2.09	97.9	0.20
0.953	0.999	1.047	0.28	2.35	97.7	0.16
1.047	1.097	1.149	0.31	2.63	97.4	0.13
1.149	1.204	1.261	0.34	2.94	97.1	0.11
1.261	1.321	1.385	0.37	3.28	96.7	0.093
1.385	1.451	1.520	0.41	3.65	96.3	0.076
1.520	1.592	1.668	0.44	4.06	95.9	0.063
1.668	1.748	1.832	0.48	4.50	95.5	0.051
1.832	1.919	2.011	0.52	4.98	95.0	0.042
2.011	2.107	2.207	0.56	5.49	94.5	0.034
2.207	2.313	2.423	0.60	6.05	94.0	0.028
2.423	2.539	2.660	0.64	6.65	93.4	0.023
2.660	2.787	2.920	0.69	7.29	92.7	0.018
2.920	3.059	3.205	0.73	7.97	92.0	0.015
3.205	3.358	3.519	0.78	8.71	91.3	0.012
3.519	3.687	3.863	0.83	9.49	90.5	0.0095
3.863	4.047	4.240	0.88	10.3	89.7	0.0076
4.240	4.443	4.655	0.94	11.2	88.8	0.0061
4.655	4.877	5.110	0.99	12.1	87.9	0.0049
5.110	5.354	5.610	1.06	13.1	86.9	0.0040
5.610	5.878	6.158	1.12	14.2	85.8	0.0032
6.158	6.452	6.760	1.19	15.3	84.7	0.0025
6.760	7.083	7.421	1.26	16.5	83.5	0.0020
7.421	7.775	8.147	1.34	17.8	82.2	0.0016
8.147	8.536	8.943	1.42	19.1	80.9	0.0013
8.943	9.370	9.817	1.51	20.5	79.5	0.0011
9.817	10.29	10.78	1.60	22.0	78.0	0.00085
10.78	11.29	11.83	1.71	23.6	76.4	0.00068
11.83	12.40	12.99	1.82	25.3	74.7	0.00055
12.99	13.61	14.26	1.94	27.1	72.9	0.00044
14.26	14.94	15.65	2.07	29.1	70.9	0.00036
15.65	16.40	17.18	2.21	31.2	68.8	0.00029
17.18	18.00	18.86	2.35	33.4	66.6	0.00023
18.86	19.76	20.70	2.48	35.7	64.3	0.00018
20.70	21.69	22.73	2.61	38.2	61.8	0.00015
22.73	23.81	24.95	2.71	40.8	59.2	0.00012
24.95	26.14	27.39	2.78	43.5	56.5	0.000089
27.39	28.70	30.07	2.83	46.3	53.7	0.000069
30.07	31.50	33.01	2.86	49.1	50.9	0.000053
33.01	34.58	36.24	2.89	52.0	48.0	0.000040
36.24	37.97	39.78	2.94	54.9	45.1	0.000031
39.78	41.68	43.67	3.01	57.8	42.2	0.000024
43.67	45.75	47.94	3.10	60.8	39.2	0.000019
47.94	50.22	52.62	3.20	63.9	36.1	0.000015
52.62	55.13	57.77	3.28	67.1	32.9	0.000011
57.77	60.52	63.41	3.33	70.4	29.6	0.000009
63.41	66.44	69.61	3.31	73.8	26.2	0.000006
69.61	72.94	76.42	3.23	77.1	22.9	0.000005
76.42	80.07	83.89	3.07	80.3	19.7	0.000003
83.89	87.90	92.09	2.81	83.4	16.6	0.000002
92.09	96.49	101.1	2.47	86.2	13.8	0.000002
101.1	105.9	111.0	2.06	88.6	11.4	0.000001
111.0	116.3	121.8	1.65	90.7	9.29	0.000001
121.8	127.6	133.7	1.33	92.4	7.64	3.68E-7
133.7	140.1	146.8	1.15	93.7	6.31	2.41E-7
146.8	153.8	161.2	1.11	94.8	5.15	1.75E-7
161.2	168.9	176.9	1.12	96.0	4.05	1.33E-7
176.9	185.4	194.2	1.08	97.1	2.93	9.74E-8
194.2	203.5	213.2	0.91	98.2	1.85	6.18E-8
213.2	223.4	234.1	0.59	99.1	0.94	3.05E-8
234.1	245.2	256.9	0.27	99.7	0.35	1.06E-8
256.9	269.2	282.1	0.070	99.9	0.078	2.05E-9
282.1	295.5	309.6	0.0085	99.99	0.0086	1.89E-10
309.6	324.4	339.9	0.00017	100	0.00017	2.78E-12
339.9	356.1	373.1	0	100	0	0
373.1	390.9	409.6	0	100	0	0
409.6	429.2	449.7	0	100	0	0
449.7	471.1	493.6	0	100	0	0
493.6	517.2	541.9	0	100	0	0
541.9	567.7	594.9	0	100	0	0
594.9	623.3	653.0	0	100	0	0
653.0	684.2	716.8	0	100	0	0
716.8	751.1	786.9	0	100	0	0
786.9	824.5	863.9	0	100	0	0
863.9	905.1	948.3	0	100	0	0
948.3	993.6	1041	0	100	0	0
1041	1091	1143	0	100	0	0
1143	1197	1255	0	100	0	0
1255	1314	1377	0	100	0	0
1377	1443	1512	0	100	0	0
1512	1584	1660	0	100	0	0
1660	1739	1822	0	100	0	0
1822	1909	2000	0	100	0	0
2000				100	0	

