LS	2022-11-09  13:42
File name:	IODP_STV0128-13_02.$ls
File ID:	IODP
Sample ID:	STV0128-130
Operator:	RG
Bar code:	
Comment 1:	
Comment 2:	
Instrument:	LS 230, VSM Plus
Run number:	2
Start time:	2022-11-09  13:41
Run length:	61
Optical model:	Fraunhofer.rfd   PIDS included
Obscuration:	10
PIDS Obscur:	40
Obscuration:	OK
Serial Number:	7205

From	0.0400
To	2000
Volume 	100
Mean:	144.1
Median:	140.6
D(0,0):	0.107
Mean/Median ratio:	1.025
Mode:	185.4
S.D.:	106.8
Variance:	11406
C.V.:	74.09
Skewness:	0.909
Kurtosis:	1.551
d10:	13.61
d50:	140.6
d90:	274.6
Specific Surf. Area:	3932

% <	Size 
10	13.6
25	50.4
50	141
75	208
90	275

% >	Size 
10	275
25	208
50	141
75	50.4
90	13.6

Size 	% <
1	1.18
10	7.85
100	37.0
1000	100

Size 	% >
1	98.8
10	92.1
100	63.0
1000	0

Particle	IODP_STV012	Volume	Volume
Diameter	8-13_02.$ls	% >	%
um	Volume		
	% <		
0.4	0.42	99.6	0.12
0.488	0.54	99.5	0.26
0.69	0.80	99.2	0.36
0.98	1.16	98.8	0.46
1.38	1.62	98.4	0.59
1.95	2.20	97.8	0.74
2.76	2.94	97.1	0.92
3.91	3.86	96.1	1.14
5.52	5.00	95.0	1.49
7.81	6.50	93.5	1.98
11.05	8.48	91.5	2.69
15.63	11.2	88.8	3.54
22.1	14.7	85.3	4.20
31.3	18.9	81.1	4.36
44.2	23.3	76.7	4.82
62.5	28.1	71.9	5.99
88.4	34.1	65.9	10.4
125	44.4	55.6	19.6
177	64.1	35.9	21.7
250	85.8	14.2	10.6
354	96.4	3.56	2.74
500	99.2	0.83	0.80
707	99.97	0.026	0.026
1000	100	0	0
1414	100	0	0
2000	100	0	0
2828	100	0	0
4000	100	0	

Channel	Channel	Channel	Diff.	Cum. <	Cum. >	Diff.
Diameter	Diameter	Diameter	Volume	Volume	Volume	Number
(Lower)	(Center)	(Upper)	%	%	%	%
um	um	um				
0.040	0.042	0.044	0.00017	0	100	1.77
0.044	0.046	0.048	0.00023	0.00017	100	1.79
0.048	0.050	0.053	0.00037	0.00039	100	2.19
0.053	0.055	0.058	0.00074	0.00076	99.999	3.35
0.058	0.061	0.064	0.0015	0.0015	99.999	5.27
0.064	0.067	0.070	0.0028	0.0030	99.997	7.38
0.070	0.073	0.077	0.0044	0.0059	99.99	8.53
0.077	0.080	0.084	0.0058	0.010	99.99	8.63
0.084	0.088	0.093	0.0073	0.016	99.98	8.18
0.093	0.097	0.102	0.0089	0.023	99.98	7.57
0.102	0.106	0.112	0.011	0.032	99.97	6.84
0.112	0.117	0.122	0.012	0.043	99.96	6.01
0.122	0.128	0.134	0.014	0.055	99.9	5.19
0.134	0.141	0.148	0.016	0.070	99.9	4.44
0.148	0.155	0.162	0.018	0.086	99.9	3.76
0.162	0.170	0.178	0.020	0.10	99.9	3.16
0.178	0.186	0.195	0.022	0.12	99.9	2.66
0.195	0.205	0.214	0.025	0.15	99.9	2.23
0.214	0.225	0.235	0.028	0.17	99.8	1.88
0.235	0.247	0.258	0.031	0.20	99.8	1.58
0.258	0.271	0.284	0.034	0.23	99.8	1.32
0.284	0.297	0.311	0.037	0.26	99.7	1.10
0.311	0.326	0.342	0.041	0.30	99.7	0.92
0.342	0.358	0.375	0.045	0.34	99.7	0.76
0.375	0.393	0.412	0.049	0.39	99.6	0.63
0.412	0.431	0.452	0.054	0.44	99.6	0.52
0.452	0.474	0.496	0.059	0.49	99.5	0.43
0.496	0.520	0.545	0.064	0.55	99.5	0.35
0.545	0.571	0.598	0.069	0.61	99.4	0.29
0.598	0.627	0.656	0.075	0.68	99.3	0.24
0.656	0.688	0.721	0.082	0.76	99.2	0.19
0.721	0.755	0.791	0.088	0.84	99.2	0.16
0.791	0.829	0.868	0.095	0.93	99.1	0.13
0.868	0.910	0.953	0.10	1.02	99.0	0.11
0.953	0.999	1.047	0.11	1.13	98.9	0.086
1.047	1.097	1.149	0.12	1.24	98.8	0.070
1.149	1.204	1.261	0.13	1.36	98.6	0.057
1.261	1.321	1.385	0.14	1.48	98.5	0.046
1.385	1.451	1.520	0.15	1.62	98.4	0.037
1.520	1.592	1.668	0.16	1.77	98.2	0.030
1.668	1.748	1.832	0.17	1.92	98.1	0.024
1.832	1.919	2.011	0.18	2.09	97.9	0.019
2.011	2.107	2.207	0.19	2.26	97.7	0.015
2.207	2.313	2.423	0.20	2.45	97.5	0.012
2.423	2.539	2.660	0.21	2.65	97.4	0.0099
2.660	2.787	2.920	0.22	2.86	97.1	0.0079
2.920	3.059	3.205	0.23	3.08	96.9	0.0063
3.205	3.358	3.519	0.25	3.31	96.7	0.0051
3.519	3.687	3.863	0.26	3.56	96.4	0.0041
3.863	4.047	4.240	0.28	3.82	96.2	0.0033
4.240	4.443	4.655	0.30	4.10	95.9	0.0026
4.655	4.877	5.110	0.32	4.40	95.6	0.0021
5.110	5.354	5.610	0.34	4.72	95.3	0.0017
5.610	5.878	6.158	0.37	5.07	94.9	0.0014
6.158	6.452	6.760	0.39	5.43	94.6	0.0011
6.760	7.083	7.421	0.43	5.83	94.2	0.00092
7.421	7.775	8.147	0.46	6.25	93.7	0.00075
8.147	8.536	8.943	0.49	6.71	93.3	0.00061
8.943	9.370	9.817	0.53	7.21	92.8	0.00050
9.817	10.29	10.78	0.58	7.74	92.3	0.00041
10.78	11.29	11.83	0.63	8.32	91.7	0.00034
11.83	12.40	12.99	0.68	8.95	91.1	0.00028
12.99	13.61	14.26	0.74	9.63	90.4	0.00023
14.26	14.94	15.65	0.81	10.4	89.6	0.00019
15.65	16.40	17.18	0.87	11.2	88.8	0.00015
17.18	18.00	18.86	0.94	12.1	87.9	0.00012
18.86	19.76	20.70	1.00	13.0	87.0	0.000100
20.70	21.69	22.73	1.05	14.0	86.0	0.000080
22.73	23.81	24.95	1.10	15.0	85.0	0.000063
24.95	26.14	27.39	1.13	16.1	83.9	0.000049
27.39	28.70	30.07	1.15	17.3	82.7	0.000038
30.07	31.50	33.01	1.16	18.4	81.6	0.000029
33.01	34.58	36.24	1.16	19.6	80.4	0.000022
36.24	37.97	39.78	1.17	20.7	79.3	0.000017
39.78	41.68	43.67	1.19	21.9	78.1	0.000013
43.67	45.75	47.94	1.22	23.1	76.9	0.000010
47.94	50.22	52.62	1.27	24.3	75.7	0.000008
52.62	55.13	57.77	1.32	25.6	74.4	0.000006
57.77	60.52	63.41	1.38	26.9	73.1	0.000005
63.41	66.44	69.61	1.45	28.3	71.7	0.000004
69.61	72.94	76.42	1.55	29.8	70.2	0.000003
76.42	80.07	83.89	1.70	31.3	68.7	0.000003
83.89	87.90	92.09	1.94	33.0	67.0	0.000002
92.09	96.49	101.1	2.28	35.0	65.0	0.000002
101.1	105.9	111.0	2.75	37.2	62.8	0.000002
111.0	116.3	121.8	3.36	40.0	60.0	0.000002
121.8	127.6	133.7	4.09	43.4	56.6	0.000002
133.7	140.1	146.8	4.86	47.4	52.6	0.000001
146.8	153.8	161.2	5.59	52.3	47.7	0.000001
161.2	168.9	176.9	6.15	57.9	42.1	0.000001
176.9	185.4	194.2	6.40	64.0	36.0	0.000001
194.2	203.5	213.2	6.26	70.4	29.6	0.000001
213.2	223.4	234.1	5.72	76.7	23.3	3.97E-7
234.1	245.2	256.9	4.87	82.4	17.6	2.55E-7
256.9	269.2	282.1	3.85	87.3	12.7	1.52E-7
282.1	295.5	309.6	2.82	91.1	8.86	8.44E-8
309.6	324.4	339.9	1.94	94.0	6.04	4.38E-8
339.9	356.1	373.1	1.28	95.9	4.11	2.19E-8
373.1	390.9	409.6	0.86	97.2	2.83	1.11E-8
409.6	429.2	449.7	0.62	98.0	1.97	6.01E-9
449.7	471.1	493.6	0.48	98.6	1.35	3.53E-9
493.6	517.2	541.9	0.37	99.1	0.88	2.07E-9
541.9	567.7	594.9	0.27	99.5	0.51	1.14E-9
594.9	623.3	653.0	0.15	99.8	0.24	4.92E-10
653.0	684.2	716.8	0.067	99.9	0.082	1.61E-10
716.8	751.1	786.9	0.014	99.98	0.016	2.56E-11
786.9	824.5	863.9	0.0015	99.999	0.0015	2.02E-12
863.9	905.1	948.3	0	100	0	0
948.3	993.6	1041	0	100	0	0
1041	1091	1143	0	100	0	0
1143	1197	1255	0	100	0	0
1255	1314	1377	0	100	0	0
1377	1443	1512	0	100	0	0
1512	1584	1660	0	100	0	0
1660	1739	1822	0	100	0	0
1822	1909	2000	0	100	0	0
2000				100	0	

