LS	09/11/2022 15:12																	
File name:	IODP_STV0166-16_02.$ls																	
File ID:	IODP																	
Sample ID:	STV0166-167																	
Operator:	RG																	
Bar code:																		
Comment 1:																		
Comment 2:																		
Instrument:	"LS 230, VSM Plus"																	
Run number:	2																	
Start time:	09/11/2022 15:11																	
Run length:	62																	
Optical model:	Fraunhofer.rfd   PIDS included																	
Obscuration:	11																	
PIDS Obscur:	37																	
Obscuration:	OK																	
Serial Number:	7205																	
																		
From	0.04																	
To	2000																	
Volume 	100																	
Mean:	69.98																	
Median:	51.24																	
"D(0,0):"	0.109																	
Mean/Median ratio:	1.366																	
Mode:	66.44																	
S.D.:	88.17																	
Variance:	7774																	
C.V.:	126																	
Skewness:	4.168																	
Kurtosis:	21.73																	
d10:	8.317																	
d50:	51.24																	
d90:	123.1																	
Specific Surf. Area:	5530																	
																		
% <	Size 																	
10	8.32																	
25	25.3																	
50	51.2																	
75	82.3																	
90	123																	
																		
% >	Size 																	
10	123																	
25	82.3																	
50	51.2																	
75	25.3																	
90	8.32																	
																		
Size 	% <																	
1	1.55																	
10	11.5																	
100	83.7																	
1000	100																	
																		
Size 	% >																	
1	98.4																	
10	88.5																	
100	16.3																	
1000	0																	
																		
Particle	IODP_STV016	Volume	Volume	IODP_STV001	Volume	Volume	IODP_STV001	Volume	Volume	IODP_STV001	Volume	Volume						
Diameter	6-16_02.$ls	% >	%	5-16_01.$ls	% >	%	5-16_04.$ls	% >	%	5-16_02.$ls	% >	%						
um	Volume			Volume			Volume			Volume								
	% <			% <			% <			% <								
0.4	0.53	99.5	0.15	0.56	99.4	0.15	0.58	99.4	0.15	0.58	99.4	0.15						
0.488	0.68	99.3	0.35	0.7	99.3	0.33	0.73	99.3	0.32	0.73	99.3	0.34						
0.69	1.03	99	0.49	1.03	99	0.45	1.05	98.9	0.44	1.07	98.9	0.47						
0.98	1.52	98.5	0.65	1.48	98.5	0.58	1.49	98.5	0.57	1.53	98.5	0.61						
1.38	2.17	97.8	0.87	2.06	97.9	0.77	2.07	97.9	0.76	2.14	97.9	0.81						
1.95	3.03	97	1.12	2.83	97.2	0.98	2.82	97.2	0.98	2.95	97	1.04						
2.76	4.16	95.8	1.42	3.8	96.2	1.23	3.8	96.2	1.24	3.99	96	1.32						
3.91	5.57	94.4	1.75	5.03	95	1.54	5.04	95	1.56	5.31	94.7	1.65						
5.52	7.32	92.7	2.21	6.57	93.4	2.01	6.6	93.4	2.05	6.96	93	2.14						
7.81	9.54	90.5	2.85	8.57	91.4	2.71	8.64	91.4	2.78	9.1	90.9	2.85						
11.05	12.4	87.6	3.91	11.3	88.7	3.91	11.4	88.6	4.07	11.9	88.1	4.05						
15.63	16.3	83.7	5.75	15.2	84.8	6.04	15.5	84.5	6.35	16	84	6.19						
22.1	22	78	8.64	21.2	78.8	8.99	21.8	78.2	9.46	22.2	77.8	9.1						
31.3	30.7	69.3	12.5	30.2	69.8	11.3	31.3	68.7	11.9	31.3	68.7	11.4						
44.2	43.2	56.8	17.2	41.6	58.4	12.2	43.2	56.8	12.6	42.7	57.3	12						
62.5	60.4	39.6	18.1	53.7	46.3	11	55.8	44.2	11.2	54.7	45.3	10.6						
88.4	78.4	21.6	11.9	64.8	35.2	9.48	67	33	8.91	65.3	34.7	9.09						
125	90.3	9.71	4.4	74.2	25.8	9.7	75.9	24.1	8.37	74.4	25.6	9.42						
177	94.7	5.31	1.91	84	16	9.11	84.3	15.7	8.53	83.8	16.2	9.19						
250	96.6	3.39	1.01	93.1	6.93	3.46	92.8	7.21	3.52	93	7.02	3.67						
354	97.6	2.38	1.02	96.5	3.48	1.38	96.3	3.69	1.86	96.6	3.36	1.49						
500	98.6	1.36	1.2	97.9	2.1	1.82	98.2	1.83	1.81	98.1	1.87	1.65						
707	99.8	0.16	0.16	99.7	0.28	0.28	99.98	0.024	0.024	99.8	0.22	0.22						
1000	100	0	0	100	0	0	100	0	0	100	0	0						
1414	100	0	0	100	0	0	100	0	0	100	0	0						
2000	100	0	0	100	0	0	100	0	0	100	0	0						
2828	100	0	0	100	0	0	100	0	0	100	0	0						
4000	100	0		100	0		100	0		100	0							
																		
Channel	Channel	Channel	6-16_02.$ls	Cum. <	Cum. >	Diff.	5-16_01.$ls	Cum. <	Cum. >	Diff.	5-16_04.$ls	Cum. <	Cum. >	Diff.	5-16_02.$ls	Cum. <	Cum. >	Diff.
Diameter	Diameter	Diameter	Diff.	Volume	Volume	Number	Diff.	Volume	Volume	Number	Diff.	Volume	Volume	Number	Diff.	Volume	Volume	Number
(Lower)	(Center)	(Upper)	Volume	%	%	%	Volume	%	%	%	Volume	%	%	%	Volume	%	%	%
um	um	um	%				%				%				%			
0.04	0.042	0.044	0.0002	0	100	1.71	0.00025	0	100	1.83	0.00027	0	100	1.84	0.00025	0	100	1.83
0.044	0.046	0.048	0.00027	0.0002	100	1.74	0.00033	0.00025	100	1.86	0.00037	0.00027	100	1.91	0.00034	0.00025	100	1.86
0.048	0.05	0.053	0.00044	0.00046	100	2.16	0.00054	0.00058	99.999	2.31	0.00062	0.00064	99.999	2.41	0.00056	0.0006	99.999	2.3
0.053	0.055	0.058	0.00089	0.0009	99.999	3.32	0.0011	0.0011	99.999	3.58	0.0013	0.0013	99.999	3.81	0.0011	0.0012	99.999	3.55
0.058	0.061	0.064	0.0018	0.0018	99.998	5.21	0.0023	0.0022	99.998	5.62	0.0027	0.0026	99.997	5.97	0.0024	0.0023	99.998	5.59
0.064	0.067	0.07	0.0034	0.0036	99.996	7.26	0.0042	0.0045	99.995	7.77	0.0048	0.0052	99.99	8.13	0.0044	0.0047	99.995	7.74
0.07	0.073	0.077	0.0052	0.007	99.99	8.37	0.0064	0.0088	99.99	8.82	0.0071	0.01	99.99	9.03	0.0066	0.009	99.99	8.82
0.077	0.08	0.084	0.007	0.012	99.99	8.48	0.0084	0.015	99.98	8.8	0.0093	0.017	99.98	8.89	0.0087	0.016	99.98	8.81
0.084	0.088	0.093	0.0087	0.019	99.98	8.05	0.01	0.024	99.98	8.27	0.011	0.026	99.97	8.29	0.011	0.024	99.98	8.28
0.093	0.097	0.102	0.011	0.028	99.97	7.48	0.013	0.034	99.97	7.6	0.014	0.038	99.96	7.59	0.013	0.035	99.96	7.61
0.102	0.106	0.112	0.013	0.039	99.96	6.79	0.015	0.047	99.95	6.81	0.016	0.052	99.9	6.75	0.016	0.048	99.95	6.82
0.112	0.117	0.122	0.015	0.052	99.9	6	0.017	0.062	99.9	5.94	0.019	0.068	99.9	5.85	0.018	0.064	99.9	5.95
0.122	0.128	0.134	0.017	0.067	99.9	5.2	0.02	0.079	99.9	5.1	0.021	0.087	99.9	5	0.02	0.082	99.9	5.1
0.134	0.141	0.148	0.02	0.084	99.9	4.46	0.022	0.099	99.9	4.32	0.024	0.11	99.9	4.22	0.023	0.1	99.9	4.33
0.148	0.155	0.162	0.022	0.1	99.9	3.8	0.025	0.12	99.9	3.63	0.026	0.13	99.9	3.53	0.025	0.12	99.9	3.64
0.162	0.17	0.178	0.025	0.13	99.9	3.22	0.027	0.15	99.9	3.04	0.029	0.16	99.8	2.94	0.028	0.15	99.8	3.04
0.178	0.186	0.195	0.028	0.15	99.8	2.72	0.03	0.17	99.8	2.53	0.032	0.19	99.8	2.44	0.031	0.18	99.8	2.53
0.195	0.205	0.214	0.031	0.18	99.8	2.29	0.033	0.2	99.8	2.11	0.035	0.22	99.8	2.02	0.034	0.21	99.8	2.11
0.214	0.225	0.235	0.035	0.21	99.8	1.94	0.036	0.24	99.8	1.76	0.038	0.25	99.7	1.67	0.038	0.24	99.8	1.76
0.235	0.247	0.258	0.039	0.24	99.8	1.64	0.04	0.27	99.7	1.46	0.041	0.29	99.7	1.38	0.041	0.28	99.7	1.46
0.258	0.271	0.284	0.043	0.28	99.7	1.38	0.044	0.31	99.7	1.21	0.045	0.33	99.7	1.14	0.046	0.32	99.7	1.22
0.284	0.297	0.311	0.048	0.33	99.7	1.16	0.048	0.36	99.6	1.01	0.049	0.38	99.6	0.94	0.05	0.37	99.6	1.01
0.311	0.326	0.342	0.053	0.37	99.6	0.97	0.053	0.4	99.6	0.83	0.053	0.43	99.6	0.77	0.055	0.42	99.6	0.83
0.342	0.358	0.375	0.058	0.43	99.6	0.81	0.057	0.46	99.5	0.68	0.058	0.48	99.5	0.63	0.059	0.47	99.5	0.69
0.375	0.393	0.412	0.064	0.48	99.5	0.67	0.062	0.51	99.5	0.56	0.063	0.54	99.5	0.52	0.065	0.53	99.5	0.56
0.412	0.431	0.452	0.07	0.55	99.5	0.56	0.068	0.58	99.4	0.46	0.068	0.6	99.4	0.42	0.07	0.6	99.4	0.46
0.452	0.474	0.496	0.077	0.62	99.4	0.46	0.074	0.64	99.4	0.38	0.074	0.67	99.3	0.35	0.076	0.67	99.3	0.38
0.496	0.52	0.545	0.084	0.7	99.3	0.38	0.08	0.72	99.3	0.31	0.08	0.74	99.3	0.28	0.083	0.74	99.3	0.31
0.545	0.571	0.598	0.092	0.78	99.2	0.32	0.087	0.8	99.2	0.26	0.086	0.82	99.2	0.23	0.09	0.83	99.2	0.26
0.598	0.627	0.656	0.1	0.87	99.1	0.26	0.094	0.88	99.1	0.21	0.093	0.91	99.1	0.19	0.097	0.92	99.1	0.21
0.656	0.688	0.721	0.11	0.97	99	0.21	0.1	0.98	99	0.17	0.1	1	99	0.15	0.11	1.01	99	0.17
0.721	0.755	0.791	0.12	1.08	98.9	0.18	0.11	1.08	98.9	0.14	0.11	1.1	98.9	0.13	0.11	1.12	98.9	0.14
0.791	0.829	0.868	0.13	1.2	98.8	0.15	0.12	1.19	98.8	0.11	0.12	1.21	98.8	0.1	0.12	1.23	98.8	0.12
0.868	0.91	0.953	0.14	1.33	98.7	0.12	0.13	1.31	98.7	0.094	0.13	1.33	98.7	0.085	0.13	1.36	98.6	0.094
0.953	0.999	1.047	0.15	1.47	98.5	0.098	0.14	1.44	98.6	0.077	0.14	1.45	98.5	0.069	0.15	1.49	98.5	0.077
1.047	1.097	1.149	0.17	1.63	98.4	0.081	0.15	1.58	98.4	0.063	0.15	1.59	98.4	0.056	0.16	1.64	98.4	0.063
1.149	1.204	1.261	0.18	1.8	98.2	0.066	0.16	1.73	98.3	0.051	0.16	1.74	98.3	0.046	0.17	1.79	98.2	0.052
1.261	1.321	1.385	0.2	1.98	98	0.054	0.18	1.89	98.1	0.042	0.17	1.9	98.1	0.038	0.18	1.96	98	0.042
1.385	1.451	1.52	0.21	2.17	97.8	0.044	0.19	2.07	97.9	0.034	0.19	2.07	97.9	0.031	0.2	2.15	97.9	0.034
1.52	1.592	1.668	0.23	2.39	97.6	0.036	0.2	2.26	97.7	0.027	0.2	2.26	97.7	0.025	0.21	2.35	97.7	0.028
1.668	1.748	1.832	0.25	2.61	97.4	0.029	0.22	2.46	97.5	0.022	0.21	2.46	97.5	0.02	0.23	2.56	97.4	0.023
1.832	1.919	2.011	0.26	2.86	97.1	0.024	0.23	2.67	97.3	0.018	0.23	2.67	97.3	0.016	0.24	2.79	97.2	0.018
2.011	2.107	2.207	0.28	3.12	96.9	0.019	0.25	2.9	97.1	0.014	0.25	2.9	97.1	0.013	0.26	3.03	97	0.015
2.207	2.313	2.423	0.3	3.4	96.6	0.015	0.26	3.15	96.8	0.012	0.26	3.15	96.9	0.011	0.28	3.3	96.7	0.012
2.423	2.539	2.66	0.32	3.7	96.3	0.012	0.28	3.41	96.6	0.0093	0.28	3.41	96.6	0.0085	0.3	3.57	96.4	0.0096
2.66	2.787	2.92	0.34	4.02	96	0.01	0.29	3.69	96.3	0.0075	0.3	3.69	96.3	0.0069	0.32	3.87	96.1	0.0077
2.92	3.059	3.205	0.36	4.37	95.6	0.008	0.31	3.98	96	0.006	0.32	3.98	96	0.0055	0.34	4.19	95.8	0.0062
3.205	3.358	3.519	0.38	4.73	95.3	0.0065	0.33	4.3	95.7	0.0048	0.34	4.3	95.7	0.0044	0.36	4.52	95.5	0.005
3.519	3.687	3.863	0.41	5.11	94.9	0.0052	0.35	4.63	95.4	0.0039	0.36	4.63	95.4	0.0036	0.38	4.88	95.1	0.004
3.863	4.047	4.24	0.43	5.52	94.5	0.0042	0.38	4.98	95	0.0031	0.38	4.99	95	0.0029	0.4	5.26	94.7	0.0032
4.24	4.443	4.655	0.46	5.95	94	0.0033	0.4	5.36	94.6	0.0025	0.41	5.37	94.6	0.0023	0.43	5.67	94.3	0.0026
4.655	4.877	5.11	0.49	6.41	93.6	0.0027	0.43	5.76	94.2	0.002	0.43	5.78	94.2	0.0019	0.46	6.1	93.9	0.0021
5.11	5.354	5.61	0.52	6.9	93.1	0.0021	0.46	6.19	93.8	0.0016	0.47	6.21	93.8	0.0015	0.49	6.56	93.4	0.0017
5.61	5.878	6.158	0.55	7.42	92.6	0.0017	0.49	6.65	93.4	0.0013	0.5	6.68	93.3	0.0012	0.53	7.05	92.9	0.0014
6.158	6.452	6.76	0.59	7.97	92	0.0014	0.53	7.14	92.9	0.0011	0.54	7.18	92.8	0.001	0.57	7.58	92.4	0.0011
6.76	7.083	7.421	0.63	8.55	91.4	0.0011	0.57	7.67	92.3	0.00088	0.58	7.72	92.3	0.00082	0.61	8.14	91.9	0.0009
7.421	7.775	8.147	0.67	9.18	90.8	0.0009	0.62	8.24	91.8	0.00072	0.63	8.3	91.7	0.00067	0.65	8.75	91.2	0.00074
8.147	8.536	8.943	0.71	9.85	90.2	0.00073	0.67	8.86	91.1	0.00059	0.69	8.93	91.1	0.00055	0.71	9.4	90.6	0.0006
8.943	9.37	9.817	0.77	10.6	89.4	0.00059	0.73	9.53	90.5	0.00048	0.75	9.62	90.4	0.00046	0.77	10.1	89.9	0.00049
9.817	10.29	10.78	0.83	11.3	88.7	0.00048	0.8	10.3	89.7	0.0004	0.82	10.4	89.6	0.00038	0.83	10.9	89.1	0.00041
10.78	11.29	11.83	0.9	12.2	87.8	0.0004	0.88	11.1	88.9	0.00033	0.91	11.2	88.8	0.00032	0.92	11.7	88.3	0.00034
11.83	12.4	12.99	0.98	13.1	86.9	0.00033	0.97	11.9	88.1	0.00028	1.01	12.1	87.9	0.00027	1.01	12.6	87.4	0.00028
12.99	13.61	14.26	1.08	14	86	0.00027	1.09	12.9	87.1	0.00024	1.13	13.1	86.9	0.00022	1.12	13.6	86.4	0.00024
14.26	14.94	15.65	1.19	15.1	84.9	0.00023	1.22	14	86	0.0002	1.27	14.2	85.8	0.00019	1.26	14.8	85.2	0.0002
15.65	16.4	17.18	1.32	16.3	83.7	0.00019	1.37	15.2	84.8	0.00017	1.44	15.5	84.5	0.00016	1.41	16	84	0.00017
17.18	18	18.86	1.48	17.6	82.4	0.00016	1.55	16.6	83.4	0.00015	1.63	16.9	83.1	0.00014	1.59	17.4	82.6	0.00014
18.86	19.76	20.7	1.65	19.1	80.9	0.00014	1.75	18.1	81.9	0.00012	1.84	18.6	81.4	0.00012	1.79	19	81	0.00012
20.7	21.69	22.73	1.85	20.8	79.2	0.00012	1.96	19.9	80.1	0.00011	2.07	20.4	79.6	0.0001	2	20.8	79.2	0.0001
22.73	23.81	24.95	2.06	22.6	77.4	0.000097	2.19	21.8	78.2	0.000089	2.3	22.5	77.5	0.000085	2.22	22.8	77.2	0.000087
24.95	26.14	27.39	2.29	24.7	75.3	0.000082	2.41	24	76	0.000074	2.53	24.8	75.2	0.000071	2.44	25	75	0.000072
27.39	28.7	30.07	2.54	27	73	0.000068	2.61	26.4	73.6	0.000061	2.75	27.3	72.7	0.000058	2.64	27.5	72.5	0.000059
30.07	31.5	33.01	2.81	29.5	70.5	0.000057	2.8	29	71	0.000049	2.95	30.1	69.9	0.000047	2.82	30.1	69.9	0.000048
33.01	34.58	36.24	3.11	32.3	67.7	0.000048	2.97	31.9	68.1	0.000039	3.12	33	67	0.000038	2.99	32.9	67.1	0.000038
36.24	37.97	39.78	3.44	35.4	64.6	0.00004	3.11	34.8	65.2	0.000031	3.25	36.1	63.9	0.00003	3.12	35.9	64.1	0.00003
39.78	41.68	43.67	3.79	38.9	61.1	0.000033	3.22	37.9	62.1	0.000024	3.36	39.4	60.6	0.000023	3.21	39	61	0.000024
43.67	45.75	47.94	4.16	42.6	57.4	0.000028	3.29	41.2	58.8	0.000019	3.42	42.7	57.3	0.000018	3.27	42.2	57.8	0.000018
47.94	50.22	52.62	4.52	46.8	53.2	0.000023	3.31	44.4	55.6	0.000014	3.43	46.2	53.8	0.000014	3.28	45.5	54.5	0.000014
52.62	55.13	57.77	4.82	51.3	48.7	0.000018	3.29	47.8	52.2	0.000011	3.4	49.6	50.4	0.00001	3.23	48.8	51.2	0.00001
57.77	60.52	63.41	5.02	56.1	43.9	0.000014	3.23	51	49	0.000008	3.32	53	47	0.000007	3.14	52	48	0.000008
63.41	66.44	69.61	5.1	61.2	38.8	0.000011	3.13	54.3	45.7	0.000006	3.2	56.3	43.7	0.000005	3.02	55.2	44.8	0.000005
69.61	72.94	76.42	5.01	66.3	33.7	0.000008	3	57.4	42.6	0.000004	3.06	59.5	40.5	0.000004	2.89	58.2	41.8	0.000004
76.42	80.07	83.89	4.76	71.3	28.7	0.000006	2.87	60.4	39.6	0.000003	2.91	62.6	37.4	0.000003	2.75	61.1	38.9	0.000003
83.89	87.9	92.09	4.34	76	24	0.000004	2.74	63.3	36.7	0.000002	2.73	65.5	34.5	0.000002	2.62	63.8	36.2	0.000002
92.09	96.49	101.1	3.79	80.4	19.6	0.000003	2.62	66	34	0.000002	2.55	68.2	31.8	0.000001	2.51	66.5	33.5	0.000001
101.1	105.9	111	3.15	84.2	15.8	0.000002	2.52	68.6	31.4	0.000001	2.36	70.8	29.2	0.000001	2.41	69	31	0.000001
111	116.3	121.8	2.49	87.3	12.7	0.000001	2.46	71.1	28.9	0.000001	2.21	73.1	26.9	0.000001	2.36	71.4	28.6	0.000001
121.8	127.6	133.7	1.86	89.8	10.2	0.000001	2.46	73.6	26.4	0.000001	2.13	75.3	24.7	0.000001	2.36	73.7	26.3	0.000001
133.7	140.1	146.8	1.35	91.7	8.34	3.11E-07	2.52	76.1	23.9	0.000001	2.14	77.5	22.5	3.91E-07	2.43	76.1	23.9	4.68E-07
146.8	153.8	161.2	0.96	93	7	1.69E-07	2.63	78.6	21.4	3.96E-07	2.25	79.6	20.4	3.10E-07	2.55	78.5	21.5	3.72E-07
161.2	168.9	176.9	0.72	94	6.03	9.56E-08	2.74	81.2	18.8	3.11E-07	2.4	81.9	18.1	2.50E-07	2.69	81.1	18.9	2.96E-07
176.9	185.4	194.2	0.59	94.7	5.31	5.93E-08	2.77	83.9	16.1	2.38E-07	2.51	84.3	15.7	1.97E-07	2.76	83.8	16.2	2.29E-07
194.2	203.5	213.2	0.53	95.3	4.71	4.01E-08	2.66	86.7	13.3	1.73E-07	2.48	86.8	13.2	1.47E-07	2.68	86.5	13.5	1.68E-07
213.2	223.4	234.1	0.49	95.8	4.18	2.79E-08	2.37	89.4	10.6	1.16E-07	2.26	89.2	10.8	1.02E-07	2.41	89.2	10.8	1.14E-07
234.1	245.2	256.9	0.43	96.3	3.69	1.86E-08	1.91	91.7	8.26	7.08E-08	1.86	91.5	8.51	6.34E-08	1.96	91.6	8.39	7.03E-08
256.9	269.2	282.1	0.35	96.7	3.26	1.13E-08	1.37	93.6	6.35	3.83E-08	1.36	93.4	6.64	3.50E-08	1.42	93.6	6.43	3.86E-08
282.1	295.5	309.6	0.26	97.1	2.92	6.34E-09	0.86	95	4.99	1.83E-08	0.89	94.7	5.28	1.72E-08	0.92	95	5.01	1.89E-08
309.6	324.4	339.9	0.2	97.3	2.66	3.68E-09	0.51	95.9	4.13	8.15E-09	0.54	95.6	4.39	7.99E-09	0.57	95.9	4.09	8.78E-09
339.9	356.1	373.1	0.18	97.5	2.46	2.60E-09	0.33	96.4	3.62	4.02E-09	0.38	96.2	3.85	4.20E-09	0.38	96.5	3.52	4.49E-09
373.1	390.9	409.6	0.22	97.7	2.28	2.34E-09	0.3	96.7	3.29	2.73E-09	0.37	96.5	3.47	3.14E-09	0.34	96.9	3.14	3.02E-09
409.6	429.2	449.7	0.29	97.9	2.06	2.32E-09	0.36	97	2.99	2.49E-09	0.49	96.9	3.1	3.09E-09	0.39	97.2	2.8	2.60E-09
449.7	471.1	493.6	0.36	98.2	1.77	2.17E-09	0.46	97.4	2.63	2.41E-09	0.67	97.4	2.61	3.21E-09	0.47	97.6	2.41	2.37E-09
493.6	517.2	541.9	0.39	98.6	1.41	1.78E-09	0.54	97.8	2.17	2.12E-09	0.8	98.1	1.94	2.88E-09	0.52	98.1	1.94	2.00E-09
541.9	567.7	594.9	0.37	99	1.03	1.29E-09	0.55	98.4	1.63	1.65E-09	0.67	98.9	1.14	1.83E-09	0.51	98.6	1.42	1.48E-09
594.9	623.3	653	0.32	99.3	0.65	8.32E-10	0.5	98.9	1.08	1.14E-09	0.37	99.5	0.47	7.68E-10	0.44	99.1	0.91	9.65E-10
653	684.2	716.8	0.21	99.7	0.34	4.20E-10	0.35	99.4	0.58	6.07E-10	0.092	99.9	0.1	1.44E-10	0.29	99.5	0.47	4.85E-10
716.8	751.1	786.9	0.1	99.9	0.13	1.52E-10	0.18	99.8	0.22	2.29E-10	0.01	99.99	0.01	1.19E-11	0.14	99.8	0.17	1.72E-10
786.9	824.5	863.9	0.023	99.97	0.025	2.60E-11	0.041	99.95	0.045	4.01E-11	0	100	0	0	0.031	99.97	0.034	2.91E-11
863.9	905.1	948.3	0.0023	99.998	0.0023	1.97E-12	0.0042	99.996	0.0042	3.10E-12	0	100	0	0	0.003	99.997	0.003	2.15E-12
948.3	993.6	1041	0	100	0	0	0	100	0	0	0	100	0	0	0	100	0	0
1041	1091	1143	0	100	0	0	0	100	0	0	0	100	0	0	0	100	0	0
1143	1197	1255	0	100	0	0	0	100	0	0	0	100	0	0	0	100	0	0
1255	1314	1377	0	100	0	0	0	100	0	0	0	100	0	0	0	100	0	0
1377	1443	1512	0	100	0	0	0	100	0	0	0	100	0	0	0	100	0	0
1512	1584	1660	0	100	0	0	0	100	0	0	0	100	0	0	0	100	0	0
1660	1739	1822	0	100	0	0	0	100	0	0	0	100	0	0	0	100	0	0
1822	1909	2000	0	100	0	0	0	100	0	0	0	100	0	0	0	100	0	0
2000				100	0			100	0			100	0			100	0	