LS	2022-11-09  16:58
File name:	IODP_std_MazPB_09.$ls
File ID:	IODP
Sample ID:	std_MazPB
Operator:	RG
Bar code:	
Comment 1:	
Comment 2:	
Instrument:	LS 230, VSM Plus
Run number:	9
Start time:	2022-11-09  16:57
Run length:	62
Optical model:	Fraunhofer.rfd   PIDS included
Obscuration:	13
PIDS Obscur:	42
Obscuration:	High
Serial Number:	7205

From	0.0400
To	2000
Volume 	100
Mean:	73.63
Median:	34.06
D(0,0):	0.108
Mean/Median ratio:	2.162
Mode:	34.58
S.D.:	107.7
Variance:	11599
C.V.:	146.3
Skewness:	2.888
Kurtosis:	9.670
d10:	4.878
d50:	34.06
d90:	200.9
Specific Surf. Area:	7728

% <	Size 
10	4.88
25	14.2
50	34.1
75	78.2
90	201

% >	Size 
10	201
25	78.2
50	34.1
75	14.2
90	4.88

Size 	% <
1	2.18
10	18.6
100	80.1
1000	100

Size 	% >
1	97.8
10	81.4
100	19.9
1000	0

Particle	IODP_std	Volume	Volume
Diameter	_MazPB_09	% >	%
um	.$ls		
	Volume		
	% <		
0.4	0.75	99.3	0.21
0.488	0.96	99.0	0.49
0.69	1.45	98.6	0.69
0.98	2.14	97.9	0.93
1.38	3.06	96.9	1.26
1.95	4.33	95.7	1.68
2.76	6.01	94.0	2.22
3.91	8.23	91.8	2.91
5.52	11.1	88.9	3.89
7.81	15.0	85.0	5.19
11.05	20.2	79.8	6.95
15.63	27.2	72.8	9.12
22.1	36.3	63.7	10.9
31.3	47.2	52.8	11.3
44.2	58.5	41.5	10.7
62.5	69.2	30.8	8.53
88.4	77.7	22.3	5.82
125	83.5	16.5	4.63
177	88.1	11.9	4.99
250	93.1	6.87	3.21
354	96.3	3.66	2.15
500	98.5	1.51	1.38
707	99.9	0.13	0.13
1000	100	0	0
1414	100	0	0
2000	100	0	0
2828	100	0	0
4000	100	0	

Channel	Channel	Channel	Diff.	Cum. <	Cum. >	Diff.
Diameter	Diameter	Diameter	Volume	Volume	Volume	Number
(Lower)	(Center)	(Upper)	%	%	%	%
um	um	um				
0.040	0.042	0.044	0.00030	0	100	1.77
0.044	0.046	0.048	0.00039	0.00030	100	1.77
0.048	0.050	0.053	0.00064	0.00069	99.999	2.17
0.053	0.055	0.058	0.0013	0.0013	99.999	3.31
0.058	0.061	0.064	0.0027	0.0026	99.997	5.21
0.064	0.067	0.070	0.0050	0.0053	99.99	7.30
0.070	0.073	0.077	0.0076	0.010	99.99	8.48
0.077	0.080	0.084	0.010	0.018	99.98	8.59
0.084	0.088	0.093	0.013	0.028	99.97	8.15
0.093	0.097	0.102	0.016	0.041	99.96	7.54
0.102	0.106	0.112	0.019	0.057	99.9	6.83
0.112	0.117	0.122	0.022	0.075	99.9	6.01
0.122	0.128	0.134	0.025	0.097	99.9	5.19
0.134	0.141	0.148	0.028	0.12	99.9	4.44
0.148	0.155	0.162	0.032	0.15	99.8	3.76
0.162	0.170	0.178	0.035	0.18	99.8	3.17
0.178	0.186	0.195	0.039	0.22	99.8	2.67
0.195	0.205	0.214	0.044	0.26	99.7	2.25
0.214	0.225	0.235	0.049	0.30	99.7	1.89
0.235	0.247	0.258	0.054	0.35	99.7	1.59
0.258	0.271	0.284	0.061	0.40	99.6	1.34
0.284	0.297	0.311	0.067	0.46	99.5	1.12
0.311	0.326	0.342	0.074	0.53	99.5	0.94
0.342	0.358	0.375	0.082	0.61	99.4	0.78
0.375	0.393	0.412	0.089	0.69	99.3	0.65
0.412	0.431	0.452	0.098	0.78	99.2	0.54
0.452	0.474	0.496	0.11	0.87	99.1	0.44
0.496	0.520	0.545	0.12	0.98	99.0	0.37
0.545	0.571	0.598	0.13	1.10	98.9	0.30
0.598	0.627	0.656	0.14	1.23	98.8	0.25
0.656	0.688	0.721	0.15	1.37	98.6	0.21
0.721	0.755	0.791	0.17	1.52	98.5	0.17
0.791	0.829	0.868	0.18	1.69	98.3	0.14
0.868	0.910	0.953	0.20	1.88	98.1	0.12
0.953	0.999	1.047	0.22	2.08	97.9	0.096
1.047	1.097	1.149	0.24	2.29	97.7	0.079
1.149	1.204	1.261	0.26	2.53	97.5	0.065
1.261	1.321	1.385	0.28	2.79	97.2	0.054
1.385	1.451	1.520	0.31	3.07	96.9	0.044
1.520	1.592	1.668	0.33	3.38	96.6	0.036
1.668	1.748	1.832	0.36	3.71	96.3	0.029
1.832	1.919	2.011	0.39	4.07	95.9	0.024
2.011	2.107	2.207	0.42	4.46	95.5	0.020
2.207	2.313	2.423	0.45	4.88	95.1	0.016
2.423	2.539	2.660	0.48	5.33	94.7	0.013
2.660	2.787	2.920	0.52	5.81	94.2	0.011
2.920	3.059	3.205	0.56	6.33	93.7	0.0086
3.205	3.358	3.519	0.60	6.89	93.1	0.0070
3.519	3.687	3.863	0.65	7.49	92.5	0.0057
3.863	4.047	4.240	0.70	8.14	91.9	0.0046
4.240	4.443	4.655	0.76	8.84	91.2	0.0038
4.655	4.877	5.110	0.82	9.60	90.4	0.0031
5.110	5.354	5.610	0.88	10.4	89.6	0.0025
5.610	5.878	6.158	0.95	11.3	88.7	0.0021
6.158	6.452	6.760	1.03	12.3	87.7	0.0017
6.760	7.083	7.421	1.11	13.3	86.7	0.0014
7.421	7.775	8.147	1.20	14.4	85.6	0.0011
8.147	8.536	8.943	1.30	15.6	84.4	0.00091
8.943	9.370	9.817	1.40	16.9	83.1	0.00075
9.817	10.29	10.78	1.51	18.3	81.7	0.00061
10.78	11.29	11.83	1.64	19.8	80.2	0.00050
11.83	12.40	12.99	1.77	21.4	78.6	0.00041
12.99	13.61	14.26	1.92	23.2	76.8	0.00033
14.26	14.94	15.65	2.07	25.1	74.9	0.00027
15.65	16.40	17.18	2.24	27.2	72.8	0.00022
17.18	18.00	18.86	2.40	29.4	70.6	0.00018
18.86	19.76	20.70	2.57	31.8	68.2	0.00015
20.70	21.69	22.73	2.72	34.4	65.6	0.00012
22.73	23.81	24.95	2.85	37.1	62.9	0.000093
24.95	26.14	27.39	2.95	40.0	60.0	0.000073
27.39	28.70	30.07	3.01	42.9	57.1	0.000056
30.07	31.50	33.01	3.04	46.0	54.0	0.000043
33.01	34.58	36.24	3.05	49.0	51.0	0.000032
36.24	37.97	39.78	3.04	52.1	47.9	0.000024
39.78	41.68	43.67	3.02	55.1	44.9	0.000018
43.67	45.75	47.94	2.99	58.1	41.9	0.000014
47.94	50.22	52.62	2.94	61.1	38.9	0.000010
52.62	55.13	57.77	2.84	64.0	36.0	0.000007
57.77	60.52	63.41	2.71	66.9	33.1	0.000005
63.41	66.44	69.61	2.54	69.6	30.4	0.000004
69.61	72.94	76.42	2.35	72.1	27.9	0.000003
76.42	80.07	83.89	2.14	74.5	25.5	0.000002
83.89	87.90	92.09	1.93	76.6	23.4	0.000001
92.09	96.49	101.1	1.72	78.6	21.4	0.000001
101.1	105.9	111.0	1.53	80.3	19.7	0.000001
111.0	116.3	121.8	1.36	81.8	18.2	3.8E-7
121.8	127.6	133.7	1.24	83.2	16.8	2.63E-7
133.7	140.1	146.8	1.20	84.4	15.6	1.91E-7
146.8	153.8	161.2	1.22	85.6	14.4	1.47E-7
161.2	168.9	176.9	1.29	86.8	13.2	1.18E-7
176.9	185.4	194.2	1.37	88.1	11.9	9.47E-8
194.2	203.5	213.2	1.41	89.5	10.5	7.34E-8
213.2	223.4	234.1	1.36	90.9	9.09	5.36E-8
234.1	245.2	256.9	1.22	92.3	7.73	3.64E-8
256.9	269.2	282.1	1.04	93.5	6.50	2.33E-8
282.1	295.5	309.6	0.85	94.5	5.47	1.44E-8
309.6	324.4	339.9	0.70	95.4	4.62	9E-9
339.9	356.1	373.1	0.62	96.1	3.92	5.99E-9
373.1	390.9	409.6	0.58	96.7	3.31	4.3E-9
409.6	429.2	449.7	0.58	97.3	2.72	3.2E-9
449.7	471.1	493.6	0.56	97.9	2.14	2.36E-9
493.6	517.2	541.9	0.52	98.4	1.58	1.63E-9
541.9	567.7	594.9	0.43	98.9	1.07	1.04E-9
594.9	623.3	653.0	0.33	99.4	0.63	5.98E-10
653.0	684.2	716.8	0.20	99.7	0.30	2.72E-10
716.8	751.1	786.9	0.085	99.9	0.10	8.79E-11
786.9	824.5	863.9	0.018	99.98	0.019	1.39E-11
863.9	905.1	948.3	0.0016	99.998	0.0016	9.36E-13
948.3	993.6	1041	0	100	0	0
1041	1091	1143	0	100	0	0
1143	1197	1255	0	100	0	0
1255	1314	1377	0	100	0	0
1377	1443	1512	0	100	0	0
1512	1584	1660	0	100	0	0
1660	1739	1822	0	100	0	0
1822	1909	2000	0	100	0	0
2000				100	0	

