LS	2022-11-09  15:22
File name:	IODP_STV0166-16_05.$ls
File ID:	IODP
Sample ID:	STV0166-167
Operator:	RG
Bar code:	
Comment 1:	
Comment 2:	
Instrument:	LS 230, VSM Plus
Run number:	5
Start time:	2022-11-09  15:21
Run length:	62
Optical model:	Fraunhofer.rfd   PIDS included
Obscuration:	10
PIDS Obscur:	33
Obscuration:	OK
Serial Number:	7205

From	0.0400
To	2000
Volume 	100
Mean:	71.04
Median:	51.07
D(0,0):	0.108
Mean/Median ratio:	1.391
Mode:	66.44
S.D.:	90.67
Variance:	8220
C.V.:	127.6
Skewness:	4.086
Kurtosis:	20.81
d10:	8.064
d50:	51.07
d90:	127.3
Specific Surf. Area:	5626

% <	Size 
10	8.06
25	24.7
50	51.1
75	82.9
90	127

% >	Size 
10	127
25	82.9
50	51.1
75	24.7
90	8.06

Size 	% <
1	1.58
10	11.8
100	83.1
1000	100

Size 	% >
1	98.4
10	88.2
100	16.9
1000	0

Particle	IODP_STV016	Volume	Volume
Diameter	6-16_05.$ls	% >	%
um	Volume		
	% <		
0.4	0.54	99.5	0.16
0.488	0.70	99.3	0.35
0.69	1.05	99.0	0.49
0.98	1.54	98.5	0.66
1.38	2.20	97.8	0.88
1.95	3.08	96.9	1.15
2.76	4.22	95.8	1.45
3.91	5.68	94.3	1.80
5.52	7.48	92.5	2.28
7.81	9.76	90.2	2.94
11.05	12.7	87.3	4.01
15.63	16.7	83.3	5.83
22.1	22.5	77.5	8.63
31.3	31.2	68.8	12.3
44.2	43.5	56.5	16.8
62.5	60.3	39.7	17.6
88.4	77.9	22.1	11.7
125	89.6	10.4	4.55
177	94.2	5.82	2.24
250	96.4	3.58	1.11
354	97.5	2.47	1.03
500	98.6	1.44	1.25
707	99.8	0.19	0.19
1000	100	0	0
1414	100	0	0
2000	100	0	0
2828	100	0	0
4000	100	0	

Channel	Channel	Channel	Diff.	Cum. <	Cum. >	Diff.
Diameter	Diameter	Diameter	Volume	Volume	Volume	Number
(Lower)	(Center)	(Upper)	%	%	%	%
um	um	um				
0.040	0.042	0.044	0.00021	0	100	1.72
0.044	0.046	0.048	0.00028	0.00021	100	1.76
0.048	0.050	0.053	0.00046	0.00049	100	2.19
0.053	0.055	0.058	0.00095	0.00095	99.999	3.39
0.058	0.061	0.064	0.0020	0.0019	99.998	5.32
0.064	0.067	0.070	0.0036	0.0039	99.996	7.38
0.070	0.073	0.077	0.0055	0.0075	99.99	8.45
0.077	0.080	0.084	0.0073	0.013	99.99	8.52
0.084	0.088	0.093	0.0091	0.020	99.98	8.07
0.093	0.097	0.102	0.011	0.029	99.97	7.49
0.102	0.106	0.112	0.013	0.040	99.96	6.78
0.112	0.117	0.122	0.016	0.054	99.9	5.97
0.122	0.128	0.134	0.018	0.070	99.9	5.17
0.134	0.141	0.148	0.020	0.087	99.9	4.43
0.148	0.155	0.162	0.023	0.11	99.9	3.76
0.162	0.170	0.178	0.025	0.13	99.9	3.18
0.178	0.186	0.195	0.028	0.16	99.8	2.68
0.195	0.205	0.214	0.032	0.18	99.8	2.26
0.214	0.225	0.235	0.035	0.22	99.8	1.91
0.235	0.247	0.258	0.039	0.25	99.7	1.61
0.258	0.271	0.284	0.044	0.29	99.7	1.35
0.284	0.297	0.311	0.049	0.33	99.7	1.13
0.311	0.326	0.342	0.054	0.38	99.6	0.95
0.342	0.358	0.375	0.059	0.44	99.6	0.79
0.375	0.393	0.412	0.065	0.50	99.5	0.65
0.412	0.431	0.452	0.071	0.56	99.4	0.54
0.452	0.474	0.496	0.078	0.63	99.4	0.45
0.496	0.520	0.545	0.085	0.71	99.3	0.37
0.545	0.571	0.598	0.093	0.80	99.2	0.31
0.598	0.627	0.656	0.10	0.89	99.1	0.25
0.656	0.688	0.721	0.11	0.99	99.0	0.21
0.721	0.755	0.791	0.12	1.10	98.9	0.17
0.791	0.829	0.868	0.13	1.22	98.8	0.14
0.868	0.910	0.953	0.14	1.36	98.6	0.12
0.953	0.999	1.047	0.16	1.50	98.5	0.095
1.047	1.097	1.149	0.17	1.65	98.3	0.078
1.149	1.204	1.261	0.18	1.82	98.2	0.064
1.261	1.321	1.385	0.20	2.01	98.0	0.053
1.385	1.451	1.520	0.21	2.21	97.8	0.043
1.520	1.592	1.668	0.23	2.42	97.6	0.035
1.668	1.748	1.832	0.25	2.65	97.3	0.029
1.832	1.919	2.011	0.27	2.90	97.1	0.023
2.011	2.107	2.207	0.29	3.17	96.8	0.019
2.207	2.313	2.423	0.31	3.46	96.5	0.015
2.423	2.539	2.660	0.33	3.76	96.2	0.012
2.660	2.787	2.920	0.35	4.09	95.9	0.0098
2.920	3.059	3.205	0.37	4.44	95.6	0.0079
3.205	3.358	3.519	0.39	4.81	95.2	0.0064
3.519	3.687	3.863	0.42	5.20	94.8	0.0051
3.863	4.047	4.240	0.44	5.62	94.4	0.0041
4.240	4.443	4.655	0.47	6.07	93.9	0.0033
4.655	4.877	5.110	0.50	6.54	93.5	0.0026
5.110	5.354	5.610	0.53	7.04	93.0	0.0021
5.610	5.878	6.158	0.57	7.57	92.4	0.0017
6.158	6.452	6.760	0.60	8.14	91.9	0.0014
6.760	7.083	7.421	0.64	8.75	91.3	0.0011
7.421	7.775	8.147	0.69	9.39	90.6	0.00089
8.147	8.536	8.943	0.74	10.1	89.9	0.00072
8.943	9.370	9.817	0.79	10.8	89.2	0.00059
9.817	10.29	10.78	0.85	11.6	88.4	0.00048
10.78	11.29	11.83	0.93	12.5	87.5	0.00039
11.83	12.40	12.99	1.01	13.4	86.6	0.00032
12.99	13.61	14.26	1.11	14.4	85.6	0.00027
14.26	14.94	15.65	1.22	15.5	84.5	0.00022
15.65	16.40	17.18	1.35	16.7	83.3	0.00019
17.18	18.00	18.86	1.50	18.1	81.9	0.00016
18.86	19.76	20.70	1.67	19.6	80.4	0.00013
20.70	21.69	22.73	1.86	21.3	78.7	0.00011
22.73	23.81	24.95	2.07	23.1	76.9	0.000094
24.95	26.14	27.39	2.29	25.2	74.8	0.000078
27.39	28.70	30.07	2.52	27.5	72.5	0.000065
30.07	31.50	33.01	2.78	30.0	70.0	0.000054
33.01	34.58	36.24	3.07	32.8	67.2	0.000045
36.24	37.97	39.78	3.38	35.9	64.1	0.000038
39.78	41.68	43.67	3.73	39.2	60.8	0.000031
43.67	45.75	47.94	4.08	43.0	57.0	0.000026
47.94	50.22	52.62	4.42	47.0	53.0	0.000021
52.62	55.13	57.77	4.71	51.5	48.5	0.000017
57.77	60.52	63.41	4.90	56.2	43.8	0.000014
63.41	66.44	69.61	4.97	61.1	38.9	0.000010
69.61	72.94	76.42	4.89	66.0	34.0	0.000008
76.42	80.07	83.89	4.65	70.9	29.1	0.000006
83.89	87.90	92.09	4.25	75.6	24.4	0.000004
92.09	96.49	101.1	3.72	79.8	20.2	0.000003
101.1	105.9	111.0	3.11	83.6	16.4	0.000002
111.0	116.3	121.8	2.46	86.7	13.3	0.000001
121.8	127.6	133.7	1.86	89.1	10.9	0.000001
133.7	140.1	146.8	1.37	91.0	9.00	3.04E-7
146.8	153.8	161.2	1.01	92.4	7.63	1.7E-7
161.2	168.9	176.9	0.80	93.4	6.62	1.01E-7
176.9	185.4	194.2	0.68	94.2	5.82	6.55E-8
194.2	203.5	213.2	0.63	94.9	5.14	4.55E-8
213.2	223.4	234.1	0.58	95.5	4.51	3.17E-8
234.1	245.2	256.9	0.50	96.1	3.93	2.07E-8
256.9	269.2	282.1	0.39	96.6	3.43	1.23E-8
282.1	295.5	309.6	0.28	97.0	3.04	6.65E-9
309.6	324.4	339.9	0.21	97.2	2.76	3.71E-9
339.9	356.1	373.1	0.19	97.4	2.55	2.54E-9
373.1	390.9	409.6	0.22	97.6	2.36	2.26E-9
409.6	429.2	449.7	0.29	97.9	2.14	2.24E-9
449.7	471.1	493.6	0.36	98.1	1.85	2.09E-9
493.6	517.2	541.9	0.39	98.5	1.49	1.72E-9
541.9	567.7	594.9	0.38	98.9	1.10	1.26E-9
594.9	623.3	653.0	0.34	99.3	0.73	8.51E-10
653.0	684.2	716.8	0.24	99.6	0.39	4.51E-10
716.8	751.1	786.9	0.12	99.8	0.15	1.73E-10
786.9	824.5	863.9	0.028	99.97	0.031	3.09E-11
863.9	905.1	948.3	0.0030	99.997	0.0030	2.47E-12
948.3	993.6	1041	0	100	0	0
1041	1091	1143	0	100	0	0
1143	1197	1255	0	100	0	0
1255	1314	1377	0	100	0	0
1377	1443	1512	0	100	0	0
1512	1584	1660	0	100	0	0
1660	1739	1822	0	100	0	0
1822	1909	2000	0	100	0	0
2000				100	0	

