LS	2022-11-09  15:31
File name:	IODP_STV0168-17_01.$ls
File ID:	IODP
Sample ID:	STV0168-170
Operator:	RG
Bar code:	
Comment 1:	
Comment 2:	
Instrument:	LS 230, VSM Plus
Run number:	1
Start time:	2022-11-09  15:30
Run length:	62
Optical model:	Fraunhofer.rfd   PIDS included
Obscuration:	11
PIDS Obscur:	39
Obscuration:	OK
Serial Number:	7205

From	0.0400
To	2000
Volume 	100
Mean:	95.59
Median:	79.10
D(0,0):	0.104
Mean/Median ratio:	1.208
Mode:	96.49
S.D.:	95.48
Variance:	9116
C.V.:	99.88
Skewness:	3.426
Kurtosis:	17.91
d10:	9.245
d50:	79.10
d90:	177.5
Specific Surf. Area:	5100

% <	Size 
10	9.24
25	39.3
50	79.1
75	123
90	178

% >	Size 
10	178
25	123
50	79.1
75	39.3
90	9.24

Size 	% <
1	1.46
10	10.5
100	63.3
1000	99.99

Size 	% >
1	98.5
10	89.5
100	36.7
1000	0.0057

Particle	IODP_STV016	Volume	Volume	IODP_STV016	Volume	Volume
Diameter	8-17_01.$ls	% >	%	6-16_02.$ls	% >	%
um	Volume			Volume		
	% <			% <		
0.4	0.54	99.5	0.14	0.53	99.5	0.15
0.488	0.68	99.3	0.31	0.68	99.3	0.35
0.69	1.00	99.0	0.43	1.03	99.0	0.49
0.98	1.43	98.6	0.59	1.52	98.5	0.65
1.38	2.02	98.0	0.82	2.17	97.8	0.87
1.95	2.84	97.2	1.10	3.03	97.0	1.12
2.76	3.94	96.1	1.41	4.16	95.8	1.42
3.91	5.36	94.6	1.68	5.57	94.4	1.75
5.52	7.03	93.0	1.94	7.32	92.7	2.21
7.81	8.97	91.0	2.18	9.54	90.5	2.86
11.05	11.2	88.8	2.50	12.4	87.6	3.91
15.63	13.6	86.4	3.11	16.3	83.7	5.75
22.1	16.8	83.2	4.31	22.0	78.0	8.64
31.3	21.1	78.9	6.55	30.7	69.3	12.5
44.2	27.6	72.4	11.2	43.2	56.8	17.2
62.5	38.8	61.2	17.3	60.4	39.6	18.1
88.4	56.1	43.9	19.7	78.4	21.6	11.9
125	75.8	24.2	14.1	90.3	9.71	4.40
177	89.9	10.1	6.13	94.7	5.31	1.91
250	96.1	3.94	1.70	96.6	3.39	1.01
354	97.8	2.24	0.79	97.6	2.38	1.02
500	98.6	1.45	1.10	98.6	1.36	1.20
707	99.7	0.34	0.34	99.8	0.16	0.16
1000	99.99	0.0057	0.0057	100	0	0
1414	100	0	0	100	0	0
2000	100	0	0	100	0	0
2828	100	0	0	100	0	0
4000	100	0		100	0	

			IODP_STV016				IODP_STV016			
Channel	Channel	Channel	8-17_01.$ls	Cum. <	Cum. >	Diff.	6-16_02.$ls	Cum. <	Cum. >	Diff.
Diameter	Diameter	Diameter	Diff.	Volume	Volume	Number	Diff.	Volume	Volume	Number
(Lower)	(Center)	(Upper)	Volume	%	%	%	Volume	%	%	%
um	um	um	%				%			
0.040	0.042	0.044	0.00025	0	100	1.89	0.00020	0	100	1.71
0.044	0.046	0.048	0.00033	0.00025	100	1.89	0.00027	0.00020	100	1.74
0.048	0.050	0.053	0.00054	0.00059	99.999	2.30	0.00044	0.00046	100	2.16
0.053	0.055	0.058	0.0011	0.0011	99.999	3.53	0.00089	0.00090	99.999	3.32
0.058	0.061	0.064	0.0023	0.0022	99.998	5.56	0.0018	0.0018	99.998	5.21
0.064	0.067	0.070	0.0042	0.0045	99.996	7.76	0.0034	0.0036	99.996	7.26
0.070	0.073	0.077	0.0064	0.0087	99.99	8.90	0.0052	0.0070	99.99	8.37
0.077	0.080	0.084	0.0084	0.015	99.98	8.91	0.0070	0.012	99.99	8.48
0.084	0.088	0.093	0.010	0.024	99.98	8.36	0.0087	0.019	99.98	8.05
0.093	0.097	0.102	0.013	0.034	99.97	7.67	0.011	0.028	99.97	7.48
0.102	0.106	0.112	0.015	0.047	99.95	6.86	0.013	0.039	99.96	6.79
0.112	0.117	0.122	0.017	0.062	99.9	5.96	0.015	0.052	99.9	6.00
0.122	0.128	0.134	0.020	0.079	99.9	5.11	0.017	0.067	99.9	5.20
0.134	0.141	0.148	0.022	0.099	99.9	4.32	0.020	0.084	99.9	4.46
0.148	0.155	0.162	0.024	0.12	99.9	3.62	0.022	0.10	99.9	3.80
0.162	0.170	0.178	0.027	0.14	99.9	3.01	0.025	0.13	99.9	3.22
0.178	0.186	0.195	0.029	0.17	99.8	2.50	0.028	0.15	99.8	2.72
0.195	0.205	0.214	0.032	0.20	99.8	2.07	0.031	0.18	99.8	2.29
0.214	0.225	0.235	0.035	0.23	99.8	1.72	0.035	0.21	99.8	1.94
0.235	0.247	0.258	0.039	0.27	99.7	1.43	0.039	0.24	99.8	1.64
0.258	0.271	0.284	0.043	0.31	99.7	1.18	0.043	0.28	99.7	1.38
0.284	0.297	0.311	0.047	0.35	99.7	0.98	0.048	0.33	99.7	1.16
0.311	0.326	0.342	0.051	0.40	99.6	0.80	0.053	0.37	99.6	0.97
0.342	0.358	0.375	0.055	0.45	99.6	0.66	0.058	0.43	99.6	0.81
0.375	0.393	0.412	0.060	0.50	99.5	0.54	0.064	0.48	99.5	0.67
0.412	0.431	0.452	0.065	0.56	99.4	0.44	0.070	0.55	99.5	0.56
0.452	0.474	0.496	0.070	0.63	99.4	0.36	0.077	0.62	99.4	0.46
0.496	0.520	0.545	0.076	0.70	99.3	0.30	0.084	0.70	99.3	0.38
0.545	0.571	0.598	0.083	0.77	99.2	0.24	0.092	0.78	99.2	0.32
0.598	0.627	0.656	0.090	0.86	99.1	0.20	0.10	0.87	99.1	0.26
0.656	0.688	0.721	0.098	0.95	99.1	0.17	0.11	0.97	99.0	0.21
0.721	0.755	0.791	0.11	1.04	99.0	0.14	0.12	1.08	98.9	0.18
0.791	0.829	0.868	0.12	1.15	98.9	0.11	0.13	1.20	98.8	0.15
0.868	0.910	0.953	0.13	1.27	98.7	0.092	0.14	1.33	98.7	0.12
0.953	0.999	1.047	0.14	1.39	98.6	0.076	0.15	1.47	98.5	0.098
1.047	1.097	1.149	0.15	1.53	98.5	0.063	0.17	1.63	98.4	0.081
1.149	1.204	1.261	0.17	1.68	98.3	0.052	0.18	1.80	98.2	0.066
1.261	1.321	1.385	0.18	1.85	98.2	0.043	0.20	1.98	98.0	0.054
1.385	1.451	1.520	0.20	2.03	98.0	0.036	0.21	2.17	97.8	0.044
1.520	1.592	1.668	0.22	2.22	97.8	0.029	0.23	2.39	97.6	0.036
1.668	1.748	1.832	0.23	2.44	97.6	0.024	0.25	2.61	97.4	0.029
1.832	1.919	2.011	0.25	2.67	97.3	0.020	0.26	2.86	97.1	0.024
2.011	2.107	2.207	0.27	2.93	97.1	0.016	0.28	3.12	96.9	0.019
2.207	2.313	2.423	0.30	3.20	96.8	0.013	0.30	3.40	96.6	0.015
2.423	2.539	2.660	0.32	3.50	96.5	0.011	0.32	3.70	96.3	0.012
2.660	2.787	2.920	0.34	3.81	96.2	0.0086	0.34	4.02	96.0	0.010
2.920	3.059	3.205	0.36	4.15	95.8	0.0069	0.36	4.37	95.6	0.0080
3.205	3.358	3.519	0.38	4.51	95.5	0.0056	0.38	4.73	95.3	0.0065
3.519	3.687	3.863	0.40	4.90	95.1	0.0044	0.41	5.11	94.9	0.0052
3.863	4.047	4.240	0.43	5.30	94.7	0.0035	0.43	5.52	94.5	0.0042
4.240	4.443	4.655	0.45	5.73	94.3	0.0028	0.46	5.95	94.0	0.0033
4.655	4.877	5.110	0.46	6.17	93.8	0.0022	0.49	6.41	93.6	0.0027
5.110	5.354	5.610	0.48	6.64	93.4	0.0017	0.52	6.90	93.1	0.0021
5.610	5.878	6.158	0.50	7.12	92.9	0.0014	0.55	7.42	92.6	0.0017
6.158	6.452	6.760	0.52	7.62	92.4	0.0011	0.59	7.97	92.0	0.0014
6.760	7.083	7.421	0.54	8.14	91.9	0.00083	0.63	8.55	91.4	0.0011
7.421	7.775	8.147	0.55	8.68	91.3	0.00065	0.67	9.18	90.8	0.00090
8.147	8.536	8.943	0.57	9.23	90.8	0.00050	0.71	9.85	90.2	0.00073
8.943	9.370	9.817	0.59	9.80	90.2	0.00039	0.77	10.6	89.4	0.00059
9.817	10.29	10.78	0.60	10.4	89.6	0.00031	0.83	11.3	88.7	0.00048
10.78	11.29	11.83	0.63	11.0	89.0	0.00024	0.90	12.2	87.8	0.00040
11.83	12.40	12.99	0.65	11.6	88.4	0.00019	0.98	13.1	86.9	0.00033
12.99	13.61	14.26	0.68	12.3	87.7	0.00015	1.08	14.0	86.0	0.00027
14.26	14.94	15.65	0.72	12.9	87.1	0.00012	1.19	15.1	84.9	0.00023
15.65	16.40	17.18	0.76	13.7	86.3	0.000095	1.32	16.3	83.7	0.00019
17.18	18.00	18.86	0.81	14.4	85.6	0.000077	1.48	17.6	82.4	0.00016
18.86	19.76	20.70	0.87	15.2	84.8	0.000062	1.65	19.1	80.9	0.00014
20.70	21.69	22.73	0.95	16.1	83.9	0.000051	1.85	20.8	79.2	0.00012
22.73	23.81	24.95	1.04	17.1	82.9	0.000042	2.06	22.6	77.4	0.000097
24.95	26.14	27.39	1.14	18.1	81.9	0.000035	2.29	24.7	75.3	0.000082
27.39	28.70	30.07	1.25	19.2	80.8	0.000029	2.54	27.0	73.0	0.000068
30.07	31.50	33.01	1.39	20.5	79.5	0.000025	2.81	29.5	70.5	0.000057
33.01	34.58	36.24	1.57	21.9	78.1	0.000021	3.11	32.3	67.7	0.000048
36.24	37.97	39.78	1.79	23.4	76.6	0.000018	3.44	35.4	64.6	0.000040
39.78	41.68	43.67	2.07	25.2	74.8	0.000016	3.79	38.9	61.1	0.000033
43.67	45.75	47.94	2.40	27.3	72.7	0.000014	4.16	42.6	57.4	0.000028
47.94	50.22	52.62	2.79	29.7	70.3	0.000012	4.52	46.8	53.2	0.000023
52.62	55.13	57.77	3.22	32.5	67.5	0.000011	4.82	51.3	48.7	0.000018
57.77	60.52	63.41	3.69	35.7	64.3	0.000009	5.02	56.1	43.9	0.000014
63.41	66.44	69.61	4.16	39.4	60.6	0.000008	5.10	61.2	38.8	0.000011
69.61	72.94	76.42	4.62	43.6	56.4	0.000007	5.01	66.3	33.7	0.000008
76.42	80.07	83.89	5.01	48.2	51.8	0.000005	4.76	71.3	28.7	0.000006
83.89	87.90	92.09	5.31	53.2	46.8	0.000004	4.34	76.0	24.0	0.000004
92.09	96.49	101.1	5.45	58.5	41.5	0.000003	3.79	80.4	19.6	0.000003
101.1	105.9	111.0	5.42	64.0	36.0	0.000003	3.15	84.2	15.8	0.000002
111.0	116.3	121.8	5.18	69.4	30.6	0.000002	2.49	87.3	12.7	0.000001
121.8	127.6	133.7	4.76	74.6	25.4	0.000001	1.86	89.8	10.2	0.000001
133.7	140.1	146.8	4.18	79.3	20.7	0.000001	1.35	91.7	8.34	3.11E-7
146.8	153.8	161.2	3.53	83.5	16.5	0.000001	0.96	93.0	7.00	1.69E-7
161.2	168.9	176.9	2.88	87.0	13.0	3.29E-7	0.72	94.0	6.03	9.56E-8
176.9	185.4	194.2	2.28	89.9	10.1	1.97E-7	0.59	94.7	5.31	5.93E-8
194.2	203.5	213.2	1.78	92.2	7.79	1.17E-7	0.53	95.3	4.71	4.01E-8
213.2	223.4	234.1	1.37	94.0	6.01	6.75E-8	0.49	95.8	4.18	2.79E-8
234.1	245.2	256.9	1.01	95.4	4.64	3.75E-8	0.43	96.3	3.69	1.86E-8
256.9	269.2	282.1	0.68	96.4	3.64	1.93E-8	0.35	96.7	3.26	1.13E-8
282.1	295.5	309.6	0.42	97.0	2.95	8.86E-9	0.26	97.1	2.92	6.34E-9
309.6	324.4	339.9	0.23	97.5	2.54	3.78E-9	0.20	97.3	2.66	3.68E-9
339.9	356.1	373.1	0.15	97.7	2.30	1.86E-9	0.18	97.5	2.46	2.6E-9
373.1	390.9	409.6	0.15	97.8	2.15	1.41E-9	0.22	97.7	2.28	2.34E-9
409.6	429.2	449.7	0.21	98.0	2.00	1.47E-9	0.29	97.9	2.06	2.32E-9
449.7	471.1	493.6	0.29	98.2	1.79	1.55E-9	0.36	98.2	1.77	2.17E-9
493.6	517.2	541.9	0.35	98.5	1.49	1.38E-9	0.39	98.6	1.41	1.78E-9
541.9	567.7	594.9	0.34	98.9	1.14	1.02E-9	0.37	99.0	1.03	1.29E-9
594.9	623.3	653.0	0.28	99.2	0.81	6.43E-10	0.32	99.3	0.65	8.32E-10
653.0	684.2	716.8	0.21	99.5	0.52	3.69E-10	0.21	99.7	0.34	4.2E-10
716.8	751.1	786.9	0.16	99.7	0.31	2.02E-10	0.10	99.9	0.13	1.52E-10
786.9	824.5	863.9	0.096	99.8	0.15	9.44E-11	0.023	99.97	0.025	2.6E-11
863.9	905.1	948.3	0.046	99.9	0.057	3.39E-11	0.0023	99.998	0.0023	1.97E-12
948.3	993.6	1041	0.010	99.99	0.012	5.88E-12	0	100	0	0
1041	1091	1143	0.0011	99.999	0.0011	4.71E-13	0	100	0	0
1143	1197	1255	0	100	0	0	0	100	0	0
1255	1314	1377	0	100	0	0	0	100	0	0
1377	1443	1512	0	100	0	0	0	100	0	0
1512	1584	1660	0	100	0	0	0	100	0	0
1660	1739	1822	0	100	0	0	0	100	0	0
1822	1909	2000	0	100	0	0	0	100	0	0
2000				100	0			100	0	

