LS	09/11/2022 14:03									
File name:	IODP_STV0125-12_01.$ls									
File ID:	IODP									
Sample ID:	STV0125-127									
Operator:	RG									
Bar code:										
Comment 1:										
Comment 2:										
Instrument:	"LS 230, VSM Plus"									
Run number:	1									
Start time:	09/11/2022 14:02									
Run length:	62									
Optical model:	Fraunhofer.rfd   PIDS included									
Obscuration:	11									
PIDS Obscur:	47									
Obscuration:	OK									
Serial Number:	7205									
										
From	0.04									
To	2000									
Volume 	100									
Mean:	102.3									
Median:	78.44									
"D(0,0):"	0.119									
Mean/Median ratio:	1.304									
Mode:	140.1									
S.D.:	100.2									
Variance:	10045									
C.V.:	97.95									
Skewness:	2.233									
Kurtosis:	8.089									
d10:	8.896									
d50:	78.44									
d90:	216.5									
Specific Surf. Area:	4778									
										
% <	Size 									
10	8.9									
25	28.5									
50	78.4									
75	147									
90	216									
										
% >	Size 									
10	216									
25	147									
50	78.4									
75	28.5									
90	8.9									
										
Size 	% <									
1	1.41									
10	10.9									
100	58.8									
1000	100									
										
Size 	% >									
1	98.6									
10	89.1									
100	41.2									
1000	0.00011									
										
Particle	IODP_STV012	Volume	Volume							
Diameter	5-12_01.$ls	% >	%							
um	Volume									
	% <									
0.4	0.42	99.6	0.14							
0.488	0.56	99.4	0.34							
0.69	0.89	99.1	0.48							
0.98	1.38	98.6	0.64							
1.38	2.02	98	0.85							
1.95	2.87	97.1	1.07							
2.76	3.94	96.1	1.33							
3.91	5.27	94.7	1.65							
5.52	6.92	93.1	2.12							
7.81	9.04	91	2.79							
11.05	11.8	88.2	3.75							
15.63	15.6	84.4	5							
22.1	20.6	79.4	6.2							
31.3	26.8	73.2	7.15							
44.2	33.9	66.1	8.96							
62.5	42.9	57.1	11.3							
88.4	54.2	45.8	13.9							
125	68	32	14.9							
177	82.9	17.1	10.8							
250	93.7	6.31	3.91							
354	97.6	2.4	1.18							
500	98.8	1.22	1.07							
707	99.9	0.14	0.14							
1000	100	0.00011	0.00011							
1414	100	0	0							
2000	100	0	0							
2828	100	0	0							
4000	100	0								
										
Channel	Channel	Channel	5-12_01.$ls	Cum. <	Cum. >	Diff.				
Diameter	Diameter	Diameter	Diff.	Volume	Volume	Number				
(Lower)	(Center)	(Upper)	Volume	%	%	%				
um	um	um	%							
0.04	0.042	0.044	0.0001	0	100	1.41				
0.044	0.046	0.048	0.00014	0.0001	100	1.45				
0.048	0.05	0.053	0.00024	0.00025	100	1.83				
0.053	0.055	0.058	0.00048	0.00049	100	2.79				
0.058	0.061	0.064	0.00099	0.00097	99.999	4.36				
0.064	0.067	0.07	0.0018	0.002	99.998	6.14				
0.07	0.073	0.077	0.0029	0.0038	99.996	7.31				
0.077	0.08	0.084	0.004	0.0067	99.99	7.66				
0.084	0.088	0.093	0.0052	0.011	99.99	7.49				
0.093	0.097	0.102	0.0066	0.016	99.98	7.15				
0.102	0.106	0.112	0.0082	0.023	99.98	6.69				
0.112	0.117	0.122	0.0098	0.031	99.97	6.08				
0.122	0.128	0.134	0.012	0.041	99.96	5.4				
0.134	0.141	0.148	0.013	0.052	99.9	4.75				
0.148	0.155	0.162	0.016	0.066	99.9	4.16				
0.162	0.17	0.178	0.018	0.081	99.9	3.62				
0.178	0.186	0.195	0.021	0.099	99.9	3.14				
0.195	0.205	0.214	0.024	0.12	99.9	2.73				
0.214	0.225	0.235	0.027	0.14	99.9	2.37				
0.235	0.247	0.258	0.031	0.17	99.8	2.06				
0.258	0.271	0.284	0.036	0.2	99.8	1.79				
0.284	0.297	0.311	0.041	0.24	99.8	1.54				
0.311	0.326	0.342	0.046	0.28	99.7	1.31				
0.342	0.358	0.375	0.052	0.32	99.7	1.12				
0.375	0.393	0.412	0.058	0.38	99.6	0.94				
0.412	0.431	0.452	0.065	0.43	99.6	0.8				
0.452	0.474	0.496	0.072	0.5	99.5	0.67				
0.496	0.52	0.545	0.08	0.57	99.4	0.56				
0.545	0.571	0.598	0.088	0.65	99.3	0.47				
0.598	0.627	0.656	0.098	0.74	99.3	0.39				
0.656	0.688	0.721	0.11	0.84	99.2	0.33				
0.721	0.755	0.791	0.12	0.94	99.1	0.27				
0.791	0.829	0.868	0.13	1.06	98.9	0.22				
0.868	0.91	0.953	0.14	1.19	98.8	0.19				
0.953	0.999	1.047	0.15	1.33	98.7	0.15				
1.047	1.097	1.149	0.17	1.49	98.5	0.13				
1.149	1.204	1.261	0.18	1.65	98.3	0.1				
1.261	1.321	1.385	0.19	1.83	98.2	0.083				
1.385	1.451	1.52	0.21	2.03	98	0.068				
1.52	1.592	1.668	0.22	2.24	97.8	0.055				
1.668	1.748	1.832	0.24	2.46	97.5	0.044				
1.832	1.919	2.011	0.26	2.7	97.3	0.036				
2.011	2.107	2.207	0.27	2.96	97	0.029				
2.207	2.313	2.423	0.29	3.23	96.8	0.023				
2.423	2.539	2.66	0.3	3.52	96.5	0.018				
2.66	2.787	2.92	0.32	3.82	96.2	0.015				
2.92	3.059	3.205	0.34	4.14	95.9	0.012				
3.205	3.358	3.519	0.36	4.48	95.5	0.0094				
3.519	3.687	3.863	0.38	4.84	95.2	0.0075				
3.863	4.047	4.24	0.41	5.22	94.8	0.006				
4.24	4.443	4.655	0.43	5.63	94.4	0.0049				
4.655	4.877	5.11	0.46	6.06	93.9	0.0039				
5.11	5.354	5.61	0.49	6.52	93.5	0.0032				
5.61	5.878	6.158	0.52	7.01	93	0.0026				
6.158	6.452	6.76	0.56	7.53	92.5	0.0021				
6.76	7.083	7.421	0.6	8.09	91.9	0.0017				
7.421	7.775	8.147	0.65	8.7	91.3	0.0014				
8.147	8.536	8.943	0.7	9.34	90.7	0.0011				
8.943	9.37	9.817	0.75	10	90	0.0009				
9.817	10.29	10.78	0.81	10.8	89.2	0.00074				
10.78	11.29	11.83	0.88	11.6	88.4	0.0006				
11.83	12.4	12.99	0.95	12.5	87.5	0.0005				
12.99	13.61	14.26	1.04	13.4	86.6	0.00041				
14.26	14.94	15.65	1.12	14.5	85.5	0.00033				
15.65	16.4	17.18	1.22	15.6	84.4	0.00027				
17.18	18	18.86	1.31	16.8	83.2	0.00022				
18.86	19.76	20.7	1.41	18.1	81.9	0.00018				
20.7	21.69	22.73	1.51	19.5	80.5	0.00015				
22.73	23.81	24.95	1.59	21	79	0.00012				
24.95	26.14	27.39	1.67	22.6	77.4	0.000092				
27.39	28.7	30.07	1.73	24.3	75.7	0.000072				
30.07	31.5	33.01	1.79	26	74	0.000057				
33.01	34.58	36.24	1.85	27.8	72.2	0.000044				
36.24	37.97	39.78	1.94	29.7	70.3	0.000035				
39.78	41.68	43.67	2.04	31.6	68.4	0.000028				
43.67	45.75	47.94	2.18	33.7	66.3	0.000022				
47.94	50.22	52.62	2.33	35.8	64.2	0.000018				
52.62	55.13	57.77	2.49	38.2	61.8	0.000015				
57.77	60.52	63.41	2.66	40.7	59.3	0.000012				
63.41	66.44	69.61	2.82	43.3	56.7	0.00001				
69.61	72.94	76.42	3	46.1	53.9	0.000008				
76.42	80.07	83.89	3.18	49.1	50.9	0.000006				
83.89	87.9	92.09	3.37	52.3	47.7	0.000005				
92.09	96.49	101.1	3.58	55.7	44.3	0.000004				
101.1	105.9	111	3.77	59.3	40.7	0.000003				
111	116.3	121.8	3.93	63	37	0.000002				
121.8	127.6	133.7	4.04	67	33	0.000002				
133.7	140.1	146.8	4.06	71	29	0.000001				
146.8	153.8	161.2	4	75.1	24.9	0.000001				
161.2	168.9	176.9	3.83	79.1	20.9	0.000001				
176.9	185.4	194.2	3.54	82.9	17.1	0.000001				
194.2	203.5	213.2	3.15	86.4	13.6	3.69E-07				
213.2	223.4	234.1	2.65	89.6	10.4	2.35E-07				
234.1	245.2	256.9	2.09	92.2	7.76	1.40E-07				
256.9	269.2	282.1	1.51	94.3	5.68	7.65E-08				
282.1	295.5	309.6	0.99	95.8	4.17	3.81E-08				
309.6	324.4	339.9	0.61	96.8	3.17	1.76E-08				
339.9	356.1	373.1	0.38	97.4	2.56	8.38E-09				
373.1	390.9	409.6	0.29	97.8	2.18	4.84E-09				
409.6	429.2	449.7	0.29	98.1	1.89	3.65E-09				
449.7	471.1	493.6	0.33	98.4	1.6	3.14E-09				
493.6	517.2	541.9	0.36	98.7	1.26	2.58E-09				
541.9	567.7	594.9	0.34	99.1	0.9	1.85E-09				
594.9	623.3	653	0.27	99.4	0.56	1.11E-09				
653	684.2	716.8	0.17	99.7	0.29	5.39E-10				
716.8	751.1	786.9	0.084	99.9	0.11	1.96E-10				
786.9	824.5	863.9	0.027	99.97	0.031	4.69E-11				
863.9	905.1	948.3	0.0043	99.995	0.0045	5.70E-12				
948.3	993.6	1041	0.00025	100	0.00025	2.51E-13				
1041	1091	1143	0	100	0	0				
1143	1197	1255	0	100	0	0				
1255	1314	1377	0	100	0	0				
1377	1443	1512	0	100	0	0				
1512	1584	1660	0	100	0	0				
1660	1739	1822	0	100	0	0				
1822	1909	2000	0	100	0	0				
2000				100	0					