LS	2022-11-09  15:11
File name:	IODP_STV0166-16_01.$ls
File ID:	IODP
Sample ID:	STV0166-167
Operator:	RG
Bar code:	
Comment 1:	
Comment 2:	
Instrument:	LS 230, VSM Plus
Run number:	1
Start time:	2022-11-09  15:10
Run length:	62
Optical model:	Fraunhofer.rfd   PIDS included
Obscuration:	10
PIDS Obscur:	36
Obscuration:	OK
Serial Number:	7205

From	0.0400
To	2000
Volume 	100
Mean:	68.56
Median:	51.52
D(0,0):	0.108
Mean/Median ratio:	1.331
Mode:	66.44
S.D.:	82.75
Variance:	6848
C.V.:	120.7
Skewness:	4.217
Kurtosis:	23.21
d10:	8.596
d50:	51.52
d90:	121.5
Specific Surf. Area:	5486

% <	Size 
10	8.60
25	25.7
50	51.5
75	82.2
90	122

% >	Size 
10	122
25	82.2
50	51.5
75	25.7
90	8.60

Size 	% <
1	1.54
10	11.2
100	83.9
1000	100

Size 	% >
1	98.5
10	88.8
100	16.1
1000	0

Particle	IODP_STV016	Volume	Volume	IODP_STV001	Volume	Volume	IODP_STV001	Volume	Volume	IODP_STV001	Volume	Volume
Diameter	6-16_01.$ls	% >	%	5-16_01.$ls	% >	%	5-16_04.$ls	% >	%	5-16_02.$ls	% >	%
um	Volume			Volume			Volume			Volume		
	% <			% <			% <			% <		
0.4	0.53	99.5	0.15	0.56	99.4	0.15	0.58	99.4	0.15	0.58	99.4	0.15
0.488	0.68	99.3	0.35	0.70	99.3	0.33	0.73	99.3	0.32	0.73	99.3	0.34
0.69	1.03	99.0	0.48	1.03	99.0	0.45	1.05	98.9	0.44	1.07	98.9	0.47
0.98	1.51	98.5	0.64	1.48	98.5	0.58	1.49	98.5	0.57	1.53	98.5	0.61
1.38	2.15	97.9	0.84	2.06	97.9	0.77	2.07	97.9	0.76	2.14	97.9	0.81
1.95	2.99	97.0	1.09	2.83	97.2	0.98	2.82	97.2	0.98	2.95	97.0	1.04
2.76	4.08	95.9	1.37	3.80	96.2	1.23	3.80	96.2	1.24	3.99	96.0	1.32
3.91	5.45	94.5	1.70	5.03	95.0	1.54	5.04	95.0	1.56	5.31	94.7	1.65
5.52	7.15	92.9	2.16	6.57	93.4	2.01	6.60	93.4	2.05	6.96	93.0	2.14
7.81	9.30	90.7	2.80	8.57	91.4	2.71	8.64	91.4	2.78	9.10	90.9	2.85
11.05	12.1	87.9	3.85	11.3	88.7	3.91	11.4	88.6	4.07	11.9	88.1	4.05
15.63	16.0	84.0	5.69	15.2	84.8	6.04	15.5	84.5	6.35	16.0	84.0	6.19
22.1	21.6	78.4	8.63	21.2	78.8	8.99	21.8	78.2	9.46	22.2	77.8	9.10
31.3	30.3	69.7	12.6	30.2	69.8	11.3	31.3	68.7	11.9	31.3	68.7	11.4
44.2	42.8	57.2	17.4	41.6	58.4	12.2	43.2	56.8	12.6	42.7	57.3	12.0
62.5	60.2	39.8	18.3	53.7	46.3	11.0	55.8	44.2	11.2	54.7	45.3	10.6
88.4	78.5	21.5	12.1	64.8	35.2	9.48	67.0	33.0	8.91	65.3	34.7	9.09
125	90.6	9.42	4.50	74.2	25.8	9.70	75.9	24.1	8.37	74.4	25.6	9.42
177	95.1	4.92	1.82	84.0	16.0	9.11	84.3	15.7	8.53	83.8	16.2	9.19
250	96.9	3.11	1.08	93.1	6.93	3.46	92.8	7.21	3.52	93.0	7.02	3.67
354	98.0	2.03	0.93	96.5	3.48	1.38	96.3	3.69	1.86	96.6	3.36	1.49
500	98.9	1.09	0.97	97.9	2.10	1.82	98.2	1.83	1.81	98.1	1.87	1.65
707	99.9	0.12	0.12	99.7	0.28	0.28	99.98	0.024	0.024	99.8	0.22	0.22
1000	100	0	0	100	0	0	100	0	0	100	0	0
1414	100	0	0	100	0	0	100	0	0	100	0	0
2000	100	0	0	100	0	0	100	0	0	100	0	0
2828	100	0	0	100	0	0	100	0	0	100	0	0
4000	100	0		100	0		100	0		100	0	

			IODP_STV016				IODP_STV001				IODP_STV001				IODP_STV001			
Channel	Channel	Channel	6-16_01.$ls	Cum. <	Cum. >	Diff.	5-16_01.$ls	Cum. <	Cum. >	Diff.	5-16_04.$ls	Cum. <	Cum. >	Diff.	5-16_02.$ls	Cum. <	Cum. >	Diff.
Diameter	Diameter	Diameter	Diff.	Volume	Volume	Number	Diff.	Volume	Volume	Number	Diff.	Volume	Volume	Number	Diff.	Volume	Volume	Number
(Lower)	(Center)	(Upper)	Volume	%	%	%	Volume	%	%	%	Volume	%	%	%	Volume	%	%	%
um	um	um	%				%				%				%			
0.040	0.042	0.044	0.00020	0	100	1.72	0.00025	0	100	1.83	0.00027	0	100	1.84	0.00025	0	100	1.83
0.044	0.046	0.048	0.00027	0.00020	100	1.75	0.00033	0.00025	100	1.86	0.00037	0.00027	100	1.91	0.00034	0.00025	100	1.86
0.048	0.050	0.053	0.00045	0.00047	100	2.17	0.00054	0.00058	99.999	2.31	0.00062	0.00064	99.999	2.41	0.00056	0.00060	99.999	2.30
0.053	0.055	0.058	0.00091	0.00092	99.999	3.35	0.0011	0.0011	99.999	3.58	0.0013	0.0013	99.999	3.81	0.0011	0.0012	99.999	3.55
0.058	0.061	0.064	0.0019	0.0018	99.998	5.26	0.0023	0.0022	99.998	5.62	0.0027	0.0026	99.997	5.97	0.0024	0.0023	99.998	5.59
0.064	0.067	0.070	0.0035	0.0037	99.996	7.32	0.0042	0.0045	99.995	7.77	0.0048	0.0052	99.99	8.13	0.0044	0.0047	99.995	7.74
0.070	0.073	0.077	0.0053	0.0072	99.99	8.42	0.0064	0.0088	99.99	8.82	0.0071	0.010	99.99	9.03	0.0066	0.0090	99.99	8.82
0.077	0.080	0.084	0.0071	0.012	99.99	8.51	0.0084	0.015	99.98	8.80	0.0093	0.017	99.98	8.89	0.0087	0.016	99.98	8.81
0.084	0.088	0.093	0.0089	0.020	99.98	8.07	0.010	0.024	99.98	8.27	0.011	0.026	99.97	8.29	0.011	0.024	99.98	8.28
0.093	0.097	0.102	0.011	0.028	99.97	7.49	0.013	0.034	99.97	7.60	0.014	0.038	99.96	7.59	0.013	0.035	99.96	7.61
0.102	0.106	0.112	0.013	0.039	99.96	6.79	0.015	0.047	99.95	6.81	0.016	0.052	99.9	6.75	0.016	0.048	99.95	6.82
0.112	0.117	0.122	0.015	0.052	99.9	5.99	0.017	0.062	99.9	5.94	0.019	0.068	99.9	5.85	0.018	0.064	99.9	5.95
0.122	0.128	0.134	0.017	0.068	99.9	5.19	0.020	0.079	99.9	5.10	0.021	0.087	99.9	5.00	0.020	0.082	99.9	5.10
0.134	0.141	0.148	0.020	0.085	99.9	4.45	0.022	0.099	99.9	4.32	0.024	0.11	99.9	4.22	0.023	0.10	99.9	4.33
0.148	0.155	0.162	0.022	0.10	99.9	3.78	0.025	0.12	99.9	3.63	0.026	0.13	99.9	3.53	0.025	0.12	99.9	3.64
0.162	0.170	0.178	0.025	0.13	99.9	3.20	0.027	0.15	99.9	3.04	0.029	0.16	99.8	2.94	0.028	0.15	99.8	3.04
0.178	0.186	0.195	0.028	0.15	99.8	2.70	0.030	0.17	99.8	2.53	0.032	0.19	99.8	2.44	0.031	0.18	99.8	2.53
0.195	0.205	0.214	0.031	0.18	99.8	2.28	0.033	0.20	99.8	2.11	0.035	0.22	99.8	2.02	0.034	0.21	99.8	2.11
0.214	0.225	0.235	0.035	0.21	99.8	1.92	0.036	0.24	99.8	1.76	0.038	0.25	99.7	1.67	0.038	0.24	99.8	1.76
0.235	0.247	0.258	0.039	0.25	99.8	1.62	0.040	0.27	99.7	1.46	0.041	0.29	99.7	1.38	0.041	0.28	99.7	1.46
0.258	0.271	0.284	0.043	0.28	99.7	1.36	0.044	0.31	99.7	1.21	0.045	0.33	99.7	1.14	0.046	0.32	99.7	1.22
0.284	0.297	0.311	0.048	0.33	99.7	1.15	0.048	0.36	99.6	1.01	0.049	0.38	99.6	0.94	0.050	0.37	99.6	1.01
0.311	0.326	0.342	0.053	0.38	99.6	0.96	0.053	0.40	99.6	0.83	0.053	0.43	99.6	0.77	0.055	0.42	99.6	0.83
0.342	0.358	0.375	0.058	0.43	99.6	0.80	0.057	0.46	99.5	0.68	0.058	0.48	99.5	0.63	0.059	0.47	99.5	0.69
0.375	0.393	0.412	0.064	0.49	99.5	0.66	0.062	0.51	99.5	0.56	0.063	0.54	99.5	0.52	0.065	0.53	99.5	0.56
0.412	0.431	0.452	0.070	0.55	99.5	0.55	0.068	0.58	99.4	0.46	0.068	0.60	99.4	0.42	0.070	0.60	99.4	0.46
0.452	0.474	0.496	0.077	0.62	99.4	0.45	0.074	0.64	99.4	0.38	0.074	0.67	99.3	0.35	0.076	0.67	99.3	0.38
0.496	0.520	0.545	0.084	0.70	99.3	0.37	0.080	0.72	99.3	0.31	0.080	0.74	99.3	0.28	0.083	0.74	99.3	0.31
0.545	0.571	0.598	0.092	0.78	99.2	0.31	0.087	0.80	99.2	0.26	0.086	0.82	99.2	0.23	0.090	0.83	99.2	0.26
0.598	0.627	0.656	0.100	0.87	99.1	0.25	0.094	0.88	99.1	0.21	0.093	0.91	99.1	0.19	0.097	0.92	99.1	0.21
0.656	0.688	0.721	0.11	0.97	99.0	0.21	0.10	0.98	99.0	0.17	0.10	1.00	99.0	0.15	0.11	1.01	99.0	0.17
0.721	0.755	0.791	0.12	1.08	98.9	0.17	0.11	1.08	98.9	0.14	0.11	1.10	98.9	0.13	0.11	1.12	98.9	0.14
0.791	0.829	0.868	0.13	1.20	98.8	0.14	0.12	1.19	98.8	0.11	0.12	1.21	98.8	0.10	0.12	1.23	98.8	0.12
0.868	0.910	0.953	0.14	1.33	98.7	0.12	0.13	1.31	98.7	0.094	0.13	1.33	98.7	0.085	0.13	1.36	98.6	0.094
0.953	0.999	1.047	0.15	1.47	98.5	0.096	0.14	1.44	98.6	0.077	0.14	1.45	98.5	0.069	0.15	1.49	98.5	0.077
1.047	1.097	1.149	0.16	1.62	98.4	0.078	0.15	1.58	98.4	0.063	0.15	1.59	98.4	0.056	0.16	1.64	98.4	0.063
1.149	1.204	1.261	0.18	1.78	98.2	0.064	0.16	1.73	98.3	0.051	0.16	1.74	98.3	0.046	0.17	1.79	98.2	0.052
1.261	1.321	1.385	0.19	1.96	98.0	0.052	0.18	1.89	98.1	0.042	0.17	1.90	98.1	0.038	0.18	1.96	98.0	0.042
1.385	1.451	1.520	0.21	2.15	97.8	0.043	0.19	2.07	97.9	0.034	0.19	2.07	97.9	0.031	0.20	2.15	97.9	0.034
1.520	1.592	1.668	0.22	2.36	97.6	0.035	0.20	2.26	97.7	0.027	0.20	2.26	97.7	0.025	0.21	2.35	97.7	0.028
1.668	1.748	1.832	0.24	2.58	97.4	0.028	0.22	2.46	97.5	0.022	0.21	2.46	97.5	0.020	0.23	2.56	97.4	0.023
1.832	1.919	2.011	0.26	2.82	97.2	0.023	0.23	2.67	97.3	0.018	0.23	2.67	97.3	0.016	0.24	2.79	97.2	0.018
2.011	2.107	2.207	0.27	3.08	96.9	0.018	0.25	2.90	97.1	0.014	0.25	2.90	97.1	0.013	0.26	3.03	97.0	0.015
2.207	2.313	2.423	0.29	3.35	96.6	0.015	0.26	3.15	96.8	0.012	0.26	3.15	96.9	0.011	0.28	3.30	96.7	0.012
2.423	2.539	2.660	0.31	3.64	96.4	0.012	0.28	3.41	96.6	0.0093	0.28	3.41	96.6	0.0085	0.30	3.57	96.4	0.0096
2.660	2.787	2.920	0.33	3.95	96.0	0.0096	0.29	3.69	96.3	0.0075	0.30	3.69	96.3	0.0069	0.32	3.87	96.1	0.0077
2.920	3.059	3.205	0.35	4.28	95.7	0.0077	0.31	3.98	96.0	0.0060	0.32	3.98	96.0	0.0055	0.34	4.19	95.8	0.0062
3.205	3.358	3.519	0.37	4.63	95.4	0.0062	0.33	4.30	95.7	0.0048	0.34	4.30	95.7	0.0044	0.36	4.52	95.5	0.0050
3.519	3.687	3.863	0.39	5.00	95.0	0.0049	0.35	4.63	95.4	0.0039	0.36	4.63	95.4	0.0036	0.38	4.88	95.1	0.0040
3.863	4.047	4.240	0.42	5.40	94.6	0.0040	0.38	4.98	95.0	0.0031	0.38	4.99	95.0	0.0029	0.40	5.26	94.7	0.0032
4.240	4.443	4.655	0.44	5.82	94.2	0.0032	0.40	5.36	94.6	0.0025	0.41	5.37	94.6	0.0023	0.43	5.67	94.3	0.0026
4.655	4.877	5.110	0.47	6.26	93.7	0.0026	0.43	5.76	94.2	0.0020	0.43	5.78	94.2	0.0019	0.46	6.10	93.9	0.0021
5.110	5.354	5.610	0.50	6.74	93.3	0.0021	0.46	6.19	93.8	0.0016	0.47	6.21	93.8	0.0015	0.49	6.56	93.4	0.0017
5.610	5.878	6.158	0.54	7.24	92.8	0.0017	0.49	6.65	93.4	0.0013	0.50	6.68	93.3	0.0012	0.53	7.05	92.9	0.0014
6.158	6.452	6.760	0.57	7.77	92.2	0.0013	0.53	7.14	92.9	0.0011	0.54	7.18	92.8	0.0010	0.57	7.58	92.4	0.0011
6.760	7.083	7.421	0.61	8.34	91.7	0.0011	0.57	7.67	92.3	0.00088	0.58	7.72	92.3	0.00082	0.61	8.14	91.9	0.00090
7.421	7.775	8.147	0.65	8.95	91.0	0.00087	0.62	8.24	91.8	0.00072	0.63	8.30	91.7	0.00067	0.65	8.75	91.2	0.00074
8.147	8.536	8.943	0.70	9.61	90.4	0.00071	0.67	8.86	91.1	0.00059	0.69	8.93	91.1	0.00055	0.71	9.40	90.6	0.00060
8.943	9.370	9.817	0.75	10.3	89.7	0.00057	0.73	9.53	90.5	0.00048	0.75	9.62	90.4	0.00046	0.77	10.1	89.9	0.00049
9.817	10.29	10.78	0.81	11.1	88.9	0.00047	0.80	10.3	89.7	0.00040	0.82	10.4	89.6	0.00038	0.83	10.9	89.1	0.00041
10.78	11.29	11.83	0.89	11.9	88.1	0.00039	0.88	11.1	88.9	0.00033	0.91	11.2	88.8	0.00032	0.92	11.7	88.3	0.00034
11.83	12.40	12.99	0.97	12.8	87.2	0.00032	0.97	11.9	88.1	0.00028	1.01	12.1	87.9	0.00027	1.01	12.6	87.4	0.00028
12.99	13.61	14.26	1.07	13.7	86.3	0.00027	1.09	12.9	87.1	0.00024	1.13	13.1	86.9	0.00022	1.12	13.6	86.4	0.00024
14.26	14.94	15.65	1.18	14.8	85.2	0.00022	1.22	14.0	86.0	0.00020	1.27	14.2	85.8	0.00019	1.26	14.8	85.2	0.00020
15.65	16.40	17.18	1.31	16.0	84.0	0.00019	1.37	15.2	84.8	0.00017	1.44	15.5	84.5	0.00016	1.41	16.0	84.0	0.00017
17.18	18.00	18.86	1.46	17.3	82.7	0.00016	1.55	16.6	83.4	0.00015	1.63	16.9	83.1	0.00014	1.59	17.4	82.6	0.00014
18.86	19.76	20.70	1.64	18.7	81.3	0.00013	1.75	18.1	81.9	0.00012	1.84	18.6	81.4	0.00012	1.79	19.0	81.0	0.00012
20.70	21.69	22.73	1.83	20.4	79.6	0.00011	1.96	19.9	80.1	0.00011	2.07	20.4	79.6	0.00010	2.00	20.8	79.2	0.00010
22.73	23.81	24.95	2.05	22.2	77.8	0.000095	2.19	21.8	78.2	0.000089	2.30	22.5	77.5	0.000085	2.22	22.8	77.2	0.000087
24.95	26.14	27.39	2.29	24.3	75.7	0.000080	2.41	24.0	76.0	0.000074	2.53	24.8	75.2	0.000071	2.44	25.0	75.0	0.000072
27.39	28.70	30.07	2.54	26.5	73.5	0.000067	2.61	26.4	73.6	0.000061	2.75	27.3	72.7	0.000058	2.64	27.5	72.5	0.000059
30.07	31.50	33.01	2.82	29.1	70.9	0.000057	2.80	29.0	71.0	0.000049	2.95	30.1	69.9	0.000047	2.82	30.1	69.9	0.000048
33.01	34.58	36.24	3.12	31.9	68.1	0.000047	2.97	31.9	68.1	0.000039	3.12	33.0	67.0	0.000038	2.99	32.9	67.1	0.000038
36.24	37.97	39.78	3.46	35.0	65.0	0.000040	3.11	34.8	65.2	0.000031	3.25	36.1	63.9	0.000030	3.12	35.9	64.1	0.000030
39.78	41.68	43.67	3.82	38.5	61.5	0.000033	3.22	37.9	62.1	0.000024	3.36	39.4	60.6	0.000023	3.21	39.0	61.0	0.000024
43.67	45.75	47.94	4.20	42.3	57.7	0.000028	3.29	41.2	58.8	0.000019	3.42	42.7	57.3	0.000018	3.27	42.2	57.8	0.000018
47.94	50.22	52.62	4.56	46.5	53.5	0.000023	3.31	44.4	55.6	0.000014	3.43	46.2	53.8	0.000014	3.28	45.5	54.5	0.000014
52.62	55.13	57.77	4.87	51.1	48.9	0.000018	3.29	47.8	52.2	0.000011	3.40	49.6	50.4	0.000010	3.23	48.8	51.2	0.000010
57.77	60.52	63.41	5.08	55.9	44.1	0.000014	3.23	51.0	49.0	0.000008	3.32	53.0	47.0	0.000007	3.14	52.0	48.0	0.000008
63.41	66.44	69.61	5.16	61.0	39.0	0.000011	3.13	54.3	45.7	0.000006	3.20	56.3	43.7	0.000005	3.02	55.2	44.8	0.000005
69.61	72.94	76.42	5.08	66.2	33.8	0.000008	3.00	57.4	42.6	0.000004	3.06	59.5	40.5	0.000004	2.89	58.2	41.8	0.000004
76.42	80.07	83.89	4.82	71.3	28.7	0.000006	2.87	60.4	39.6	0.000003	2.91	62.6	37.4	0.000003	2.75	61.1	38.9	0.000003
83.89	87.90	92.09	4.40	76.1	23.9	0.000004	2.74	63.3	36.7	0.000002	2.73	65.5	34.5	0.000002	2.62	63.8	36.2	0.000002
92.09	96.49	101.1	3.84	80.5	19.5	0.000003	2.62	66.0	34.0	0.000002	2.55	68.2	31.8	0.000001	2.51	66.5	33.5	0.000001
101.1	105.9	111.0	3.20	84.3	15.7	0.000002	2.52	68.6	31.4	0.000001	2.36	70.8	29.2	0.000001	2.41	69.0	31.0	0.000001
111.0	116.3	121.8	2.54	87.5	12.5	0.000001	2.46	71.1	28.9	0.000001	2.21	73.1	26.9	0.000001	2.36	71.4	28.6	0.000001
121.8	127.6	133.7	1.91	90.1	9.93	0.000001	2.46	73.6	26.4	0.000001	2.13	75.3	24.7	0.000001	2.36	73.7	26.3	0.000001
133.7	140.1	146.8	1.38	92.0	8.02	3.16E-7	2.52	76.1	23.9	0.000001	2.14	77.5	22.5	3.91E-7	2.43	76.1	23.9	4.68E-7
146.8	153.8	161.2	0.99	93.4	6.64	1.7E-7	2.63	78.6	21.4	3.96E-7	2.25	79.6	20.4	3.1E-7	2.55	78.5	21.5	3.72E-7
161.2	168.9	176.9	0.72	94.4	5.65	9.44E-8	2.74	81.2	18.8	3.11E-7	2.40	81.9	18.1	2.5E-7	2.69	81.1	18.9	2.96E-7
176.9	185.4	194.2	0.57	95.1	4.92	5.65E-8	2.77	83.9	16.1	2.38E-7	2.51	84.3	15.7	1.97E-7	2.76	83.8	16.2	2.29E-7
194.2	203.5	213.2	0.50	95.6	4.35	3.71E-8	2.66	86.7	13.3	1.73E-7	2.48	86.8	13.2	1.47E-7	2.68	86.5	13.5	1.68E-7
213.2	223.4	234.1	0.46	96.1	3.85	2.58E-8	2.37	89.4	10.6	1.16E-7	2.26	89.2	10.8	1.02E-7	2.41	89.2	10.8	1.14E-7
234.1	245.2	256.9	0.42	96.6	3.40	1.77E-8	1.91	91.7	8.26	7.08E-8	1.86	91.5	8.51	6.34E-8	1.96	91.6	8.39	7.03E-8
256.9	269.2	282.1	0.36	97.0	2.98	1.14E-8	1.37	93.6	6.35	3.83E-8	1.36	93.4	6.64	3.5E-8	1.42	93.6	6.43	3.86E-8
282.1	295.5	309.6	0.28	97.4	2.63	6.92E-9	0.86	95.0	4.99	1.83E-8	0.89	94.7	5.28	1.72E-8	0.92	95.0	5.01	1.89E-8
309.6	324.4	339.9	0.23	97.7	2.34	4.18E-9	0.51	95.9	4.13	8.15E-9	0.54	95.6	4.39	7.99E-9	0.57	95.9	4.09	8.78E-9
339.9	356.1	373.1	0.20	97.9	2.11	2.83E-9	0.33	96.4	3.62	4.02E-9	0.38	96.2	3.85	4.2E-9	0.38	96.5	3.52	4.49E-9
373.1	390.9	409.6	0.22	98.1	1.91	2.28E-9	0.30	96.7	3.29	2.73E-9	0.37	96.5	3.47	3.14E-9	0.34	96.9	3.14	3.02E-9
409.6	429.2	449.7	0.26	98.3	1.69	2.04E-9	0.36	97.0	2.99	2.49E-9	0.49	96.9	3.10	3.09E-9	0.39	97.2	2.80	2.6E-9
449.7	471.1	493.6	0.30	98.6	1.44	1.8E-9	0.46	97.4	2.63	2.41E-9	0.67	97.4	2.61	3.21E-9	0.47	97.6	2.41	2.37E-9
493.6	517.2	541.9	0.32	98.9	1.14	1.44E-9	0.54	97.8	2.17	2.12E-9	0.80	98.1	1.94	2.88E-9	0.52	98.1	1.94	2E-9
541.9	567.7	594.9	0.30	99.2	0.82	1.03E-9	0.55	98.4	1.63	1.65E-9	0.67	98.9	1.14	1.83E-9	0.51	98.6	1.42	1.48E-9
594.9	623.3	653.0	0.25	99.5	0.52	6.57E-10	0.50	98.9	1.08	1.14E-9	0.37	99.5	0.47	7.68E-10	0.44	99.1	0.91	9.65E-10
653.0	684.2	716.8	0.17	99.7	0.27	3.27E-10	0.35	99.4	0.58	6.07E-10	0.092	99.9	0.10	1.44E-10	0.29	99.5	0.47	4.85E-10
716.8	751.1	786.9	0.079	99.9	0.098	1.17E-10	0.18	99.8	0.22	2.29E-10	0.010	99.99	0.010	1.19E-11	0.14	99.8	0.17	1.72E-10
786.9	824.5	863.9	0.018	99.98	0.019	1.98E-11	0.041	99.95	0.045	4.01E-11	0	100	0	0	0.031	99.97	0.034	2.91E-11
863.9	905.1	948.3	0.0018	99.998	0.0018	1.48E-12	0.0042	99.996	0.0042	3.1E-12	0	100	0	0	0.0030	99.997	0.0030	2.15E-12
948.3	993.6	1041	0	100	0	0	0	100	0	0	0	100	0	0	0	100	0	0
1041	1091	1143	0	100	0	0	0	100	0	0	0	100	0	0	0	100	0	0
1143	1197	1255	0	100	0	0	0	100	0	0	0	100	0	0	0	100	0	0
1255	1314	1377	0	100	0	0	0	100	0	0	0	100	0	0	0	100	0	0
1377	1443	1512	0	100	0	0	0	100	0	0	0	100	0	0	0	100	0	0
1512	1584	1660	0	100	0	0	0	100	0	0	0	100	0	0	0	100	0	0
1660	1739	1822	0	100	0	0	0	100	0	0	0	100	0	0	0	100	0	0
1822	1909	2000	0	100	0	0	0	100	0	0	0	100	0	0	0	100	0	0
2000				100	0			100	0			100	0			100	0	

