LS	2022-11-09  15:24
File name:	IODP_STV0166-16_06.$ls
File ID:	IODP
Sample ID:	STV0166-167
Operator:	RG
Bar code:	
Comment 1:	
Comment 2:	
Instrument:	LS 230, VSM Plus
Run number:	6
Start time:	2022-11-09  15:23
Run length:	62
Optical model:	Fraunhofer.rfd   PIDS included
Obscuration:	11
PIDS Obscur:	34
Obscuration:	OK
Serial Number:	7205

From	0.0400
To	2000
Volume 	100
Mean:	71.95
Median:	50.84
D(0,0):	0.108
Mean/Median ratio:	1.415
Mode:	66.44
S.D.:	94.05
Variance:	8846
C.V.:	130.7
Skewness:	4.056
Kurtosis:	20.10
d10:	7.874
d50:	50.84
d90:	128.8
Specific Surf. Area:	5684

% <	Size 
10	7.87
25	24.4
50	50.8
75	82.9
90	129

% >	Size 
10	129
25	82.9
50	50.8
75	24.4
90	7.87

Size 	% <
1	1.59
10	12.0
100	83.0
1000	100

Size 	% >
1	98.4
10	88.0
100	17.0
1000	0

Particle	IODP_STV016	Volume	Volume
Diameter	6-16_06.$ls	% >	%
um	Volume		
	% <		
0.4	0.55	99.5	0.16
0.488	0.70	99.3	0.36
0.69	1.06	98.9	0.50
0.98	1.56	98.4	0.66
1.38	2.22	97.8	0.90
1.95	3.12	96.9	1.17
2.76	4.29	95.7	1.49
3.91	5.77	94.2	1.84
5.52	7.61	92.4	2.33
7.81	9.94	90.1	2.99
11.05	12.9	87.1	4.06
15.63	17.0	83.0	5.87
22.1	22.9	77.1	8.64
31.3	31.5	68.5	12.2
44.2	43.7	56.3	16.7
62.5	60.4	39.6	17.5
88.4	77.9	22.1	11.5
125	89.4	10.6	4.48
177	93.9	6.10	2.31
250	96.2	3.79	1.14
354	97.4	2.65	1.03
500	98.4	1.62	1.40
707	99.8	0.22	0.22
1000	100	0	0
1414	100	0	0
2000	100	0	0
2828	100	0	0
4000	100	0	

Channel	Channel	Channel	Diff.	Cum. <	Cum. >	Diff.
Diameter	Diameter	Diameter	Volume	Volume	Volume	Number
(Lower)	(Center)	(Upper)	%	%	%	%
um	um	um				
0.040	0.042	0.044	0.00021	0	100	1.72
0.044	0.046	0.048	0.00028	0.00021	100	1.76
0.048	0.050	0.053	0.00046	0.00049	100	2.19
0.053	0.055	0.058	0.00095	0.00096	99.999	3.38
0.058	0.061	0.064	0.0020	0.0019	99.998	5.31
0.064	0.067	0.070	0.0036	0.0039	99.996	7.36
0.070	0.073	0.077	0.0055	0.0075	99.99	8.44
0.077	0.080	0.084	0.0073	0.013	99.99	8.51
0.084	0.088	0.093	0.0092	0.020	99.98	8.07
0.093	0.097	0.102	0.011	0.029	99.97	7.48
0.102	0.106	0.112	0.014	0.041	99.96	6.78
0.112	0.117	0.122	0.016	0.054	99.9	5.97
0.122	0.128	0.134	0.018	0.070	99.9	5.17
0.134	0.141	0.148	0.020	0.088	99.9	4.43
0.148	0.155	0.162	0.023	0.11	99.9	3.77
0.162	0.170	0.178	0.026	0.13	99.9	3.19
0.178	0.186	0.195	0.029	0.16	99.8	2.69
0.195	0.205	0.214	0.032	0.19	99.8	2.27
0.214	0.225	0.235	0.036	0.22	99.8	1.91
0.235	0.247	0.258	0.040	0.25	99.7	1.61
0.258	0.271	0.284	0.044	0.29	99.7	1.36
0.284	0.297	0.311	0.049	0.34	99.7	1.14
0.311	0.326	0.342	0.054	0.39	99.6	0.95
0.342	0.358	0.375	0.060	0.44	99.6	0.79
0.375	0.393	0.412	0.066	0.50	99.5	0.66
0.412	0.431	0.452	0.072	0.57	99.4	0.54
0.452	0.474	0.496	0.079	0.64	99.4	0.45
0.496	0.520	0.545	0.086	0.72	99.3	0.37
0.545	0.571	0.598	0.094	0.80	99.2	0.31
0.598	0.627	0.656	0.10	0.90	99.1	0.25
0.656	0.688	0.721	0.11	1.00	99.0	0.21
0.721	0.755	0.791	0.12	1.11	98.9	0.17
0.791	0.829	0.868	0.13	1.24	98.8	0.14
0.868	0.910	0.953	0.15	1.37	98.6	0.12
0.953	0.999	1.047	0.16	1.51	98.5	0.096
1.047	1.097	1.149	0.17	1.67	98.3	0.079
1.149	1.204	1.261	0.19	1.84	98.2	0.065
1.261	1.321	1.385	0.20	2.03	98.0	0.053
1.385	1.451	1.520	0.22	2.23	97.8	0.043
1.520	1.592	1.668	0.24	2.45	97.6	0.035
1.668	1.748	1.832	0.25	2.69	97.3	0.029
1.832	1.919	2.011	0.27	2.94	97.1	0.023
2.011	2.107	2.207	0.29	3.21	96.8	0.019
2.207	2.313	2.423	0.31	3.50	96.5	0.015
2.423	2.539	2.660	0.33	3.82	96.2	0.012
2.660	2.787	2.920	0.36	4.15	95.8	0.0100
2.920	3.059	3.205	0.38	4.51	95.5	0.0080
3.205	3.358	3.519	0.40	4.89	95.1	0.0064
3.519	3.687	3.863	0.43	5.29	94.7	0.0052
3.863	4.047	4.240	0.45	5.72	94.3	0.0042
4.240	4.443	4.655	0.48	6.17	93.8	0.0033
4.655	4.877	5.110	0.51	6.65	93.3	0.0027
5.110	5.354	5.610	0.54	7.17	92.8	0.0022
5.610	5.878	6.158	0.58	7.71	92.3	0.0017
6.158	6.452	6.760	0.62	8.29	91.7	0.0014
6.760	7.083	7.421	0.66	8.91	91.1	0.0011
7.421	7.775	8.147	0.70	9.56	90.4	0.00090
8.147	8.536	8.943	0.75	10.3	89.7	0.00073
8.943	9.370	9.817	0.80	11.0	89.0	0.00059
9.817	10.29	10.78	0.87	11.8	88.2	0.00048
10.78	11.29	11.83	0.94	12.7	87.3	0.00040
11.83	12.40	12.99	1.02	13.6	86.4	0.00033
12.99	13.61	14.26	1.12	14.6	85.4	0.00027
14.26	14.94	15.65	1.23	15.8	84.2	0.00022
15.65	16.40	17.18	1.36	17.0	83.0	0.00019
17.18	18.00	18.86	1.51	18.4	81.6	0.00016
18.86	19.76	20.70	1.68	19.9	80.1	0.00013
20.70	21.69	22.73	1.87	21.6	78.4	0.00011
22.73	23.81	24.95	2.08	23.4	76.6	0.000093
24.95	26.14	27.39	2.29	25.5	74.5	0.000078
27.39	28.70	30.07	2.52	27.8	72.2	0.000065
30.07	31.50	33.01	2.78	30.3	69.7	0.000054
33.01	34.58	36.24	3.06	33.1	66.9	0.000045
36.24	37.97	39.78	3.37	36.2	63.8	0.000037
39.78	41.68	43.67	3.70	39.5	60.5	0.000031
43.67	45.75	47.94	4.05	43.2	56.8	0.000026
47.94	50.22	52.62	4.38	47.3	52.7	0.000021
52.62	55.13	57.77	4.66	51.7	48.3	0.000017
57.77	60.52	63.41	4.86	56.3	43.7	0.000013
63.41	66.44	69.61	4.93	61.2	38.8	0.000010
69.61	72.94	76.42	4.85	66.1	33.9	0.000008
76.42	80.07	83.89	4.61	71.0	29.0	0.000005
83.89	87.90	92.09	4.21	75.6	24.4	0.000004
92.09	96.49	101.1	3.68	79.8	20.2	0.000002
101.1	105.9	111.0	3.06	83.5	16.5	0.000002
111.0	116.3	121.8	2.41	86.5	13.5	0.000001
121.8	127.6	133.7	1.82	88.9	11.1	0.000001
133.7	140.1	146.8	1.34	90.8	9.24	2.95E-7
146.8	153.8	161.2	1.00	92.1	7.90	1.67E-7
161.2	168.9	176.9	0.80	93.1	6.90	1.01E-7
176.9	185.4	194.2	0.70	93.9	6.10	6.66E-8
194.2	203.5	213.2	0.65	94.6	5.40	4.67E-8
213.2	223.4	234.1	0.60	95.2	4.75	3.27E-8
234.1	245.2	256.9	0.52	95.8	4.15	2.13E-8
256.9	269.2	282.1	0.40	96.4	3.63	1.26E-8
282.1	295.5	309.6	0.29	96.8	3.23	6.78E-9
309.6	324.4	339.9	0.21	97.1	2.94	3.73E-9
339.9	356.1	373.1	0.19	97.3	2.73	2.51E-9
373.1	390.9	409.6	0.22	97.5	2.54	2.2E-9
409.6	429.2	449.7	0.29	97.7	2.32	2.19E-9
449.7	471.1	493.6	0.36	98.0	2.04	2.1E-9
493.6	517.2	541.9	0.41	98.3	1.68	1.8E-9
541.9	567.7	594.9	0.42	98.7	1.27	1.38E-9
594.9	623.3	653.0	0.39	99.2	0.85	9.72E-10
653.0	684.2	716.8	0.28	99.5	0.46	5.3E-10
716.8	751.1	786.9	0.14	99.8	0.18	2.05E-10
786.9	824.5	863.9	0.034	99.96	0.037	3.66E-11
863.9	905.1	948.3	0.0035	99.996	0.0035	2.88E-12
948.3	993.6	1041	0	100	0	0
1041	1091	1143	0	100	0	0
1143	1197	1255	0	100	0	0
1255	1314	1377	0	100	0	0
1377	1443	1512	0	100	0	0
1512	1584	1660	0	100	0	0
1660	1739	1822	0	100	0	0
1822	1909	2000	0	100	0	0
2000				100	0	

