LS	2022-11-09  16:24
File name:	IODP_STV0255-25_04.$ls
File ID:	IODP
Sample ID:	STV0255-258
Operator:	RG
Bar code:	
Comment 1:	
Comment 2:	
Instrument:	LS 230, VSM Plus
Run number:	4
Start time:	2022-11-09  16:23
Run length:	62
Optical model:	Fraunhofer.rfd   PIDS included
Obscuration:	10
PIDS Obscur:	40
Obscuration:	OK
Serial Number:	7205

From	0.0400
To	2000
Volume 	100
Mean:	47.41
Median:	31.72
D(0,0):	0.122
Mean/Median ratio:	1.495
Mode:	60.52
S.D.:	48.26
Variance:	2329
C.V.:	101.8
Skewness:	1.652
Kurtosis:	2.814
d10:	3.731
d50:	31.72
d90:	110.8
Specific Surf. Area:	8392

% <	Size 
10	3.73
25	11.7
50	31.7
75	67.4
90	111

% >	Size 
10	111
25	67.4
50	31.7
75	11.7
90	3.73

Size 	% <
1	2.47
10	22.2
100	87.6
1000	100

Size 	% >
1	97.5
10	77.8
100	12.4
1000	0

Particle	IODP_STV025	Volume	Volume
Diameter	5-25_04.$ls	% >	%
um	Volume		
	% <		
0.4	0.70	99.3	0.25
0.488	0.94	99.1	0.59
0.69	1.53	98.5	0.88
0.98	2.41	97.6	1.22
1.38	3.63	96.4	1.69
1.95	5.32	94.7	2.24
2.76	7.56	92.4	2.87
3.91	10.4	89.6	3.55
5.52	14.0	86.0	4.43
7.81	18.4	81.6	5.51
11.05	23.9	76.1	6.94
15.63	30.8	69.2	8.67
22.1	39.5	60.5	10.1
31.3	49.6	50.4	10.7
44.2	60.3	39.7	12.0
62.5	72.3	27.7	11.8
88.4	84.1	15.9	8.01
125	92.1	7.88	4.66
177	96.8	3.22	3.01
250	99.8	0.20	0.20
354	100	0	0
500	100	0	0
707	100	0	0
1000	100	0	0
1414	100	0	0
2000	100	0	0
2828	100	0	0
4000	100	0	

Channel	Channel	Channel	Diff.	Cum. <	Cum. >	Diff.
Diameter	Diameter	Diameter	Volume	Volume	Volume	Number
(Lower)	(Center)	(Upper)	%	%	%	%
um	um	um				
0.040	0.042	0.044	0.00016	0	100	1.31
0.044	0.046	0.048	0.00022	0.00016	100	1.39
0.048	0.050	0.053	0.00037	0.00038	100	1.78
0.053	0.055	0.058	0.00076	0.00075	99.999	2.75
0.058	0.061	0.064	0.0016	0.0015	99.998	4.27
0.064	0.067	0.070	0.0029	0.0031	99.997	5.97
0.070	0.073	0.077	0.0045	0.0060	99.99	7.08
0.077	0.080	0.084	0.0063	0.011	99.99	7.42
0.084	0.088	0.093	0.0082	0.017	99.98	7.29
0.093	0.097	0.102	0.010	0.025	99.98	7.01
0.102	0.106	0.112	0.013	0.035	99.96	6.60
0.112	0.117	0.122	0.016	0.048	99.95	6.03
0.122	0.128	0.134	0.019	0.064	99.9	5.39
0.134	0.141	0.148	0.022	0.083	99.9	4.77
0.148	0.155	0.162	0.025	0.10	99.9	4.21
0.162	0.170	0.178	0.029	0.13	99.9	3.70
0.178	0.186	0.195	0.034	0.16	99.8	3.23
0.195	0.205	0.214	0.039	0.19	99.8	2.82
0.214	0.225	0.235	0.045	0.23	99.8	2.47
0.235	0.247	0.258	0.053	0.28	99.7	2.16
0.258	0.271	0.284	0.060	0.33	99.7	1.88
0.284	0.297	0.311	0.069	0.39	99.6	1.62
0.311	0.326	0.342	0.079	0.46	99.5	1.39
0.342	0.358	0.375	0.089	0.54	99.5	1.19
0.375	0.393	0.412	0.100	0.63	99.4	1.01
0.412	0.431	0.452	0.11	0.73	99.3	0.86
0.452	0.474	0.496	0.13	0.84	99.2	0.72
0.496	0.520	0.545	0.14	0.96	99.0	0.61
0.545	0.571	0.598	0.16	1.10	98.9	0.51
0.598	0.627	0.656	0.17	1.26	98.7	0.43
0.656	0.688	0.721	0.19	1.43	98.6	0.36
0.721	0.755	0.791	0.21	1.62	98.4	0.30
0.791	0.829	0.868	0.23	1.84	98.2	0.25
0.868	0.910	0.953	0.26	2.07	97.9	0.21
0.953	0.999	1.047	0.28	2.33	97.7	0.18
1.047	1.097	1.149	0.31	2.61	97.4	0.15
1.149	1.204	1.261	0.34	2.93	97.1	0.12
1.261	1.321	1.385	0.37	3.27	96.7	0.100
1.385	1.451	1.520	0.41	3.64	96.4	0.082
1.520	1.592	1.668	0.44	4.05	95.9	0.068
1.668	1.748	1.832	0.48	4.49	95.5	0.055
1.832	1.919	2.011	0.52	4.97	95.0	0.045
2.011	2.107	2.207	0.56	5.49	94.5	0.037
2.207	2.313	2.423	0.60	6.05	93.9	0.030
2.423	2.539	2.660	0.64	6.65	93.3	0.024
2.660	2.787	2.920	0.69	7.30	92.7	0.019
2.920	3.059	3.205	0.73	7.98	92.0	0.016
3.205	3.358	3.519	0.78	8.71	91.3	0.013
3.519	3.687	3.863	0.83	9.49	90.5	0.010
3.863	4.047	4.240	0.88	10.3	89.7	0.0081
4.240	4.443	4.655	0.93	11.2	88.8	0.0065
4.655	4.877	5.110	0.99	12.1	87.9	0.0052
5.110	5.354	5.610	1.05	13.1	86.9	0.0042
5.610	5.878	6.158	1.11	14.2	85.8	0.0034
6.158	6.452	6.760	1.18	15.3	84.7	0.0027
6.760	7.083	7.421	1.25	16.4	83.6	0.0022
7.421	7.775	8.147	1.32	17.7	82.3	0.0017
8.147	8.536	8.943	1.40	19.0	81.0	0.0014
8.943	9.370	9.817	1.48	20.4	79.6	0.0011
9.817	10.29	10.78	1.58	21.9	78.1	0.00089
10.78	11.29	11.83	1.68	23.5	76.5	0.00072
11.83	12.40	12.99	1.79	25.2	74.8	0.00058
12.99	13.61	14.26	1.91	26.9	73.1	0.00046
14.26	14.94	15.65	2.03	28.8	71.2	0.00037
15.65	16.40	17.18	2.16	30.9	69.1	0.00030
17.18	18.00	18.86	2.30	33.0	67.0	0.00024
18.86	19.76	20.70	2.43	35.3	64.7	0.00019
20.70	21.69	22.73	2.55	37.8	62.2	0.00015
22.73	23.81	24.95	2.64	40.3	59.7	0.00012
24.95	26.14	27.39	2.72	42.9	57.1	0.000093
27.39	28.70	30.07	2.77	45.7	54.3	0.000072
30.07	31.50	33.01	2.80	48.4	51.6	0.000055
33.01	34.58	36.24	2.84	51.2	48.8	0.000042
36.24	37.97	39.78	2.90	54.1	45.9	0.000033
39.78	41.68	43.67	2.98	57.0	43.0	0.000025
43.67	45.75	47.94	3.08	59.9	40.1	0.000020
47.94	50.22	52.62	3.20	63.0	37.0	0.000016
52.62	55.13	57.77	3.29	66.2	33.8	0.000012
57.77	60.52	63.41	3.34	69.5	30.5	0.000009
63.41	66.44	69.61	3.34	72.9	27.1	0.000007
69.61	72.94	76.42	3.26	76.2	23.8	0.000005
76.42	80.07	83.89	3.10	79.5	20.5	0.000004
83.89	87.90	92.09	2.85	82.6	17.4	0.000003
92.09	96.49	101.1	2.51	85.4	14.6	0.000002
101.1	105.9	111.0	2.11	87.9	12.1	0.000001
111.0	116.3	121.8	1.72	90.0	9.97	0.000001
121.8	127.6	133.7	1.41	91.7	8.25	4.16E-7
133.7	140.1	146.8	1.24	93.2	6.84	2.76E-7
146.8	153.8	161.2	1.19	94.4	5.61	2.01E-7
161.2	168.9	176.9	1.20	95.6	4.42	1.53E-7
176.9	185.4	194.2	1.16	96.8	3.22	1.12E-7
194.2	203.5	213.2	0.98	97.9	2.06	7.13E-8
213.2	223.4	234.1	0.66	98.9	1.09	3.64E-8
234.1	245.2	256.9	0.32	99.6	0.43	1.33E-8
256.9	269.2	282.1	0.094	99.9	0.11	2.95E-9
282.1	295.5	309.6	0.014	99.99	0.014	3.22E-10
309.6	324.4	339.9	0.00053	99.999	0.00053	9.49E-12
339.9	356.1	373.1	0	100	0	0
373.1	390.9	409.6	0	100	0	0
409.6	429.2	449.7	0	100	0	0
449.7	471.1	493.6	0	100	0	0
493.6	517.2	541.9	0	100	0	0
541.9	567.7	594.9	0	100	0	0
594.9	623.3	653.0	0	100	0	0
653.0	684.2	716.8	0	100	0	0
716.8	751.1	786.9	0	100	0	0
786.9	824.5	863.9	0	100	0	0
863.9	905.1	948.3	0	100	0	0
948.3	993.6	1041	0	100	0	0
1041	1091	1143	0	100	0	0
1143	1197	1255	0	100	0	0
1255	1314	1377	0	100	0	0
1377	1443	1512	0	100	0	0
1512	1584	1660	0	100	0	0
1660	1739	1822	0	100	0	0
1822	1909	2000	0	100	0	0
2000				100	0	

