LS	2022-11-09  16:05
File name:	IODP_STV0226-23_04.$ls
File ID:	IODP
Sample ID:	STV0226-230
Operator:	RG
Bar code:	
Comment 1:	
Comment 2:	
Instrument:	LS 230, VSM Plus
Run number:	4
Start time:	2022-11-09  16:04
Run length:	62
Optical model:	Fraunhofer.rfd   PIDS included
Obscuration:	13
PIDS Obscur:	42
Obscuration:	High
Serial Number:	7205

From	0.0400
To	2000
Volume 	100
Mean:	48.53
Median:	35.24
D(0,0):	0.107
Mean/Median ratio:	1.377
Mode:	55.13
S.D.:	48.70
Variance:	2372
C.V.:	100.4
Skewness:	2.169
Kurtosis:	5.986
d10:	5.227
d50:	35.24
d90:	102.3
Specific Surf. Area:	7782

% <	Size 
10	5.23
25	15.7
50	35.2
75	64.5
90	102

% >	Size 
10	102
25	64.5
50	35.2
75	15.7
90	5.23

Size 	% <
1	2.26
10	17.0
100	89.5
1000	100

Size 	% >
1	97.7
10	83.0
100	10.5
1000	0

Particle	IODP_STV022	Volume	Volume	IODP_STV022	Volume	Volume	IODP_STV022	Volume	Volume
Diameter	6-23_04.$ls	% >	%	6-23_02.$ls	% >	%	6-23_01.$ls	% >	%
um	Volume			Volume			Volume		
	% <			% <			% <		
0.4	0.80	99.2	0.22	0.81	99.2	0.22	0.82	99.2	0.22
0.488	1.02	99.0	0.50	1.03	99.0	0.50	1.04	99.0	0.49
0.69	1.52	98.5	0.69	1.53	98.5	0.68	1.54	98.5	0.67
0.98	2.21	97.8	0.90	2.21	97.8	0.88	2.20	97.8	0.86
1.38	3.12	96.9	1.20	3.09	96.9	1.16	3.06	96.9	1.13
1.95	4.32	95.7	1.56	4.25	95.7	1.51	4.19	95.8	1.46
2.76	5.88	94.1	2.00	5.76	94.2	1.94	5.65	94.3	1.87
3.91	7.88	92.1	2.57	7.69	92.3	2.50	7.53	92.5	2.42
5.52	10.5	89.5	3.43	10.2	89.8	3.33	9.94	90.1	3.23
7.81	13.9	86.1	4.61	13.5	86.5	4.48	13.2	86.8	4.37
11.05	18.5	81.5	6.39	18.0	82.0	6.21	17.5	82.5	6.08
15.63	24.9	75.1	8.92	24.2	75.8	8.66	23.6	76.4	8.54
22.1	33.8	66.2	11.7	32.9	67.1	11.4	32.2	67.8	11.4
31.3	45.5	54.5	13.6	44.3	55.7	13.3	43.5	56.5	13.5
44.2	59.1	40.9	14.6	57.6	42.4	14.4	57.1	42.9	14.9
62.5	73.7	26.3	12.5	72.0	28.0	12.5	72.0	28.0	12.9
88.4	86.2	13.8	7.24	84.5	15.5	7.47	84.8	15.2	7.71
125	93.4	6.56	3.04	92.0	8.05	3.21	92.6	7.44	3.40
177	96.5	3.52	2.63	95.2	4.83	1.76	96.0	4.04	1.69
250	99.1	0.89	0.88	96.9	3.08	0.97	97.7	2.35	0.78
354	99.99	0.0069	0.0069	97.9	2.11	1.04	98.4	1.57	0.75
500	100	0	0	98.9	1.07	0.96	99.2	0.81	0.80
707	100	0	0	99.9	0.11	0.11	99.99	0.010	0.010
1000	100	0	0	100	0	0	100	0	0
1414	100	0	0	100	0	0	100	0	0
2000	100	0	0	100	0	0	100	0	0
2828	100	0	0	100	0	0	100	0	0
4000	100	0		100	0		100	0	

			IODP_STV022				IODP_STV022				IODP_STV022			
Channel	Channel	Channel	6-23_04.$ls	Cum. <	Cum. >	Diff.	6-23_02.$ls	Cum. <	Cum. >	Diff.	6-23_01.$ls	Cum. <	Cum. >	Diff.
Diameter	Diameter	Diameter	Diff.	Volume	Volume	Number	Diff.	Volume	Volume	Number	Diff.	Volume	Volume	Number
(Lower)	(Center)	(Upper)	Volume	%	%	%	Volume	%	%	%	Volume	%	%	%
um	um	um	%				%				%			
0.040	0.042	0.044	0.00032	0	100	1.78	0.00034	0	100	1.82	0.00035	0	100	1.83
0.044	0.046	0.048	0.00043	0.00032	100	1.79	0.00044	0.00034	100	1.80	0.00046	0.00035	100	1.82
0.048	0.050	0.053	0.00069	0.00075	99.999	2.18	0.00071	0.00078	99.999	2.18	0.00074	0.00081	99.999	2.20
0.053	0.055	0.058	0.0014	0.0014	99.999	3.33	0.0014	0.0015	99.999	3.30	0.0015	0.0015	99.998	3.34
0.058	0.061	0.064	0.0029	0.0028	99.997	5.24	0.0030	0.0029	99.997	5.21	0.0031	0.0030	99.997	5.27
0.064	0.067	0.070	0.0054	0.0057	99.99	7.35	0.0055	0.0059	99.99	7.35	0.0057	0.0061	99.99	7.42
0.070	0.073	0.077	0.0083	0.011	99.99	8.53	0.0085	0.011	99.99	8.58	0.0088	0.012	99.99	8.64
0.077	0.080	0.084	0.011	0.019	99.98	8.64	0.011	0.020	99.98	8.71	0.012	0.021	99.98	8.75
0.084	0.088	0.093	0.014	0.031	99.97	8.19	0.014	0.031	99.97	8.25	0.015	0.033	99.97	8.28
0.093	0.097	0.102	0.017	0.044	99.96	7.58	0.018	0.046	99.95	7.62	0.018	0.047	99.95	7.64
0.102	0.106	0.112	0.020	0.061	99.9	6.85	0.021	0.063	99.9	6.88	0.022	0.065	99.9	6.89
0.112	0.117	0.122	0.024	0.082	99.9	6.02	0.024	0.084	99.9	6.05	0.025	0.087	99.9	6.04
0.122	0.128	0.134	0.027	0.11	99.9	5.20	0.028	0.11	99.9	5.21	0.028	0.11	99.9	5.20
0.134	0.141	0.148	0.031	0.13	99.9	4.44	0.031	0.14	99.9	4.44	0.032	0.14	99.9	4.43
0.148	0.155	0.162	0.034	0.16	99.8	3.76	0.035	0.17	99.8	3.76	0.036	0.17	99.8	3.73
0.162	0.170	0.178	0.038	0.20	99.8	3.16	0.039	0.20	99.8	3.15	0.040	0.21	99.8	3.13
0.178	0.186	0.195	0.042	0.24	99.8	2.66	0.043	0.24	99.8	2.64	0.044	0.25	99.8	2.62
0.195	0.205	0.214	0.047	0.28	99.7	2.23	0.048	0.29	99.7	2.21	0.049	0.29	99.7	2.19
0.214	0.225	0.235	0.052	0.32	99.7	1.88	0.053	0.33	99.7	1.85	0.054	0.34	99.7	1.83
0.235	0.247	0.258	0.058	0.38	99.6	1.58	0.059	0.39	99.6	1.55	0.059	0.39	99.6	1.53
0.258	0.271	0.284	0.064	0.44	99.6	1.32	0.065	0.45	99.6	1.30	0.066	0.45	99.5	1.28
0.284	0.297	0.311	0.071	0.50	99.5	1.10	0.072	0.51	99.5	1.08	0.072	0.52	99.5	1.06
0.311	0.326	0.342	0.078	0.57	99.4	0.92	0.079	0.58	99.4	0.90	0.079	0.59	99.4	0.88
0.342	0.358	0.375	0.086	0.65	99.4	0.76	0.086	0.66	99.3	0.74	0.086	0.67	99.3	0.73
0.375	0.393	0.412	0.094	0.74	99.3	0.63	0.094	0.75	99.3	0.61	0.094	0.76	99.2	0.60
0.412	0.431	0.452	0.10	0.83	99.2	0.52	0.10	0.84	99.2	0.50	0.10	0.85	99.1	0.49
0.452	0.474	0.496	0.11	0.93	99.1	0.43	0.11	0.94	99.1	0.41	0.11	0.95	99.0	0.40
0.496	0.520	0.545	0.12	1.04	99.0	0.35	0.12	1.05	98.9	0.34	0.12	1.06	98.9	0.33
0.545	0.571	0.598	0.13	1.17	98.8	0.29	0.13	1.18	98.8	0.28	0.13	1.18	98.8	0.27
0.598	0.627	0.656	0.14	1.30	98.7	0.24	0.14	1.31	98.7	0.23	0.14	1.31	98.7	0.22
0.656	0.688	0.721	0.16	1.44	98.6	0.20	0.15	1.45	98.6	0.19	0.15	1.46	98.5	0.18
0.721	0.755	0.791	0.17	1.60	98.4	0.16	0.17	1.60	98.4	0.15	0.17	1.61	98.4	0.15
0.791	0.829	0.868	0.18	1.77	98.2	0.13	0.18	1.77	98.2	0.13	0.18	1.77	98.2	0.12
0.868	0.910	0.953	0.20	1.95	98.0	0.11	0.20	1.95	98.0	0.10	0.19	1.95	98.0	0.098
0.953	0.999	1.047	0.22	2.15	97.8	0.088	0.21	2.15	97.9	0.084	0.21	2.14	97.9	0.080
1.047	1.097	1.149	0.23	2.37	97.6	0.072	0.23	2.36	97.6	0.068	0.22	2.35	97.6	0.065
1.149	1.204	1.261	0.25	2.60	97.4	0.059	0.25	2.59	97.4	0.056	0.24	2.57	97.4	0.053
1.261	1.321	1.385	0.27	2.85	97.1	0.048	0.27	2.83	97.2	0.045	0.26	2.82	97.2	0.043
1.385	1.451	1.520	0.29	3.13	96.9	0.039	0.29	3.10	96.9	0.037	0.28	3.07	96.9	0.035
1.520	1.592	1.668	0.32	3.42	96.6	0.032	0.31	3.38	96.6	0.030	0.30	3.35	96.6	0.028
1.668	1.748	1.832	0.34	3.74	96.3	0.026	0.33	3.69	96.3	0.024	0.32	3.65	96.3	0.023
1.832	1.919	2.011	0.36	4.08	95.9	0.021	0.35	4.02	96.0	0.020	0.34	3.97	96.0	0.019
2.011	2.107	2.207	0.39	4.44	95.6	0.017	0.38	4.37	95.6	0.016	0.36	4.31	95.7	0.015
2.207	2.313	2.423	0.42	4.83	95.2	0.014	0.40	4.75	95.3	0.013	0.39	4.68	95.3	0.012
2.423	2.539	2.660	0.45	5.25	94.8	0.011	0.43	5.15	94.9	0.010	0.42	5.06	94.9	0.0098
2.660	2.787	2.920	0.48	5.69	94.3	0.0089	0.46	5.58	94.4	0.0084	0.44	5.48	94.5	0.0079
2.920	3.059	3.205	0.51	6.17	93.8	0.0072	0.49	6.04	94.0	0.0068	0.48	5.93	94.1	0.0064
3.205	3.358	3.519	0.54	6.68	93.3	0.0058	0.53	6.53	93.5	0.0055	0.51	6.40	93.6	0.0052
3.519	3.687	3.863	0.58	7.22	92.8	0.0047	0.56	7.06	92.9	0.0044	0.54	6.91	93.1	0.0042
3.863	4.047	4.240	0.62	7.80	92.2	0.0038	0.60	7.62	92.4	0.0036	0.58	7.45	92.5	0.0034
4.240	4.443	4.655	0.67	8.43	91.6	0.0031	0.65	8.22	91.8	0.0029	0.63	8.04	92.0	0.0028
4.655	4.877	5.110	0.72	9.10	90.9	0.0025	0.70	8.87	91.1	0.0024	0.68	8.67	91.3	0.0023
5.110	5.354	5.610	0.78	9.82	90.2	0.0021	0.75	9.57	90.4	0.0019	0.73	9.34	90.7	0.0018
5.610	5.878	6.158	0.84	10.6	89.4	0.0017	0.81	10.3	89.7	0.0016	0.79	10.1	89.9	0.0015
6.158	6.452	6.760	0.90	11.4	88.6	0.0014	0.88	11.1	88.9	0.0013	0.85	10.9	89.1	0.0012
6.760	7.083	7.421	0.98	12.3	87.7	0.0011	0.95	12.0	88.0	0.0011	0.92	11.7	88.3	0.0010
7.421	7.775	8.147	1.06	13.3	86.7	0.00091	1.03	13.0	87.0	0.00086	1.00	12.6	87.4	0.00082
8.147	8.536	8.943	1.15	14.4	85.6	0.00075	1.11	14.0	86.0	0.00071	1.08	13.6	86.4	0.00067
8.943	9.370	9.817	1.24	15.5	84.5	0.00061	1.21	15.1	84.9	0.00058	1.18	14.7	85.3	0.00055
9.817	10.29	10.78	1.35	16.8	83.2	0.00050	1.32	16.3	83.7	0.00048	1.28	15.9	84.1	0.00045
10.78	11.29	11.83	1.48	18.1	81.9	0.00042	1.44	17.6	82.4	0.00039	1.40	17.2	82.8	0.00038
11.83	12.40	12.99	1.61	19.6	80.4	0.00034	1.57	19.1	80.9	0.00033	1.53	18.6	81.4	0.00031
12.99	13.61	14.26	1.77	21.2	78.8	0.00029	1.72	20.6	79.4	0.00027	1.68	20.1	79.9	0.00026
14.26	14.94	15.65	1.94	23.0	77.0	0.00024	1.89	22.4	77.6	0.00022	1.85	21.8	78.2	0.00021
15.65	16.40	17.18	2.13	24.9	75.1	0.00020	2.07	24.2	75.8	0.00019	2.03	23.6	76.4	0.00018
17.18	18.00	18.86	2.33	27.0	73.0	0.00016	2.26	26.3	73.7	0.00015	2.23	25.7	74.3	0.00015
18.86	19.76	20.70	2.54	29.4	70.6	0.00013	2.46	28.6	71.4	0.00013	2.43	27.9	72.1	0.00012
20.70	21.69	22.73	2.75	31.9	68.1	0.00011	2.67	31.0	69.0	0.00010	2.65	30.3	69.7	0.000100
22.73	23.81	24.95	2.96	34.7	65.3	0.000089	2.87	33.7	66.3	0.000084	2.86	33.0	67.0	0.000082
24.95	26.14	27.39	3.15	37.6	62.4	0.000071	3.06	36.6	63.4	0.000068	3.05	35.8	64.2	0.000066
27.39	28.70	30.07	3.31	40.8	59.2	0.000057	3.22	39.6	60.4	0.000054	3.23	38.9	61.1	0.000053
30.07	31.50	33.01	3.45	44.1	55.9	0.000045	3.37	42.9	57.1	0.000043	3.40	42.1	57.9	0.000042
33.01	34.58	36.24	3.58	47.5	52.5	0.000035	3.50	46.2	53.8	0.000033	3.55	45.5	54.5	0.000033
36.24	37.97	39.78	3.70	51.1	48.9	0.000027	3.62	49.7	50.3	0.000026	3.69	49.1	50.9	0.000026
39.78	41.68	43.67	3.81	54.8	45.2	0.000021	3.74	53.3	46.7	0.000020	3.83	52.8	47.2	0.000020
43.67	45.75	47.94	3.90	58.6	41.4	0.000017	3.84	57.1	42.9	0.000016	3.95	56.6	43.4	0.000016
47.94	50.22	52.62	3.96	62.5	37.5	0.000013	3.91	60.9	39.1	0.000012	4.03	60.5	39.5	0.000012
52.62	55.13	57.77	3.96	66.5	33.5	0.000010	3.93	64.8	35.2	0.000009	4.06	64.6	35.4	0.000009
57.77	60.52	63.41	3.89	70.4	29.6	0.000007	3.86	68.8	31.2	0.000007	4.00	68.6	31.4	0.000007
63.41	66.44	69.61	3.72	74.3	25.7	0.000005	3.71	72.6	27.4	0.000005	3.84	72.6	27.4	0.000005
69.61	72.94	76.42	3.47	78.1	21.9	0.000004	3.47	76.3	23.7	0.000004	3.58	76.5	23.5	0.000004
76.42	80.07	83.89	3.15	81.5	18.5	0.000002	3.15	79.8	20.2	0.000002	3.24	80.0	20.0	0.000002
83.89	87.90	92.09	2.76	84.7	15.3	0.000002	2.78	83.0	17.0	0.000002	2.85	83.3	16.7	0.000002
92.09	96.49	101.1	2.34	87.4	12.6	0.000001	2.37	85.7	14.3	0.000001	2.43	86.1	13.9	0.000001
101.1	105.9	111.0	1.90	89.8	10.2	0.000001	1.96	88.1	11.9	0.000001	2.02	88.6	11.4	0.000001
111.0	116.3	121.8	1.47	91.7	8.33	3.8E-7	1.56	90.1	9.93	3.93E-7	1.63	90.6	9.42	4E-7
121.8	127.6	133.7	1.11	93.1	6.86	2.16E-7	1.22	91.6	8.37	2.32E-7	1.29	92.2	7.79	2.39E-7
133.7	140.1	146.8	0.85	94.2	5.75	1.25E-7	0.94	92.8	7.15	1.36E-7	1.01	93.5	6.50	1.42E-7
146.8	153.8	161.2	0.70	95.1	4.90	7.86E-8	0.75	93.8	6.21	8.15E-8	0.80	94.5	5.48	8.44E-8
161.2	168.9	176.9	0.67	95.8	4.20	5.68E-8	0.62	94.5	5.46	5.13E-8	0.64	95.3	4.69	5.16E-8
176.9	185.4	194.2	0.71	96.5	3.53	4.54E-8	0.55	95.2	4.84	3.41E-8	0.54	96.0	4.04	3.29E-8
194.2	203.5	213.2	0.76	97.2	2.81	3.65E-8	0.50	95.7	4.29	2.34E-8	0.48	96.5	3.50	2.18E-8
213.2	223.4	234.1	0.74	97.9	2.06	2.68E-8	0.45	96.2	3.79	1.58E-8	0.42	97.0	3.03	1.46E-8
234.1	245.2	256.9	0.62	98.7	1.32	1.7E-8	0.38	96.7	3.34	1.02E-8	0.36	97.4	2.60	9.51E-9
256.9	269.2	282.1	0.42	99.3	0.70	8.69E-9	0.31	97.0	2.96	6.24E-9	0.28	97.8	2.24	5.63E-9
282.1	295.5	309.6	0.21	99.7	0.29	3.28E-9	0.24	97.3	2.66	3.75E-9	0.20	98.0	1.95	3E-9
309.6	324.4	339.9	0.067	99.9	0.079	7.99E-10	0.21	97.6	2.41	2.43E-9	0.14	98.2	1.75	1.55E-9
339.9	356.1	373.1	0.011	99.99	0.012	9.8E-11	0.21	97.8	2.20	1.86E-9	0.11	98.4	1.62	9.66E-10
373.1	390.9	409.6	0.00062	99.999	0.00062	4.22E-12	0.25	98.0	1.99	1.63E-9	0.14	98.5	1.50	8.85E-10
409.6	429.2	449.7	0	100	0	0	0.30	98.3	1.74	1.48E-9	0.21	98.6	1.37	1E-9
449.7	471.1	493.6	0	100	0	0	0.33	98.6	1.45	1.26E-9	0.30	98.8	1.16	1.1E-9
493.6	517.2	541.9	0	100	0	0	0.33	98.9	1.11	9.53E-10	0.36	99.1	0.86	9.98E-10
541.9	567.7	594.9	0	100	0	0	0.30	99.2	0.78	6.42E-10	0.30	99.5	0.50	6.27E-10
594.9	623.3	653.0	0	100	0	0	0.24	99.5	0.48	3.92E-10	0.16	99.8	0.20	2.57E-10
653.0	684.2	716.8	0	100	0	0	0.15	99.8	0.24	1.9E-10	0.039	99.96	0.043	4.73E-11
716.8	751.1	786.9	0	100	0	0	0.072	99.9	0.090	6.75E-11	0.0042	99.996	0.0042	3.79E-12
786.9	824.5	863.9	0	100	0	0	0.016	99.98	0.018	1.14E-11	0	100	0	0
863.9	905.1	948.3	0	100	0	0	0.0016	99.998	0.0016	8.73E-13	0	100	0	0
948.3	993.6	1041	0	100	0	0	0	100	0	0	0	100	0	0
1041	1091	1143	0	100	0	0	0	100	0	0	0	100	0	0
1143	1197	1255	0	100	0	0	0	100	0	0	0	100	0	0
1255	1314	1377	0	100	0	0	0	100	0	0	0	100	0	0
1377	1443	1512	0	100	0	0	0	100	0	0	0	100	0	0
1512	1584	1660	0	100	0	0	0	100	0	0	0	100	0	0
1660	1739	1822	0	100	0	0	0	100	0	0	0	100	0	0
1822	1909	2000	0	100	0	0	0	100	0	0	0	100	0	0
2000				100	0			100	0			100	0	

