LS	2022-11-09  16:57
File name:	IODP_std_MazPB_08.$ls
File ID:	IODP
Sample ID:	std_MazPB
Operator:	RG
Bar code:	
Comment 1:	
Comment 2:	
Instrument:	LS 230, VSM Plus
Run number:	8
Start time:	2022-11-09  16:56
Run length:	61
Optical model:	Fraunhofer.rfd   PIDS included
Obscuration:	12
PIDS Obscur:	41
Obscuration:	OK
Serial Number:	7205

From	0.0400
To	2000
Volume 	100
Mean:	72.03
Median:	34.09
D(0,0):	0.107
Mean/Median ratio:	2.113
Mode:	34.58
S.D.:	103.2
Variance:	10648
C.V.:	143.3
Skewness:	2.780
Kurtosis:	8.667
d10:	4.963
d50:	34.09
d90:	196.0
Specific Surf. Area:	7705

% <	Size 
10	4.96
25	14.3
50	34.1
75	77.4
90	196

% >	Size 
10	196
25	77.4
50	34.1
75	14.3
90	4.96

Size 	% <
1	2.18
10	18.4
100	80.3
1000	100

Size 	% >
1	97.8
10	81.6
100	19.7
1000	0

Particle	IODP_std	Volume	Volume
Diameter	_MazPB_08	% >	%
um	.$ls		
	Volume		
	% <		
0.4	0.75	99.2	0.21
0.488	0.97	99.0	0.49
0.69	1.45	98.5	0.68
0.98	2.13	97.9	0.91
1.38	3.05	97.0	1.24
1.95	4.29	95.7	1.65
2.76	5.93	94.1	2.18
3.91	8.11	91.9	2.86
5.52	11.0	89.0	3.86
7.81	14.8	85.2	5.18
11.05	20.0	80.0	6.96
15.63	27.0	73.0	9.16
22.1	36.1	63.9	11.0
31.3	47.2	52.8	11.4
44.2	58.6	41.4	10.8
62.5	69.4	30.6	8.55
88.4	77.9	22.1	5.90
125	83.8	16.2	4.72
177	88.5	11.5	4.91
250	93.4	6.55	3.13
354	96.6	3.42	2.04
500	98.6	1.38	1.36
707	99.98	0.017	0.017
1000	100	0	0
1414	100	0	0
2000	100	0	0
2828	100	0	0
4000	100	0	

Channel	Channel	Channel	Diff.	Cum. <	Cum. >	Diff.
Diameter	Diameter	Diameter	Volume	Volume	Volume	Number
(Lower)	(Center)	(Upper)	%	%	%	%
um	um	um				
0.040	0.042	0.044	0.00030	0	100	1.77
0.044	0.046	0.048	0.00040	0.00030	100	1.78
0.048	0.050	0.053	0.00065	0.00070	99.999	2.18
0.053	0.055	0.058	0.0013	0.0013	99.999	3.33
0.058	0.061	0.064	0.0027	0.0027	99.997	5.24
0.064	0.067	0.070	0.0050	0.0054	99.99	7.34
0.070	0.073	0.077	0.0077	0.010	99.99	8.51
0.077	0.080	0.084	0.010	0.018	99.98	8.61
0.084	0.088	0.093	0.013	0.029	99.97	8.16
0.093	0.097	0.102	0.016	0.041	99.96	7.55
0.102	0.106	0.112	0.019	0.057	99.9	6.83
0.112	0.117	0.122	0.022	0.076	99.9	6.00
0.122	0.128	0.134	0.025	0.099	99.9	5.19
0.134	0.141	0.148	0.029	0.12	99.9	4.43
0.148	0.155	0.162	0.032	0.15	99.8	3.76
0.162	0.170	0.178	0.036	0.18	99.8	3.16
0.178	0.186	0.195	0.040	0.22	99.8	2.66
0.195	0.205	0.214	0.044	0.26	99.7	2.24
0.214	0.225	0.235	0.049	0.30	99.7	1.88
0.235	0.247	0.258	0.055	0.35	99.6	1.58
0.258	0.271	0.284	0.061	0.41	99.6	1.33
0.284	0.297	0.311	0.067	0.47	99.5	1.11
0.311	0.326	0.342	0.074	0.54	99.5	0.93
0.342	0.358	0.375	0.082	0.61	99.4	0.77
0.375	0.393	0.412	0.089	0.69	99.3	0.64
0.412	0.431	0.452	0.098	0.78	99.2	0.53
0.452	0.474	0.496	0.11	0.88	99.1	0.44
0.496	0.520	0.545	0.12	0.99	99.0	0.36
0.545	0.571	0.598	0.13	1.10	98.9	0.30
0.598	0.627	0.656	0.14	1.23	98.8	0.25
0.656	0.688	0.721	0.15	1.37	98.6	0.20
0.721	0.755	0.791	0.17	1.53	98.5	0.17
0.791	0.829	0.868	0.18	1.69	98.3	0.14
0.868	0.910	0.953	0.20	1.87	98.1	0.11
0.953	0.999	1.047	0.22	2.07	97.9	0.094
1.047	1.097	1.149	0.23	2.29	97.7	0.077
1.149	1.204	1.261	0.26	2.52	97.5	0.064
1.261	1.321	1.385	0.28	2.78	97.2	0.052
1.385	1.451	1.520	0.30	3.06	96.9	0.043
1.520	1.592	1.668	0.33	3.36	96.6	0.035
1.668	1.748	1.832	0.35	3.68	96.3	0.029
1.832	1.919	2.011	0.38	4.03	96.0	0.023
2.011	2.107	2.207	0.41	4.41	95.6	0.019
2.207	2.313	2.423	0.44	4.82	95.2	0.015
2.423	2.539	2.660	0.47	5.26	94.7	0.013
2.660	2.787	2.920	0.51	5.74	94.3	0.010
2.920	3.059	3.205	0.55	6.25	93.8	0.0083
3.205	3.358	3.519	0.59	6.80	93.2	0.0068
3.519	3.687	3.863	0.64	7.39	92.6	0.0055
3.863	4.047	4.240	0.69	8.02	92.0	0.0045
4.240	4.443	4.655	0.74	8.71	91.3	0.0037
4.655	4.877	5.110	0.80	9.46	90.5	0.0030
5.110	5.354	5.610	0.87	10.3	89.7	0.0025
5.610	5.878	6.158	0.94	11.1	88.9	0.0020
6.158	6.452	6.760	1.02	12.1	87.9	0.0016
6.760	7.083	7.421	1.10	13.1	86.9	0.0013
7.421	7.775	8.147	1.19	14.2	85.8	0.0011
8.147	8.536	8.943	1.29	15.4	84.6	0.00090
8.943	9.370	9.817	1.40	16.7	83.3	0.00074
9.817	10.29	10.78	1.51	18.1	81.9	0.00060
10.78	11.29	11.83	1.64	19.6	80.4	0.00049
11.83	12.40	12.99	1.78	21.2	78.8	0.00040
12.99	13.61	14.26	1.92	23.0	77.0	0.00033
14.26	14.94	15.65	2.08	24.9	75.1	0.00027
15.65	16.40	17.18	2.25	27.0	73.0	0.00022
17.18	18.00	18.86	2.41	29.2	70.8	0.00018
18.86	19.76	20.70	2.58	31.7	68.3	0.00015
20.70	21.69	22.73	2.74	34.2	65.8	0.00012
22.73	23.81	24.95	2.87	37.0	63.0	0.000092
24.95	26.14	27.39	2.98	39.9	60.1	0.000072
27.39	28.70	30.07	3.05	42.8	57.2	0.000056
30.07	31.50	33.01	3.08	45.9	54.1	0.000043
33.01	34.58	36.24	3.09	49.0	51.0	0.000032
36.24	37.97	39.78	3.08	52.1	47.9	0.000024
39.78	41.68	43.67	3.06	55.1	44.9	0.000018
43.67	45.75	47.94	3.03	58.2	41.8	0.000014
47.94	50.22	52.62	2.97	61.2	38.8	0.000010
52.62	55.13	57.77	2.87	64.2	35.8	0.000007
57.77	60.52	63.41	2.73	67.1	32.9	0.000005
63.41	66.44	69.61	2.56	69.8	30.2	0.000004
69.61	72.94	76.42	2.35	72.4	27.6	0.000003
76.42	80.07	83.89	2.14	74.7	25.3	0.000002
83.89	87.90	92.09	1.93	76.8	23.2	0.000001
92.09	96.49	101.1	1.73	78.8	21.2	0.000001
101.1	105.9	111.0	1.55	80.5	19.5	0.000001
111.0	116.3	121.8	1.40	82.1	17.9	3.87E-7
121.8	127.6	133.7	1.29	83.5	16.5	2.7E-7
133.7	140.1	146.8	1.24	84.8	15.2	1.95E-7
146.8	153.8	161.2	1.24	86.0	14.0	1.48E-7
161.2	168.9	176.9	1.28	87.2	12.8	1.16E-7
176.9	185.4	194.2	1.34	88.5	11.5	9.15E-8
194.2	203.5	213.2	1.38	89.9	10.1	7.08E-8
213.2	223.4	234.1	1.34	91.2	8.75	5.23E-8
234.1	245.2	256.9	1.23	92.6	7.41	3.62E-8
256.9	269.2	282.1	1.04	93.8	6.18	2.32E-8
282.1	295.5	309.6	0.83	94.9	5.14	1.4E-8
309.6	324.4	339.9	0.65	95.7	4.30	8.27E-9
339.9	356.1	373.1	0.54	96.3	3.65	5.14E-9
373.1	390.9	409.6	0.51	96.9	3.12	3.67E-9
409.6	429.2	449.7	0.54	97.4	2.61	2.96E-9
449.7	471.1	493.6	0.61	97.9	2.07	2.51E-9
493.6	517.2	541.9	0.63	98.5	1.46	1.98E-9
541.9	567.7	594.9	0.50	99.2	0.83	1.18E-9
594.9	623.3	653.0	0.27	99.7	0.34	4.76E-10
653.0	684.2	716.8	0.065	99.9	0.072	8.74E-11
716.8	751.1	786.9	0.0070	99.99	0.0070	7.14E-12
786.9	824.5	863.9	0	100	0	0
863.9	905.1	948.3	0	100	0	0
948.3	993.6	1041	0	100	0	0
1041	1091	1143	0	100	0	0
1143	1197	1255	0	100	0	0
1255	1314	1377	0	100	0	0
1377	1443	1512	0	100	0	0
1512	1584	1660	0	100	0	0
1660	1739	1822	0	100	0	0
1822	1909	2000	0	100	0	0
2000				100	0	

