LS	2022-11-09  15:21
File name:	IODP_STV0166-16_04.$ls
File ID:	IODP
Sample ID:	STV0166-167
Operator:	RG
Bar code:	
Comment 1:	
Comment 2:	
Instrument:	LS 230, VSM Plus
Run number:	4
Start time:	2022-11-09  15:20
Run length:	62
Optical model:	Fraunhofer.rfd   PIDS included
Obscuration:	10
PIDS Obscur:	32
Obscuration:	OK
Serial Number:	7205

From	0.0400
To	2000
Volume 	100
Mean:	70.34
Median:	51.29
D(0,0):	0.108
Mean/Median ratio:	1.371
Mode:	66.44
S.D.:	88.13
Variance:	7767
C.V.:	125.3
Skewness:	4.144
Kurtosis:	21.76
d10:	8.258
d50:	51.29
d90:	126.5
Specific Surf. Area:	5566

% <	Size 
10	8.26
25	25.1
50	51.3
75	83.0
90	127

% >	Size 
10	127
25	83.0
50	51.3
75	25.1
90	8.26

Size 	% <
1	1.56
10	11.6
100	83.1
1000	100

Size 	% >
1	98.4
10	88.4
100	16.9
1000	0

Particle	IODP_STV016	Volume	Volume
Diameter	6-16_04.$ls	% >	%
um	Volume		
	% <		
0.4	0.54	99.5	0.15
0.488	0.69	99.3	0.35
0.69	1.04	99.0	0.49
0.98	1.53	98.5	0.65
1.38	2.17	97.8	0.87
1.95	3.04	97.0	1.12
2.76	4.16	95.8	1.42
3.91	5.58	94.4	1.76
5.52	7.35	92.7	2.24
7.81	9.58	90.4	2.89
11.05	12.5	87.5	3.96
15.63	16.4	83.6	5.79
22.1	22.2	77.8	8.63
31.3	30.8	69.2	12.4
44.2	43.2	56.8	16.9
62.5	60.1	39.9	17.8
88.4	77.9	22.1	11.8
125	89.8	10.2	4.69
177	94.4	5.55	2.20
250	96.7	3.35	1.06
354	97.7	2.29	0.95
500	98.7	1.34	1.18
707	99.8	0.17	0.17
1000	100	0	0
1414	100	0	0
2000	100	0	0
2828	100	0	0
4000	100	0	

Channel	Channel	Channel	Diff.	Cum. <	Cum. >	Diff.
Diameter	Diameter	Diameter	Volume	Volume	Volume	Number
(Lower)	(Center)	(Upper)	%	%	%	%
um	um	um				
0.040	0.042	0.044	0.00020	0	100	1.72
0.044	0.046	0.048	0.00028	0.00020	100	1.76
0.048	0.050	0.053	0.00046	0.00048	100	2.19
0.053	0.055	0.058	0.00094	0.00094	99.999	3.40
0.058	0.061	0.064	0.0019	0.0019	99.998	5.33
0.064	0.067	0.070	0.0036	0.0038	99.996	7.38
0.070	0.073	0.077	0.0054	0.0074	99.99	8.45
0.077	0.080	0.084	0.0072	0.013	99.99	8.51
0.084	0.088	0.093	0.0090	0.020	99.98	8.06
0.093	0.097	0.102	0.011	0.029	99.97	7.48
0.102	0.106	0.112	0.013	0.040	99.96	6.78
0.112	0.117	0.122	0.015	0.053	99.9	5.97
0.122	0.128	0.134	0.018	0.069	99.9	5.17
0.134	0.141	0.148	0.020	0.086	99.9	4.43
0.148	0.155	0.162	0.023	0.11	99.9	3.77
0.162	0.170	0.178	0.025	0.13	99.9	3.18
0.178	0.186	0.195	0.028	0.15	99.8	2.69
0.195	0.205	0.214	0.031	0.18	99.8	2.27
0.214	0.225	0.235	0.035	0.21	99.8	1.91
0.235	0.247	0.258	0.039	0.25	99.8	1.61
0.258	0.271	0.284	0.044	0.29	99.7	1.35
0.284	0.297	0.311	0.048	0.33	99.7	1.14
0.311	0.326	0.342	0.053	0.38	99.6	0.95
0.342	0.358	0.375	0.059	0.43	99.6	0.79
0.375	0.393	0.412	0.064	0.49	99.5	0.65
0.412	0.431	0.452	0.071	0.56	99.4	0.54
0.452	0.474	0.496	0.077	0.63	99.4	0.45
0.496	0.520	0.545	0.085	0.70	99.3	0.37
0.545	0.571	0.598	0.092	0.79	99.2	0.31
0.598	0.627	0.656	0.10	0.88	99.1	0.25
0.656	0.688	0.721	0.11	0.98	99.0	0.21
0.721	0.755	0.791	0.12	1.09	98.9	0.17
0.791	0.829	0.868	0.13	1.21	98.8	0.14
0.868	0.910	0.953	0.14	1.34	98.7	0.12
0.953	0.999	1.047	0.15	1.48	98.5	0.095
1.047	1.097	1.149	0.17	1.64	98.4	0.078
1.149	1.204	1.261	0.18	1.80	98.2	0.064
1.261	1.321	1.385	0.20	1.98	98.0	0.052
1.385	1.451	1.520	0.21	2.18	97.8	0.043
1.520	1.592	1.668	0.23	2.39	97.6	0.035
1.668	1.748	1.832	0.24	2.62	97.4	0.028
1.832	1.919	2.011	0.26	2.86	97.1	0.023
2.011	2.107	2.207	0.28	3.13	96.9	0.019
2.207	2.313	2.423	0.30	3.41	96.6	0.015
2.423	2.539	2.660	0.32	3.71	96.3	0.012
2.660	2.787	2.920	0.34	4.03	96.0	0.0097
2.920	3.059	3.205	0.36	4.37	95.6	0.0078
3.205	3.358	3.519	0.39	4.73	95.3	0.0063
3.519	3.687	3.863	0.41	5.12	94.9	0.0050
3.863	4.047	4.240	0.44	5.53	94.5	0.0041
4.240	4.443	4.655	0.46	5.97	94.0	0.0033
4.655	4.877	5.110	0.49	6.43	93.6	0.0026
5.110	5.354	5.610	0.52	6.92	93.1	0.0021
5.610	5.878	6.158	0.56	7.44	92.6	0.0017
6.158	6.452	6.760	0.59	8.00	92.0	0.0014
6.760	7.083	7.421	0.63	8.59	91.4	0.0011
7.421	7.775	8.147	0.68	9.22	90.8	0.00089
8.147	8.536	8.943	0.72	9.90	90.1	0.00072
8.943	9.370	9.817	0.78	10.6	89.4	0.00058
9.817	10.29	10.78	0.84	11.4	88.6	0.00048
10.78	11.29	11.83	0.91	12.2	87.8	0.00039
11.83	12.40	12.99	1.00	13.2	86.8	0.00032
12.99	13.61	14.26	1.09	14.1	85.9	0.00027
14.26	14.94	15.65	1.21	15.2	84.8	0.00022
15.65	16.40	17.18	1.34	16.5	83.5	0.00019
17.18	18.00	18.86	1.49	17.8	82.2	0.00016
18.86	19.76	20.70	1.66	19.3	80.7	0.00013
20.70	21.69	22.73	1.85	20.9	79.1	0.00011
22.73	23.81	24.95	2.06	22.8	77.2	0.000094
24.95	26.14	27.39	2.29	24.9	75.1	0.000079
27.39	28.70	30.07	2.53	27.1	72.9	0.000066
30.07	31.50	33.01	2.79	29.7	70.3	0.000055
33.01	34.58	36.24	3.08	32.5	67.5	0.000046
36.24	37.97	39.78	3.40	35.6	64.4	0.000038
39.78	41.68	43.67	3.75	39.0	61.0	0.000032
43.67	45.75	47.94	4.11	42.7	57.3	0.000026
47.94	50.22	52.62	4.45	46.8	53.2	0.000022
52.62	55.13	57.77	4.74	51.3	48.7	0.000017
57.77	60.52	63.41	4.94	56.0	44.0	0.000014
63.41	66.44	69.61	5.01	60.9	39.1	0.000011
69.61	72.94	76.42	4.93	66.0	34.0	0.000008
76.42	80.07	83.89	4.68	70.9	29.1	0.000006
83.89	87.90	92.09	4.28	75.6	24.4	0.000004
92.09	96.49	101.1	3.75	79.9	20.1	0.000003
101.1	105.9	111.0	3.14	83.6	16.4	0.000002
111.0	116.3	121.8	2.50	86.7	13.3	0.000001
121.8	127.6	133.7	1.91	89.2	10.8	0.000001
133.7	140.1	146.8	1.42	91.2	8.84	3.17E-7
146.8	153.8	161.2	1.05	92.6	7.43	1.79E-7
161.2	168.9	176.9	0.82	93.6	6.37	1.05E-7
176.9	185.4	194.2	0.69	94.4	5.55	6.69E-8
194.2	203.5	213.2	0.62	95.1	4.86	4.53E-8
213.2	223.4	234.1	0.56	95.8	4.24	3.1E-8
234.1	245.2	256.9	0.48	96.3	3.68	2.01E-8
256.9	269.2	282.1	0.38	96.8	3.20	1.19E-8
282.1	295.5	309.6	0.27	97.2	2.83	6.43E-9
309.6	324.4	339.9	0.20	97.4	2.56	3.55E-9
339.9	356.1	373.1	0.17	97.6	2.36	2.38E-9
373.1	390.9	409.6	0.20	97.8	2.19	2.08E-9
409.6	429.2	449.7	0.26	98.0	1.99	2.06E-9
449.7	471.1	493.6	0.33	98.3	1.72	1.95E-9
493.6	517.2	541.9	0.37	98.6	1.39	1.63E-9
541.9	567.7	594.9	0.36	99.0	1.03	1.21E-9
594.9	623.3	653.0	0.32	99.3	0.67	8.05E-10
653.0	684.2	716.8	0.22	99.6	0.35	4.2E-10
716.8	751.1	786.9	0.11	99.9	0.14	1.57E-10
786.9	824.5	863.9	0.025	99.97	0.028	2.75E-11
863.9	905.1	948.3	0.0026	99.997	0.0026	2.13E-12
948.3	993.6	1041	0	100	0	0
1041	1091	1143	0	100	0	0
1143	1197	1255	0	100	0	0
1255	1314	1377	0	100	0	0
1377	1443	1512	0	100	0	0
1512	1584	1660	0	100	0	0
1660	1739	1822	0	100	0	0
1822	1909	2000	0	100	0	0
2000				100	0	

