LS	2022-11-09  16:37
File name:	IODP_STV0259-26_03.$ls
File ID:	IODP
Sample ID:	STV0259-262
Operator:	RG
Bar code:	
Comment 1:	
Comment 2:	
Instrument:	LS 230, VSM Plus
Run number:	3
Start time:	2022-11-09  16:36
Run length:	61
Optical model:	Fraunhofer.rfd   PIDS included
Obscuration:	12
PIDS Obscur:	43
Obscuration:	OK
Serial Number:	7205

From	0.0400
To	2000
Volume 	100
Mean:	99.79
Median:	58.63
D(0,0):	0.109
Mean/Median ratio:	1.702
Mode:	185.4
S.D.:	119.7
Variance:	14334
C.V.:	120.0
Skewness:	2.326
Kurtosis:	6.916
d10:	4.494
d50:	58.63
d90:	232.6
Specific Surf. Area:	7534

% <	Size 
10	4.49
25	16.7
50	58.6
75	145
90	233

% >	Size 
10	233
25	145
50	58.6
75	16.7
90	4.49

Size 	% <
1	2.25
10	18.1
100	64.4
1000	100

Size 	% >
1	97.8
10	81.9
100	35.6
1000	0

Particle	IODP_STV025	Volume	Volume
Diameter	9-26_03.$ls	% >	%
um	Volume		
	% <		
0.4	0.77	99.2	0.22
0.488	0.99	99.0	0.50
0.69	1.49	98.5	0.71
0.98	2.20	97.8	0.98
1.38	3.18	96.8	1.39
1.95	4.57	95.4	1.89
2.76	6.46	93.5	2.42
3.91	8.89	91.1	2.92
5.52	11.8	88.2	3.45
7.81	15.3	84.7	4.01
11.05	19.3	80.7	4.74
15.63	24.0	76.0	5.78
22.1	29.8	70.2	6.63
31.3	36.4	63.6	7.08
44.2	43.5	56.5	8.07
62.5	51.6	48.4	9.24
88.4	60.8	39.2	9.95
125	70.8	29.2	10.4
177	81.2	18.8	10.6
250	91.8	8.18	4.17
354	96.0	4.01	1.66
500	97.7	2.35	2.09
707	99.7	0.25	0.25
1000	100	0	0
1414	100	0	0
2000	100	0	0
2828	100	0	0
4000	100	0	

Channel	Channel	Channel	Diff.	Cum. <	Cum. >	Diff.
Diameter	Diameter	Diameter	Volume	Volume	Volume	Number
(Lower)	(Center)	(Upper)	%	%	%	%
um	um	um				
0.040	0.042	0.044	0.00029	0	100	1.74
0.044	0.046	0.048	0.00039	0.00029	100	1.75
0.048	0.050	0.053	0.00063	0.00068	99.999	2.14
0.053	0.055	0.058	0.0013	0.0013	99.999	3.26
0.058	0.061	0.064	0.0027	0.0026	99.997	5.13
0.064	0.067	0.070	0.0049	0.0052	99.99	7.20
0.070	0.073	0.077	0.0076	0.010	99.99	8.38
0.077	0.080	0.084	0.010	0.018	99.98	8.51
0.084	0.088	0.093	0.013	0.028	99.97	8.09
0.093	0.097	0.102	0.016	0.041	99.96	7.51
0.102	0.106	0.112	0.019	0.057	99.9	6.82
0.112	0.117	0.122	0.022	0.075	99.9	6.02
0.122	0.128	0.134	0.025	0.097	99.9	5.21
0.134	0.141	0.148	0.029	0.12	99.9	4.47
0.148	0.155	0.162	0.032	0.15	99.8	3.81
0.162	0.170	0.178	0.036	0.18	99.8	3.23
0.178	0.186	0.195	0.040	0.22	99.8	2.72
0.195	0.205	0.214	0.045	0.26	99.7	2.30
0.214	0.225	0.235	0.051	0.31	99.7	1.94
0.235	0.247	0.258	0.056	0.36	99.6	1.64
0.258	0.271	0.284	0.063	0.41	99.6	1.38
0.284	0.297	0.311	0.070	0.48	99.5	1.16
0.311	0.326	0.342	0.077	0.55	99.5	0.97
0.342	0.358	0.375	0.085	0.62	99.4	0.80
0.375	0.393	0.412	0.092	0.71	99.3	0.66
0.412	0.431	0.452	0.10	0.80	99.2	0.55
0.452	0.474	0.496	0.11	0.90	99.1	0.45
0.496	0.520	0.545	0.12	1.01	99.0	0.37
0.545	0.571	0.598	0.13	1.13	98.9	0.31
0.598	0.627	0.656	0.14	1.26	98.7	0.26
0.656	0.688	0.721	0.16	1.41	98.6	0.21
0.721	0.755	0.791	0.17	1.57	98.4	0.17
0.791	0.829	0.868	0.19	1.74	98.3	0.14
0.868	0.910	0.953	0.21	1.93	98.1	0.12
0.953	0.999	1.047	0.23	2.13	97.9	0.099
1.047	1.097	1.149	0.25	2.36	97.6	0.083
1.149	1.204	1.261	0.28	2.61	97.4	0.069
1.261	1.321	1.385	0.30	2.89	97.1	0.057
1.385	1.451	1.520	0.33	3.19	96.8	0.047
1.520	1.592	1.668	0.36	3.52	96.5	0.039
1.668	1.748	1.832	0.40	3.89	96.1	0.032
1.832	1.919	2.011	0.43	4.28	95.7	0.027
2.011	2.107	2.207	0.47	4.72	95.3	0.022
2.207	2.313	2.423	0.51	5.19	94.8	0.018
2.423	2.539	2.660	0.54	5.69	94.3	0.014
2.660	2.787	2.920	0.58	6.24	93.8	0.012
2.920	3.059	3.205	0.62	6.82	93.2	0.0094
3.205	3.358	3.519	0.66	7.44	92.6	0.0076
3.519	3.687	3.863	0.70	8.10	91.9	0.0060
3.863	4.047	4.240	0.73	8.79	91.2	0.0048
4.240	4.443	4.655	0.77	9.53	90.5	0.0038
4.655	4.877	5.110	0.81	10.3	89.7	0.0030
5.110	5.354	5.610	0.85	11.1	88.9	0.0024
5.610	5.878	6.158	0.88	12.0	88.0	0.0019
6.158	6.452	6.760	0.92	12.8	87.2	0.0015
6.760	7.083	7.421	0.96	13.8	86.2	0.0012
7.421	7.775	8.147	1.00	14.7	85.3	0.00092
8.147	8.536	8.943	1.04	15.7	84.3	0.00073
8.943	9.370	9.817	1.08	16.8	83.2	0.00057
9.817	10.29	10.78	1.12	17.8	82.2	0.00045
10.78	11.29	11.83	1.17	19.0	81.0	0.00036
11.83	12.40	12.99	1.23	20.1	79.9	0.00028
12.99	13.61	14.26	1.29	21.4	78.6	0.00022
14.26	14.94	15.65	1.37	22.7	77.3	0.00018
15.65	16.40	17.18	1.45	24.0	76.0	0.00014
17.18	18.00	18.86	1.53	25.5	74.5	0.00011
18.86	19.76	20.70	1.62	27.0	73.0	0.000091
20.70	21.69	22.73	1.69	28.6	71.4	0.000072
22.73	23.81	24.95	1.75	30.3	69.7	0.000056
24.95	26.14	27.39	1.78	32.1	67.9	0.000043
27.39	28.70	30.07	1.81	33.8	66.2	0.000033
30.07	31.50	33.01	1.83	35.6	64.4	0.000026
33.01	34.58	36.24	1.87	37.5	62.5	0.000020
36.24	37.97	39.78	1.92	39.3	60.7	0.000015
39.78	41.68	43.67	1.98	41.3	58.7	0.000012
43.67	45.75	47.94	2.06	43.2	56.8	0.000009
47.94	50.22	52.62	2.13	45.3	54.7	0.000007
52.62	55.13	57.77	2.21	47.4	52.6	0.000006
57.77	60.52	63.41	2.29	49.6	50.4	0.000005
63.41	66.44	69.61	2.38	51.9	48.1	0.000004
69.61	72.94	76.42	2.47	54.3	45.7	0.000003
76.42	80.07	83.89	2.57	56.8	43.2	0.000002
83.89	87.90	92.09	2.65	59.4	40.6	0.000002
92.09	96.49	101.1	2.69	62.0	38.0	0.000001
101.1	105.9	111.0	2.70	64.7	35.3	0.000001
111.0	116.3	121.8	2.67	67.4	32.6	0.000001
121.8	127.6	133.7	2.65	70.1	29.9	0.000001
133.7	140.1	146.8	2.68	72.7	27.3	4.25E-7
146.8	153.8	161.2	2.80	75.4	24.6	3.35E-7
161.2	168.9	176.9	2.97	78.2	21.8	2.69E-7
176.9	185.4	194.2	3.11	81.2	18.8	2.13E-7
194.2	203.5	213.2	3.09	84.3	15.7	1.6E-7
213.2	223.4	234.1	2.83	87.4	12.6	1.11E-7
234.1	245.2	256.9	2.33	90.2	9.80	6.87E-8
256.9	269.2	282.1	1.67	92.5	7.47	3.73E-8
282.1	295.5	309.6	1.04	94.2	5.80	1.76E-8
309.6	324.4	339.9	0.60	95.2	4.76	7.59E-9
339.9	356.1	373.1	0.38	95.8	4.17	3.67E-9
373.1	390.9	409.6	0.35	96.2	3.79	2.53E-9
409.6	429.2	449.7	0.43	96.6	3.44	2.4E-9
449.7	471.1	493.6	0.57	97.0	3.00	2.38E-9
493.6	517.2	541.9	0.66	97.6	2.43	2.09E-9
541.9	567.7	594.9	0.66	98.2	1.77	1.57E-9
594.9	623.3	653.0	0.56	98.9	1.11	1E-9
653.0	684.2	716.8	0.36	99.4	0.55	4.85E-10
716.8	751.1	786.9	0.16	99.8	0.20	1.63E-10
786.9	824.5	863.9	0.034	99.96	0.037	2.64E-11
863.9	905.1	948.3	0.0031	99.997	0.0031	1.82E-12
948.3	993.6	1041	0	100	0	0
1041	1091	1143	0	100	0	0
1143	1197	1255	0	100	0	0
1255	1314	1377	0	100	0	0
1377	1443	1512	0	100	0	0
1512	1584	1660	0	100	0	0
1660	1739	1822	0	100	0	0
1822	1909	2000	0	100	0	0
2000				100	0	

