LS	2022-11-09  13:28
File name:	IODP_std_MazPB_04.$ls
File ID:	IODP
Sample ID:	std_MazPB
Operator:	RG
Bar code:	
Comment 1:	
Comment 2:	
Instrument:	LS 230, VSM Plus
Run number:	4
Start time:	2022-11-09  13:26
Run length:	61
Optical model:	Fraunhofer.rfd   PIDS included
Obscuration:	10
PIDS Obscur:	39
Obscuration:	OK
Serial Number:	7205

From	0.0400
To	2000
Volume 	100
Mean:	73.47
Median:	34.43
D(0,0):	0.106
Mean/Median ratio:	2.134
Mode:	34.58
S.D.:	104.8
Variance:	10989
C.V.:	142.7
Skewness:	2.810
Kurtosis:	9.364
d10:	4.987
d50:	34.43
d90:	202.5
Specific Surf. Area:	7857

% <	Size 
10	4.99
25	14.4
50	34.4
75	80.0
90	203

% >	Size 
10	203
25	80.0
50	34.4
75	14.4
90	4.99

Size 	% <
1	2.23
10	18.3
100	79.3
1000	100

Size 	% >
1	97.8
10	81.7
100	20.7
1000	0

Particle	IODP_std	Volume	Volume	IODP_std	Volume	Volume
Diameter	_MazPB_04	% >	%	_MazPB_01	% >	%
um	.$ls			.$ls		
	Volume			Volume		
	% <			% <		
0.4	0.80	99.2	0.22	0.84	99.2	0.23
0.488	1.02	99.0	0.49	1.07	98.9	0.51
0.69	1.51	98.5	0.68	1.58	98.4	0.70
0.98	2.19	97.8	0.90	2.28	97.7	0.92
1.38	3.08	96.9	1.21	3.19	96.8	1.24
1.95	4.29	95.7	1.62	4.43	95.6	1.64
2.76	5.92	94.1	2.16	6.07	93.9	2.18
3.91	8.07	91.9	2.86	8.26	91.7	2.89
5.52	10.9	89.1	3.85	11.1	88.9	3.91
7.81	14.8	85.2	5.15	15.1	84.9	5.25
11.05	19.9	80.1	6.90	20.3	79.7	7.05
15.63	26.8	73.2	9.06	27.4	72.6	9.26
22.1	35.9	64.1	11.0	36.6	63.4	11.2
31.3	46.9	53.1	11.3	47.8	52.2	11.6
44.2	58.2	41.8	10.7	59.4	40.6	10.9
62.5	68.9	31.1	8.16	70.4	29.6	8.34
88.4	77.1	22.9	5.94	78.7	21.3	5.97
125	83.0	17.0	5.13	84.7	15.3	5.51
177	88.1	11.9	4.81	90.2	9.80	4.29
250	92.9	7.07	3.83	94.5	5.51	3.02
354	96.8	3.23	1.93	97.5	2.49	1.87
500	98.7	1.30	1.20	99.4	0.62	0.62
707	99.9	0.11	0.11	99.995	0.0049	0.0049
1000	100	0	0	100	0	0
1414	100	0	0	100	0	0
2000	100	0	0	100	0	0
2828	100	0	0	100	0	0
4000	100	0		100	0	

			IODP_std				IODP_std			
Channel	Channel	Channel	_MazPB_04	Cum. <	Cum. >	Diff.	_MazPB_01	Cum. <	Cum. >	Diff.
Diameter	Diameter	Diameter	.$ls	Volume	Volume	Number	.$ls	Volume	Volume	Number
(Lower)	(Center)	(Upper)	Diff.	%	%	%	Diff.	%	%	%
um	um	um	Volume				Volume			
			%				%			
0.040	0.042	0.044	0.00034	0	100	1.82	0.00036	0	100	1.83
0.044	0.046	0.048	0.00046	0.00034	100	1.83	0.00048	0.00036	100	1.83
0.048	0.050	0.053	0.00074	0.00080	99.999	2.24	0.00077	0.00084	99.999	2.23
0.053	0.055	0.058	0.0015	0.0015	99.998	3.42	0.0016	0.0016	99.998	3.39
0.058	0.061	0.064	0.0031	0.0030	99.997	5.39	0.0032	0.0032	99.997	5.35
0.064	0.067	0.070	0.0057	0.0061	99.99	7.54	0.0060	0.0064	99.99	7.50
0.070	0.073	0.077	0.0088	0.012	99.99	8.68	0.0092	0.012	99.99	8.69
0.077	0.080	0.084	0.012	0.021	99.98	8.74	0.012	0.022	99.98	8.77
0.084	0.088	0.093	0.015	0.032	99.97	8.25	0.015	0.034	99.97	8.28
0.093	0.097	0.102	0.018	0.047	99.95	7.60	0.019	0.049	99.95	7.63
0.102	0.106	0.112	0.021	0.065	99.9	6.84	0.022	0.068	99.9	6.87
0.112	0.117	0.122	0.024	0.086	99.9	5.99	0.026	0.090	99.9	6.01
0.122	0.128	0.134	0.028	0.11	99.9	5.15	0.029	0.12	99.9	5.17
0.134	0.141	0.148	0.031	0.14	99.9	4.38	0.033	0.15	99.9	4.40
0.148	0.155	0.162	0.035	0.17	99.8	3.70	0.037	0.18	99.8	3.71
0.162	0.170	0.178	0.039	0.20	99.8	3.10	0.041	0.22	99.8	3.10
0.178	0.186	0.195	0.043	0.24	99.8	2.59	0.045	0.26	99.7	2.59
0.195	0.205	0.214	0.047	0.29	99.7	2.17	0.050	0.30	99.7	2.17
0.214	0.225	0.235	0.052	0.33	99.7	1.81	0.055	0.35	99.6	1.81
0.235	0.247	0.258	0.058	0.39	99.6	1.51	0.061	0.41	99.6	1.51
0.258	0.271	0.284	0.064	0.44	99.6	1.26	0.067	0.47	99.5	1.26
0.284	0.297	0.311	0.070	0.51	99.5	1.05	0.074	0.53	99.5	1.05
0.311	0.326	0.342	0.077	0.58	99.4	0.87	0.081	0.61	99.4	0.87
0.342	0.358	0.375	0.084	0.66	99.3	0.72	0.088	0.69	99.3	0.72
0.375	0.393	0.412	0.092	0.74	99.3	0.59	0.096	0.78	99.2	0.59
0.412	0.431	0.452	0.10	0.83	99.2	0.49	0.10	0.87	99.1	0.49
0.452	0.474	0.496	0.11	0.93	99.1	0.40	0.11	0.98	99.0	0.40
0.496	0.520	0.545	0.12	1.04	99.0	0.33	0.12	1.09	98.9	0.33
0.545	0.571	0.598	0.13	1.16	98.8	0.27	0.13	1.22	98.8	0.27
0.598	0.627	0.656	0.14	1.29	98.7	0.22	0.15	1.35	98.7	0.22
0.656	0.688	0.721	0.15	1.43	98.6	0.18	0.16	1.50	98.5	0.18
0.721	0.755	0.791	0.17	1.58	98.4	0.15	0.17	1.65	98.3	0.15
0.791	0.829	0.868	0.18	1.75	98.3	0.12	0.19	1.83	98.2	0.12
0.868	0.910	0.953	0.20	1.93	98.1	0.10	0.20	2.01	98.0	0.100
0.953	0.999	1.047	0.21	2.13	97.9	0.083	0.22	2.21	97.8	0.082
1.047	1.097	1.149	0.23	2.34	97.7	0.069	0.24	2.43	97.6	0.067
1.149	1.204	1.261	0.25	2.57	97.4	0.056	0.26	2.67	97.3	0.055
1.261	1.321	1.385	0.27	2.82	97.2	0.046	0.28	2.93	97.1	0.045
1.385	1.451	1.520	0.29	3.09	96.9	0.038	0.30	3.21	96.8	0.037
1.520	1.592	1.668	0.32	3.39	96.6	0.031	0.32	3.51	96.5	0.030
1.668	1.748	1.832	0.34	3.70	96.3	0.025	0.35	3.83	96.2	0.024
1.832	1.919	2.011	0.37	4.05	96.0	0.021	0.38	4.18	95.8	0.020
2.011	2.107	2.207	0.40	4.42	95.6	0.017	0.41	4.56	95.4	0.016
2.207	2.313	2.423	0.43	4.82	95.2	0.014	0.44	4.97	95.0	0.013
2.423	2.539	2.660	0.47	5.25	94.7	0.011	0.47	5.40	94.6	0.011
2.660	2.787	2.920	0.50	5.72	94.3	0.0091	0.51	5.88	94.1	0.0088
2.920	3.059	3.205	0.54	6.22	93.8	0.0074	0.55	6.39	93.6	0.0071
3.205	3.358	3.519	0.59	6.77	93.2	0.0061	0.59	6.94	93.1	0.0058
3.519	3.687	3.863	0.63	7.35	92.6	0.0049	0.64	7.53	92.5	0.0048
3.863	4.047	4.240	0.69	7.99	92.0	0.0040	0.69	8.17	91.8	0.0039
4.240	4.443	4.655	0.74	8.67	91.3	0.0033	0.75	8.86	91.1	0.0032
4.655	4.877	5.110	0.80	9.41	90.6	0.0027	0.81	9.61	90.4	0.0026
5.110	5.354	5.610	0.87	10.2	89.8	0.0022	0.88	10.4	89.6	0.0021
5.610	5.878	6.158	0.94	11.1	88.9	0.0018	0.95	11.3	88.7	0.0017
6.158	6.452	6.760	1.02	12.0	88.0	0.0015	1.03	12.3	87.7	0.0014
6.760	7.083	7.421	1.10	13.0	87.0	0.0012	1.12	13.3	86.7	0.0012
7.421	7.775	8.147	1.19	14.1	85.9	0.00099	1.21	14.4	85.6	0.00096
8.147	8.536	8.943	1.29	15.3	84.7	0.00081	1.31	15.6	84.4	0.00078
8.943	9.370	9.817	1.39	16.6	83.4	0.00066	1.42	16.9	83.1	0.00064
9.817	10.29	10.78	1.50	18.0	82.0	0.00054	1.53	18.3	81.7	0.00052
10.78	11.29	11.83	1.63	19.5	80.5	0.00044	1.66	19.9	80.1	0.00043
11.83	12.40	12.99	1.76	21.1	78.9	0.00036	1.80	21.5	78.5	0.00035
12.99	13.61	14.26	1.90	22.9	77.1	0.00030	1.95	23.3	76.7	0.00029
14.26	14.94	15.65	2.06	24.8	75.2	0.00024	2.11	25.3	74.7	0.00024
15.65	16.40	17.18	2.22	26.9	73.1	0.00020	2.27	27.4	72.6	0.00019
17.18	18.00	18.86	2.39	29.1	70.9	0.00016	2.44	29.7	70.3	0.00016
18.86	19.76	20.70	2.55	31.5	68.5	0.00013	2.61	32.1	67.9	0.00013
20.70	21.69	22.73	2.71	34.0	66.0	0.00010	2.77	34.7	65.3	0.00010
22.73	23.81	24.95	2.85	36.7	63.3	0.000083	2.91	37.5	62.5	0.000080
24.95	26.14	27.39	2.96	39.6	60.4	0.000065	3.02	40.4	59.6	0.000063
27.39	28.70	30.07	3.03	42.5	57.5	0.000050	3.10	43.4	56.6	0.000049
30.07	31.50	33.01	3.07	45.6	54.4	0.000038	3.13	46.5	53.5	0.000037
33.01	34.58	36.24	3.08	48.6	51.4	0.000029	3.14	49.6	50.4	0.000028
36.24	37.97	39.78	3.07	51.7	48.3	0.000022	3.14	52.8	47.2	0.000021
39.78	41.68	43.67	3.05	54.8	45.2	0.000016	3.11	55.9	44.1	0.000016
43.67	45.75	47.94	3.01	57.8	42.2	0.000012	3.08	59.0	41.0	0.000012
47.94	50.22	52.62	2.95	60.9	39.1	0.000009	3.02	62.1	37.9	0.000009
52.62	55.13	57.77	2.85	63.8	36.2	0.000007	2.92	65.1	34.9	0.000006
57.77	60.52	63.41	2.68	66.7	33.3	0.000005	2.76	68.1	31.9	0.000005
63.41	66.44	69.61	2.47	69.3	30.7	0.000003	2.55	70.8	29.2	0.000003
69.61	72.94	76.42	2.24	71.8	28.2	0.000002	2.30	73.4	26.6	0.000002
76.42	80.07	83.89	2.01	74.0	26.0	0.000002	2.05	75.7	24.3	0.000001
83.89	87.90	92.09	1.82	76.1	23.9	0.000001	1.82	77.7	22.3	0.000001
92.09	96.49	101.1	1.67	77.9	22.1	0.000001	1.66	79.5	20.5	0.000001
101.1	105.9	111.0	1.57	79.6	20.4	0.000001	1.56	81.2	18.8	4.9E-7
111.0	116.3	121.8	1.50	81.1	18.9	3.72E-7	1.52	82.8	17.2	3.61E-7
121.8	127.6	133.7	1.44	82.6	17.4	2.71E-7	1.52	84.3	15.7	2.71E-7
133.7	140.1	146.8	1.39	84.1	15.9	1.98E-7	1.51	85.8	14.2	2.04E-7
146.8	153.8	161.2	1.35	85.4	14.6	1.45E-7	1.48	87.3	12.7	1.51E-7
161.2	168.9	176.9	1.32	86.8	13.2	1.07E-7	1.41	88.8	11.2	1.09E-7
176.9	185.4	194.2	1.31	88.1	11.9	8.03E-8	1.31	90.2	9.81	7.65E-8
194.2	203.5	213.2	1.31	89.4	10.6	6.07E-8	1.20	91.5	8.50	5.3E-8
213.2	223.4	234.1	1.31	90.7	9.26	4.58E-8	1.09	92.7	7.30	3.66E-8
234.1	245.2	256.9	1.28	92.0	7.96	3.39E-8	1.00	93.8	6.20	2.52E-8
256.9	269.2	282.1	1.20	93.3	6.68	2.4E-8	0.91	94.8	5.21	1.73E-8
282.1	295.5	309.6	1.06	94.5	5.48	1.61E-8	0.82	95.7	4.30	1.18E-8
309.6	324.4	339.9	0.89	95.6	4.42	1.02E-8	0.72	96.5	3.48	7.87E-9
339.9	356.1	373.1	0.71	96.5	3.53	6.12E-9	0.63	97.2	2.76	5.21E-9
373.1	390.9	409.6	0.56	97.2	2.83	3.69E-9	0.55	97.9	2.13	3.45E-9
409.6	429.2	449.7	0.47	97.7	2.26	2.35E-9	0.49	98.4	1.57	2.29E-9
449.7	471.1	493.6	0.43	98.2	1.79	1.62E-9	0.42	98.9	1.08	1.5E-9
493.6	517.2	541.9	0.41	98.6	1.36	1.17E-9	0.34	99.3	0.66	9.05E-10
541.9	567.7	594.9	0.38	99.1	0.94	8.18E-10	0.21	99.7	0.33	4.33E-10
594.9	623.3	653.0	0.30	99.4	0.56	4.9E-10	0.094	99.9	0.12	1.45E-10
653.0	684.2	716.8	0.18	99.7	0.26	2.18E-10	0.020	99.98	0.022	2.33E-11
716.8	751.1	786.9	0.066	99.9	0.079	6.11E-11	0.0018	99.998	0.0018	1.58E-12
786.9	824.5	863.9	0.012	99.99	0.013	8.35E-12	0	100	0	0
863.9	905.1	948.3	0.00073	99.999	0.00073	3.85E-13	0	100	0	0
948.3	993.6	1041	0	100	0	0	0	100	0	0
1041	1091	1143	0	100	0	0	0	100	0	0
1143	1197	1255	0	100	0	0	0	100	0	0
1255	1314	1377	0	100	0	0	0	100	0	0
1377	1443	1512	0	100	0	0	0	100	0	0
1512	1584	1660	0	100	0	0	0	100	0	0
1660	1739	1822	0	100	0	0	0	100	0	0
1822	1909	2000	0	100	0	0	0	100	0	0
2000				100	0			100	0	

