LS	2022-11-09  15:03
File name:	IODP_STV0015-16_06.$ls
File ID:	IODP
Sample ID:	STV0015-16
Operator:	RG
Bar code:	
Comment 1:	
Comment 2:	
Instrument:	LS 230, VSM Plus
Run number:	6
Start time:	2022-11-09  15:02
Run length:	63
Optical model:	Fraunhofer.rfd   PIDS included
Obscuration:	7
PIDS Obscur:	20
Obscuration:	Low
Serial Number:	7205

From	0.0400
To	2000
Volume 	100
Mean:	72.12
Median:	47.02
D(0,0):	0.103
Mean/Median ratio:	1.534
Mode:	45.75
S.D.:	68.35
Variance:	4671
C.V.:	94.77
Skewness:	1.242
Kurtosis:	0.654
d10:	7.606
d50:	47.02
d90:	187.3
Specific Surf. Area:	6127

% <	Size 
10	7.61
25	22.1
50	47.0
75	101
90	187

% >	Size 
10	187
25	101
50	47.0
75	22.1
90	7.61

Size 	% <
1	1.70
10	12.4
100	74.7
1000	100

Size 	% >
1	98.3
10	87.6
100	25.3
1000	0

Particle	IODP_STV001	Volume	Volume
Diameter	5-16_06.$ls	% >	%
um	Volume		
	% <		
0.4	0.64	99.4	0.16
0.488	0.80	99.2	0.36
0.69	1.17	98.8	0.50
0.98	1.66	98.3	0.66
1.38	2.33	97.7	0.90
1.95	3.22	96.8	1.18
2.76	4.40	95.6	1.50
3.91	5.90	94.1	1.88
5.52	7.78	92.2	2.43
7.81	10.2	89.8	3.22
11.05	13.4	86.6	4.58
15.63	18.0	82.0	7.01
22.1	25.0	75.0	10.2
31.3	35.2	64.8	12.5
44.2	47.7	52.3	12.7
62.5	60.4	39.6	11.0
88.4	71.3	28.7	8.60
125	79.9	20.1	8.34
177	88.3	11.7	9.74
250	98.0	2.01	2.00
354	99.997	0.0029	0.0029
500	100	0	0
707	100	0	0
1000	100	0	0
1414	100	0	0
2000	100	0	0
2828	100	0	0
4000	100	0	

Channel	Channel	Channel	Diff.	Cum. <	Cum. >	Diff.
Diameter	Diameter	Diameter	Volume	Volume	Volume	Number
(Lower)	(Center)	(Upper)	%	%	%	%
um	um	um				
0.040	0.042	0.044	0.00030	0	100	1.85
0.044	0.046	0.048	0.00041	0.00030	100	1.91
0.048	0.050	0.053	0.00068	0.00071	99.999	2.41
0.053	0.055	0.058	0.0014	0.0014	99.999	3.78
0.058	0.061	0.064	0.0029	0.0028	99.997	5.93
0.064	0.067	0.070	0.0053	0.0057	99.99	8.10
0.070	0.073	0.077	0.0078	0.011	99.99	9.02
0.077	0.080	0.084	0.010	0.019	99.98	8.90
0.084	0.088	0.093	0.013	0.029	99.97	8.30
0.093	0.097	0.102	0.015	0.042	99.96	7.60
0.102	0.106	0.112	0.018	0.057	99.9	6.76
0.112	0.117	0.122	0.021	0.075	99.9	5.86
0.122	0.128	0.134	0.023	0.096	99.9	5.00
0.134	0.141	0.148	0.026	0.12	99.9	4.22
0.148	0.155	0.162	0.029	0.14	99.9	3.54
0.162	0.170	0.178	0.032	0.17	99.8	2.94
0.178	0.186	0.195	0.035	0.21	99.8	2.44
0.195	0.205	0.214	0.038	0.24	99.8	2.02
0.214	0.225	0.235	0.042	0.28	99.7	1.67
0.235	0.247	0.258	0.046	0.32	99.7	1.38
0.258	0.271	0.284	0.050	0.37	99.6	1.14
0.284	0.297	0.311	0.054	0.42	99.6	0.94
0.311	0.326	0.342	0.059	0.47	99.5	0.77
0.342	0.358	0.375	0.064	0.53	99.5	0.63
0.375	0.393	0.412	0.069	0.59	99.4	0.52
0.412	0.431	0.452	0.075	0.66	99.3	0.43
0.452	0.474	0.496	0.082	0.74	99.3	0.35
0.496	0.520	0.545	0.089	0.82	99.2	0.29
0.545	0.571	0.598	0.096	0.91	99.1	0.23
0.598	0.627	0.656	0.10	1.00	99.0	0.19
0.656	0.688	0.721	0.11	1.11	98.9	0.16
0.721	0.755	0.791	0.12	1.22	98.8	0.13
0.791	0.829	0.868	0.13	1.34	98.7	0.11
0.868	0.910	0.953	0.14	1.48	98.5	0.087
0.953	0.999	1.047	0.16	1.62	98.4	0.071
1.047	1.097	1.149	0.17	1.78	98.2	0.059
1.149	1.204	1.261	0.19	1.95	98.1	0.048
1.261	1.321	1.385	0.20	2.13	97.9	0.040
1.385	1.451	1.520	0.22	2.33	97.7	0.032
1.520	1.592	1.668	0.24	2.55	97.4	0.026
1.668	1.748	1.832	0.25	2.79	97.2	0.022
1.832	1.919	2.011	0.27	3.04	97.0	0.018
2.011	2.107	2.207	0.29	3.31	96.7	0.014
2.207	2.313	2.423	0.31	3.61	96.4	0.012
2.423	2.539	2.660	0.34	3.92	96.1	0.0093
2.660	2.787	2.920	0.36	4.26	95.7	0.0075
2.920	3.059	3.205	0.38	4.62	95.4	0.0061
3.205	3.358	3.519	0.41	5.00	95.0	0.0049
3.519	3.687	3.863	0.43	5.41	94.6	0.0039
3.863	4.047	4.240	0.46	5.84	94.2	0.0032
4.240	4.443	4.655	0.49	6.30	93.7	0.0025
4.655	4.877	5.110	0.52	6.79	93.2	0.0021
5.110	5.354	5.610	0.56	7.32	92.7	0.0017
5.610	5.878	6.158	0.60	7.88	92.1	0.0013
6.158	6.452	6.760	0.64	8.48	91.5	0.0011
6.760	7.083	7.421	0.69	9.12	90.9	0.00088
7.421	7.775	8.147	0.74	9.81	90.2	0.00072
8.147	8.536	8.943	0.80	10.6	89.4	0.00058
8.943	9.370	9.817	0.87	11.4	88.6	0.00048
9.817	10.29	10.78	0.94	12.2	87.8	0.00039
10.78	11.29	11.83	1.04	13.2	86.8	0.00033
11.83	12.40	12.99	1.14	14.2	85.8	0.00027
12.99	13.61	14.26	1.27	15.3	84.7	0.00023
14.26	14.94	15.65	1.42	16.6	83.4	0.00019
15.65	16.40	17.18	1.60	18.0	82.0	0.00016
17.18	18.00	18.86	1.80	19.6	80.4	0.00014
18.86	19.76	20.70	2.03	21.4	78.6	0.00012
20.70	21.69	22.73	2.26	23.5	76.5	0.00010
22.73	23.81	24.95	2.50	25.7	74.3	0.000084
24.95	26.14	27.39	2.73	28.2	71.8	0.000069
27.39	28.70	30.07	2.94	31.0	69.0	0.000057
30.07	31.50	33.01	3.13	33.9	66.1	0.000045
33.01	34.58	36.24	3.29	37.0	63.0	0.000036
36.24	37.97	39.78	3.42	40.3	59.7	0.000028
39.78	41.68	43.67	3.49	43.7	56.3	0.000022
43.67	45.75	47.94	3.52	47.2	52.8	0.000017
47.94	50.22	52.62	3.48	50.8	49.2	0.000012
52.62	55.13	57.77	3.39	54.2	45.8	0.000009
57.77	60.52	63.41	3.27	57.6	42.4	0.000007
63.41	66.44	69.61	3.13	60.9	39.1	0.000005
69.61	72.94	76.42	2.98	64.0	36.0	0.000003
76.42	80.07	83.89	2.84	67.0	33.0	0.000003
83.89	87.90	92.09	2.69	69.8	30.2	0.000002
92.09	96.49	101.1	2.50	72.5	27.5	0.000001
101.1	105.9	111.0	2.28	75.0	25.0	0.000001
111.0	116.3	121.8	2.08	77.3	22.7	0.000001
121.8	127.6	133.7	1.96	79.4	20.6	4.28E-7
133.7	140.1	146.8	2.01	81.4	18.6	3.32E-7
146.8	153.8	161.2	2.25	83.4	16.6	2.81E-7
161.2	168.9	176.9	2.62	85.6	14.4	2.47E-7
176.9	185.4	194.2	2.93	88.2	11.8	2.09E-7
194.2	203.5	213.2	2.96	91.2	8.83	1.59E-7
213.2	223.4	234.1	2.57	94.1	5.87	1.05E-7
234.1	245.2	256.9	1.86	96.7	3.30	5.71E-8
256.9	269.2	282.1	1.00	98.6	1.44	2.34E-8
282.1	295.5	309.6	0.37	99.6	0.44	6.47E-9
309.6	324.4	339.9	0.068	99.9	0.072	8.98E-10
339.9	356.1	373.1	0.0050	99.995	0.0050	5.01E-11
373.1	390.9	409.6	0	100	0	0
409.6	429.2	449.7	0	100	0	0
449.7	471.1	493.6	0	100	0	0
493.6	517.2	541.9	0	100	0	0
541.9	567.7	594.9	0	100	0	0
594.9	623.3	653.0	0	100	0	0
653.0	684.2	716.8	0	100	0	0
716.8	751.1	786.9	0	100	0	0
786.9	824.5	863.9	0	100	0	0
863.9	905.1	948.3	0	100	0	0
948.3	993.6	1041	0	100	0	0
1041	1091	1143	0	100	0	0
1143	1197	1255	0	100	0	0
1255	1314	1377	0	100	0	0
1377	1443	1512	0	100	0	0
1512	1584	1660	0	100	0	0
1660	1739	1822	0	100	0	0
1822	1909	2000	0	100	0	0
2000				100	0	

