LS	2022-01-20  14:04
File name:	MZdry_MZPB_07.$ls
File ID:	MZdry
Sample ID:	MZPB
Operator:	HBUCKLAND
Bar code:	
Comment 1:	
Comment 2:	
Instrument:	LS 230, VSM Plus
Run number:	7
Start time:	2022-01-20  14:03
Run length:	61
Optical model:	Fraunhofer.rfd   PIDS included
Obscuration:	11
PIDS Obscur:	35
Obscuration:	OK
Serial Number:	7205

From	0.0400
To	2000
Volume 	100
Mean:	57.29
Median:	33.34
D(0,0):	0.106
Mean/Median ratio:	1.719
Mode:	34.58
S.D.:	65.14
Variance:	4244
C.V.:	113.7
Skewness:	1.899
Kurtosis:	3.271
d10:	5.219
d50:	33.34
d90:	151.8
Specific Surf. Area:	7645

% <	Size 
10	5.22
25	14.6
50	33.3
75	71.5
90	152

% >	Size 
10	152
25	71.5
50	33.3
75	14.6
90	5.22

Size 	% <
1	2.13
10	17.8
100	82.8
1000	100

Size 	% >
1	97.9
10	82.2
100	17.2
1000	0

Particle	MZdry_MZPB
Diameter	_07.$ls
um	Volume
	% <
0.4	0.76
0.488	0.97
0.69	1.44
0.98	2.09
1.38	2.96
1.95	4.13
2.76	5.68
3.91	7.75
5.52	10.5
7.81	14.3
11.05	19.5
15.63	26.7
22.1	36.2
31.3	47.8
44.2	59.9
62.5	71.2
88.4	80.2
125	87.0
177	92.0
250	97.3
354	99.96
500	100
707	100
1000	100
1414	100
2000	100
2828	100
4000	100

Channel	Diff.	Cum. <	Cum. >
Diameter	Volume	Volume	Volume
(Lower)	%	%	%
um			
0.040	0.00032	0	100
0.044	0.00042	0.00032	100
0.048	0.00069	0.00074	99.999
0.053	0.0014	0.0014	99.999
0.058	0.0029	0.0028	99.997
0.064	0.0054	0.0058	99.99
0.070	0.0082	0.011	99.99
0.077	0.011	0.019	99.98
0.084	0.014	0.030	99.97
0.093	0.017	0.044	99.96
0.102	0.020	0.060	99.9
0.112	0.023	0.080	99.9
0.122	0.026	0.10	99.9
0.134	0.029	0.13	99.9
0.148	0.033	0.16	99.8
0.162	0.036	0.19	99.8
0.178	0.040	0.23	99.8
0.195	0.045	0.27	99.7
0.214	0.049	0.31	99.7
0.235	0.055	0.36	99.6
0.258	0.061	0.42	99.6
0.284	0.067	0.48	99.5
0.311	0.073	0.54	99.5
0.342	0.080	0.62	99.4
0.375	0.088	0.70	99.3
0.412	0.096	0.78	99.2
0.452	0.10	0.88	99.1
0.496	0.11	0.99	99.0
0.545	0.12	1.10	98.9
0.598	0.14	1.22	98.8
0.656	0.15	1.36	98.6
0.721	0.16	1.51	98.5
0.791	0.17	1.67	98.3
0.868	0.19	1.84	98.2
0.953	0.21	2.03	98.0
1.047	0.22	2.24	97.8
1.149	0.24	2.46	97.5
1.261	0.26	2.70	97.3
1.385	0.28	2.97	97.0
1.520	0.31	3.25	96.8
1.668	0.33	3.56	96.4
1.832	0.36	3.89	96.1
2.011	0.39	4.25	95.8
2.207	0.42	4.63	95.4
2.423	0.45	5.05	95.0
2.660	0.48	5.49	94.5
2.920	0.52	5.98	94.0
3.205	0.56	6.50	93.5
3.519	0.61	7.06	92.9
3.863	0.66	7.67	92.3
4.240	0.71	8.32	91.7
4.655	0.78	9.04	91.0
5.110	0.85	9.82	90.2
5.610	0.92	10.7	89.3
6.158	1.00	11.6	88.4
6.760	1.09	12.6	87.4
7.421	1.19	13.7	86.3
8.147	1.29	14.9	85.1
8.943	1.40	16.1	83.9
9.817	1.53	17.6	82.4
10.78	1.67	19.1	80.9
11.83	1.82	20.7	79.3
12.99	1.98	22.6	77.4
14.26	2.15	24.5	75.5
15.65	2.33	26.7	73.3
17.18	2.51	29.0	71.0
18.86	2.69	31.5	68.5
20.70	2.86	34.2	65.8
22.73	3.01	37.1	62.9
24.95	3.13	40.1	59.9
27.39	3.21	43.2	56.8
30.07	3.26	46.4	53.6
33.01	3.27	49.7	50.3
36.24	3.27	52.9	47.1
39.78	3.25	56.2	43.8
43.67	3.21	59.5	40.5
47.94	3.14	62.7	37.3
52.62	3.02	65.8	34.2
57.77	2.86	68.8	31.2
63.41	2.65	71.7	28.3
69.61	2.44	74.3	25.7
76.42	2.24	76.8	23.2
83.89	2.07	79.0	21.0
92.09	1.95	81.1	18.9
101.1	1.84	83.0	17.0
111.0	1.72	84.9	15.1
121.8	1.57	86.6	13.4
133.7	1.39	88.2	11.8
146.8	1.26	89.6	10.4
161.2	1.22	90.8	9.17
176.9	1.29	92.0	7.96
194.2	1.43	93.3	6.67
213.2	1.53	94.8	5.23
234.1	1.46	96.3	3.70
256.9	1.18	97.8	2.24
282.1	0.71	98.9	1.06
309.6	0.29	99.6	0.35
339.9	0.058	99.9	0.063
373.1	0.0048	99.995	0.0048
409.6	0	100	0
449.7	0	100	0
493.6	0	100	0
541.9	0	100	0
594.9	0	100	0
653.0	0	100	0
716.8	0	100	0
786.9	0	100	0
863.9	0	100	0
948.3	0	100	0
1041	0	100	0
1143	0	100	0
1255	0	100	0
1377	0	100	0
1512	0	100	0
1660	0	100	0
1822	0	100	0
2000		100	0

