LS	2022-01-20  14:06
File name:	MZdry_MZPB_09.$ls
File ID:	MZdry
Sample ID:	MZPB
Operator:	HBUCKLAND
Bar code:	
Comment 1:	
Comment 2:	
Instrument:	LS 230, VSM Plus
Run number:	9
Start time:	2022-01-20  14:05
Run length:	61
Optical model:	Fraunhofer.rfd   PIDS included
Obscuration:	15
PIDS Obscur:	35
Obscuration:	High
Serial Number:	7205

From	0.0400
To	2000
Volume 	100
Mean:	54.77
Median:	32.05
D(0,0):	0.105
Mean/Median ratio:	1.709
Mode:	34.58
S.D.:	63.18
Variance:	3992
C.V.:	115.4
Skewness:	1.997
Kurtosis:	3.730
d10:	4.997
d50:	32.05
d90:	139.8
Specific Surf. Area:	7851

% <	Size 
10	5.00
25	14.0
50	32.0
75	67.5
90	140

% >	Size 
10	140
25	67.5
50	32.0
75	14.0
90	5.00

Size 	% <
1	2.14
10	18.5
100	84.4
1000	100

Size 	% >
1	97.9
10	81.5
100	15.6
1000	0

Particle	MZdry_MZPB
Diameter	_09.$ls
um	Volume
	% <
0.4	0.77
0.488	0.98
0.69	1.44
0.98	2.10
1.38	2.98
1.95	4.20
2.76	5.84
3.91	8.03
5.52	10.9
7.81	14.9
11.05	20.3
15.63	27.6
22.1	37.3
31.3	49.2
44.2	61.4
62.5	72.8
88.4	81.7
125	88.5
177	92.5
250	97.6
354	99.97
500	100
707	100
1000	100
1414	100
2000	100
2828	100
4000	100

Channel	Diff.	Cum. <	Cum. >
Diameter	Volume	Volume	Volume
(Lower)	%	%	%
um			
0.040	0.00035	0	100
0.044	0.00046	0.00035	100
0.048	0.00075	0.00081	99.999
0.053	0.0015	0.0016	99.998
0.058	0.0032	0.0031	99.997
0.064	0.0059	0.0063	99.99
0.070	0.0089	0.012	99.99
0.077	0.012	0.021	99.98
0.084	0.015	0.033	99.97
0.093	0.018	0.047	99.95
0.102	0.021	0.065	99.9
0.112	0.024	0.086	99.9
0.122	0.027	0.11	99.9
0.134	0.031	0.14	99.9
0.148	0.034	0.17	99.8
0.162	0.038	0.20	99.8
0.178	0.042	0.24	99.8
0.195	0.046	0.28	99.7
0.214	0.050	0.33	99.7
0.235	0.056	0.38	99.6
0.258	0.061	0.43	99.6
0.284	0.067	0.49	99.5
0.311	0.073	0.56	99.4
0.342	0.080	0.63	99.4
0.375	0.087	0.71	99.3
0.412	0.095	0.80	99.2
0.452	0.10	0.90	99.1
0.496	0.11	1.00	99.0
0.545	0.12	1.11	98.9
0.598	0.13	1.23	98.8
0.656	0.15	1.37	98.6
0.721	0.16	1.51	98.5
0.791	0.17	1.67	98.3
0.868	0.19	1.85	98.2
0.953	0.21	2.04	98.0
1.047	0.23	2.24	97.8
1.149	0.25	2.47	97.5
1.261	0.27	2.72	97.3
1.385	0.29	2.99	97.0
1.520	0.32	3.28	96.7
1.668	0.35	3.60	96.4
1.832	0.38	3.95	96.1
2.011	0.41	4.33	95.7
2.207	0.44	4.73	95.3
2.423	0.47	5.17	94.8
2.660	0.51	5.65	94.4
2.920	0.55	6.16	93.8
3.205	0.59	6.71	93.3
3.519	0.64	7.30	92.7
3.863	0.69	7.94	92.1
4.240	0.75	8.64	91.4
4.655	0.81	9.39	90.6
5.110	0.88	10.2	89.8
5.610	0.96	11.1	88.9
6.158	1.04	12.0	88.0
6.760	1.13	13.1	86.9
7.421	1.23	14.2	85.8
8.147	1.33	15.4	84.6
8.943	1.45	16.8	83.2
9.817	1.58	18.2	81.8
10.78	1.72	19.8	80.2
11.83	1.87	21.5	78.5
12.99	2.03	23.4	76.6
14.26	2.20	25.4	74.6
15.65	2.37	27.6	72.4
17.18	2.55	30.0	70.0
18.86	2.74	32.5	67.5
20.70	2.92	35.3	64.7
22.73	3.08	38.2	61.8
24.95	3.20	41.3	58.7
27.39	3.28	44.5	55.5
30.07	3.32	47.8	52.2
33.01	3.32	51.1	48.9
36.24	3.31	54.4	45.6
39.78	3.28	57.7	42.3
43.67	3.24	61.0	39.0
47.94	3.16	64.2	35.8
52.62	3.03	67.4	32.6
57.77	2.84	70.4	29.6
63.41	2.62	73.3	26.7
69.61	2.40	75.9	24.1
76.42	2.22	78.3	21.7
83.89	2.10	80.5	19.5
92.09	1.99	82.6	17.4
101.1	1.86	84.6	15.4
111.0	1.65	86.5	13.5
121.8	1.37	88.1	11.9
133.7	1.10	89.5	10.5
146.8	0.94	90.6	9.41
161.2	0.95	91.5	8.47
176.9	1.14	92.5	7.52
194.2	1.39	93.6	6.38
213.2	1.55	95.0	4.99
234.1	1.45	96.6	3.44
256.9	1.10	98.0	1.99
282.1	0.61	99.1	0.89
309.6	0.23	99.7	0.27
339.9	0.042	99.95	0.045
373.1	0.0030	99.997	0.0030
409.6	0	100	0
449.7	0	100	0
493.6	0	100	0
541.9	0	100	0
594.9	0	100	0
653.0	0	100	0
716.8	0	100	0
786.9	0	100	0
863.9	0	100	0
948.3	0	100	0
1041	0	100	0
1143	0	100	0
1255	0	100	0
1377	0	100	0
1512	0	100	0
1660	0	100	0
1822	0	100	0
2000		100	0

