LS	2022-01-20  14:37
File name:	MZdry_MZPB_11.$ls
File ID:	MZdry
Sample ID:	MZPB
Operator:	HBUCKLAND
Bar code:	
Comment 1:	
Comment 2:	
Instrument:	LS 230, VSM Plus
Run number:	11
Start time:	2022-01-20  14:36
Run length:	61
Optical model:	Fraunhofer.rfd   PIDS included
Obscuration:	13
PIDS Obscur:	35
Obscuration:	High
Serial Number:	7205

From	0.0400
To	2000
Volume 	100
Mean:	54.30
Median:	32.10
D(0,0):	0.106
Mean/Median ratio:	1.691
Mode:	31.50
S.D.:	62.36
Variance:	3889
C.V.:	114.8
Skewness:	2.017
Kurtosis:	3.879
d10:	5.034
d50:	32.10
d90:	136.9
Specific Surf. Area:	7754

% <	Size 
10	5.03
25	14.1
50	32.1
75	67.0
90	137

% >	Size 
10	137
25	67.0
50	32.1
75	14.1
90	5.03

Size 	% <
1	2.14
10	18.4
100	84.7
1000	100

Size 	% >
1	97.9
10	81.6
100	15.3
1000	0

Particle	MZdry_MZPB	Volume	Volume
Diameter	_11.$ls	% >	%
um	Volume		
	% <		
0.4	0.75	99.2	0.21
0.488	0.96	99.0	0.47
0.69	1.43	98.6	0.66
0.98	2.09	97.9	0.89
1.38	2.99	97.0	1.22
1.95	4.21	95.8	1.63
2.76	5.83	94.2	2.16
3.91	7.99	92.0	2.86
5.52	10.9	89.1	3.92
7.81	14.8	85.2	5.35
11.05	20.1	79.9	7.30
15.63	27.4	72.6	9.70
22.1	37.1	62.9	12.0
31.3	49.1	50.9	12.3
44.2	61.4	38.6	11.6
62.5	73.0	27.0	9.05
88.4	82.0	18.0	6.74
125	88.7	11.3	4.01
177	92.8	7.24	4.92
250	97.7	2.32	2.29
354	99.97	0.027	0.027
500	100	0	0
707	100	0	0
1000	100	0	0
1414	100	0	0
2000	100	0	0
2828	100	0	0
4000	100	0	

Channel	Channel	Channel	Diff.	Cum. <	Cum. >	Diff.
Diameter	Diameter	Diameter	Volume	Volume	Volume	Number
(Lower)	(Center)	(Upper)	%	%	%	%
um	um	um				
0.040	0.042	0.044	0.00031	0	100	1.79
0.044	0.046	0.048	0.00042	0.00031	100	1.82
0.048	0.050	0.053	0.00068	0.00073	99.999	2.24
0.053	0.055	0.058	0.0014	0.0014	99.999	3.46
0.058	0.061	0.064	0.0029	0.0028	99.997	5.44
0.064	0.067	0.070	0.0053	0.0057	99.99	7.55
0.070	0.073	0.077	0.0081	0.011	99.99	8.65
0.077	0.080	0.084	0.011	0.019	99.98	8.69
0.084	0.088	0.093	0.013	0.030	99.97	8.19
0.093	0.097	0.102	0.016	0.043	99.96	7.56
0.102	0.106	0.112	0.019	0.060	99.9	6.81
0.112	0.117	0.122	0.023	0.079	99.9	5.96
0.122	0.128	0.134	0.026	0.10	99.9	5.13
0.134	0.141	0.148	0.029	0.13	99.9	4.37
0.148	0.155	0.162	0.032	0.16	99.8	3.69
0.162	0.170	0.178	0.036	0.19	99.8	3.10
0.178	0.186	0.195	0.040	0.22	99.8	2.60
0.195	0.205	0.214	0.044	0.26	99.7	2.18
0.214	0.225	0.235	0.049	0.31	99.7	1.82
0.235	0.247	0.258	0.054	0.36	99.6	1.53
0.258	0.271	0.284	0.060	0.41	99.6	1.28
0.284	0.297	0.311	0.066	0.47	99.5	1.07
0.311	0.326	0.342	0.073	0.54	99.5	0.89
0.342	0.358	0.375	0.080	0.61	99.4	0.73
0.375	0.393	0.412	0.087	0.69	99.3	0.61
0.412	0.431	0.452	0.096	0.78	99.2	0.50
0.452	0.474	0.496	0.10	0.87	99.1	0.41
0.496	0.520	0.545	0.11	0.98	99.0	0.34
0.545	0.571	0.598	0.12	1.09	98.9	0.28
0.598	0.627	0.656	0.14	1.22	98.8	0.23
0.656	0.688	0.721	0.15	1.35	98.6	0.19
0.721	0.755	0.791	0.16	1.50	98.5	0.16
0.791	0.829	0.868	0.18	1.66	98.3	0.13
0.868	0.910	0.953	0.19	1.84	98.2	0.11
0.953	0.999	1.047	0.21	2.03	98.0	0.089
1.047	1.097	1.149	0.23	2.25	97.8	0.073
1.149	1.204	1.261	0.25	2.47	97.5	0.060
1.261	1.321	1.385	0.27	2.73	97.3	0.050
1.385	1.451	1.520	0.30	3.00	97.0	0.041
1.520	1.592	1.668	0.32	3.29	96.7	0.033
1.668	1.748	1.832	0.35	3.61	96.4	0.027
1.832	1.919	2.011	0.37	3.96	96.0	0.022
2.011	2.107	2.207	0.40	4.33	95.7	0.018
2.207	2.313	2.423	0.43	4.74	95.3	0.015
2.423	2.539	2.660	0.47	5.17	94.8	0.012
2.660	2.787	2.920	0.50	5.64	94.4	0.0098
2.920	3.059	3.205	0.54	6.14	93.9	0.0080
3.205	3.358	3.519	0.59	6.69	93.3	0.0065
3.519	3.687	3.863	0.63	7.27	92.7	0.0053
3.863	4.047	4.240	0.68	7.90	92.1	0.0044
4.240	4.443	4.655	0.74	8.59	91.4	0.0036
4.655	4.877	5.110	0.81	9.33	90.7	0.0029
5.110	5.354	5.610	0.87	10.1	89.9	0.0024
5.610	5.878	6.158	0.95	11.0	89.0	0.0020
6.158	6.452	6.760	1.03	12.0	88.0	0.0016
6.760	7.083	7.421	1.12	13.0	87.0	0.0013
7.421	7.775	8.147	1.22	14.1	85.9	0.0011
8.147	8.536	8.943	1.33	15.3	84.7	0.00090
8.943	9.370	9.817	1.44	16.7	83.3	0.00074
9.817	10.29	10.78	1.57	18.1	81.9	0.00061
10.78	11.29	11.83	1.71	19.7	80.3	0.00050
11.83	12.40	12.99	1.86	21.4	78.6	0.00041
12.99	13.61	14.26	2.02	23.3	76.7	0.00034
14.26	14.94	15.65	2.19	25.3	74.7	0.00028
15.65	16.40	17.18	2.36	27.5	72.5	0.00023
17.18	18.00	18.86	2.55	29.8	70.2	0.00018
18.86	19.76	20.70	2.74	32.4	67.6	0.00015
20.70	21.69	22.73	2.93	35.1	64.9	0.00012
22.73	23.81	24.95	3.10	38.0	62.0	0.000097
24.95	26.14	27.39	3.23	41.1	58.9	0.000076
27.39	28.70	30.07	3.31	44.4	55.6	0.000059
30.07	31.50	33.01	3.34	47.7	52.3	0.000045
33.01	34.58	36.24	3.34	51.0	49.0	0.000034
36.24	37.97	39.78	3.32	54.4	45.6	0.000026
39.78	41.68	43.67	3.30	57.7	42.3	0.000019
43.67	45.75	47.94	3.26	61.0	39.0	0.000014
47.94	50.22	52.62	3.19	64.2	35.8	0.000011
52.62	55.13	57.77	3.08	67.4	32.6	0.000008
57.77	60.52	63.41	2.90	70.5	29.5	0.000006
63.41	66.44	69.61	2.69	73.4	26.6	0.000004
69.61	72.94	76.42	2.46	76.1	23.9	0.000003
76.42	80.07	83.89	2.27	78.6	21.4	0.000002
83.89	87.90	92.09	2.11	80.8	19.2	0.000001
92.09	96.49	101.1	1.98	83.0	17.0	0.000001
101.1	105.9	111.0	1.83	84.9	15.1	0.000001
111.0	116.3	121.8	1.62	86.8	13.2	4.34E-7
121.8	127.6	133.7	1.35	88.4	11.6	2.73E-7
133.7	140.1	146.8	1.10	89.7	10.3	1.68E-7
146.8	153.8	161.2	0.95	90.8	9.17	1.1E-7
161.2	168.9	176.9	0.97	91.8	8.21	8.47E-8
176.9	185.4	194.2	1.13	92.8	7.25	7.49E-8
194.2	203.5	213.2	1.35	93.9	6.12	6.78E-8
213.2	223.4	234.1	1.48	95.2	4.76	5.6E-8
234.1	245.2	256.9	1.38	96.7	3.28	3.95E-8
256.9	269.2	282.1	1.05	98.1	1.90	2.27E-8
282.1	295.5	309.6	0.59	99.1	0.85	9.62E-9
309.6	324.4	339.9	0.22	99.7	0.27	2.73E-9
339.9	356.1	373.1	0.041	99.96	0.044	3.85E-10
373.1	390.9	409.6	0.0031	99.997	0.0031	2.18E-11
409.6	429.2	449.7	0	100	0	0
449.7	471.1	493.6	0	100	0	0
493.6	517.2	541.9	0	100	0	0
541.9	567.7	594.9	0	100	0	0
594.9	623.3	653.0	0	100	0	0
653.0	684.2	716.8	0	100	0	0
716.8	751.1	786.9	0	100	0	0
786.9	824.5	863.9	0	100	0	0
863.9	905.1	948.3	0	100	0	0
948.3	993.6	1041	0	100	0	0
1041	1091	1143	0	100	0	0
1143	1197	1255	0	100	0	0
1255	1314	1377	0	100	0	0
1377	1443	1512	0	100	0	0
1512	1584	1660	0	100	0	0
1660	1739	1822	0	100	0	0
1822	1909	2000	0	100	0	0
2000				100	0	

