LS	2022-01-20  12:23
File name:	MZdry_MZPB_05.$ls
File ID:	MZdry
Sample ID:	MZPB
Operator:	HBUCKLAND
Bar code:	
Comment 1:	
Comment 2:	
Instrument:	LS 230, VSM Plus
Run number:	5
Start time:	2022-01-20  12:22
Run length:	60
Optical model:	Fraunhofer.rfd   PIDS included
Obscuration:	14
PIDS Obscur:	45
Obscuration:	High
Serial Number:	7205

From	0.0400
To	2000
Volume 	100
Mean:	74.66
Median:	34.83
D(0,0):	0.107
Mean/Median ratio:	2.143
Mode:	34.58
S.D.:	110.5
Variance:	12206
C.V.:	148.0
Skewness:	3.046
Kurtosis:	11.12
d10:	5.300
d50:	34.83
d90:	196.9
Specific Surf. Area:	7512

% <	Size 
10	5.30
25	14.9
50	34.8
75	79.0
90	197

% >	Size 
10	197
25	79.0
50	34.8
75	14.9
90	5.30

Size 	% <
1	2.11
10	17.5
100	79.8
1000	99.999

Size 	% >
1	97.9
10	82.5
100	20.2
1000	0.00077

Particle	MZdry_MZPB
Diameter	_05.$ls
um	Volume
	% <
2	4.19
5	9.50
16	26.6
20	32.3
32	47.1
50	62.1
63	69.2
125	83.6
250	92.8
500	98.5
1000	99.999
2000	100

Channel	Cum. >
Diameter	Volume
(Lower)	%
um	
0.040	100
0.044	100
0.048	99.999
0.053	99.999
0.058	99.997
0.064	99.99
0.070	99.99
0.077	99.98
0.084	99.97
0.093	99.96
0.102	99.9
0.112	99.9
0.122	99.9
0.134	99.9
0.148	99.8
0.162	99.8
0.178	99.8
0.195	99.7
0.214	99.7
0.235	99.6
0.258	99.6
0.284	99.5
0.311	99.5
0.342	99.4
0.375	99.3
0.412	99.2
0.452	99.1
0.496	99.0
0.545	98.9
0.598	98.8
0.656	98.7
0.721	98.5
0.791	98.3
0.868	98.2
0.953	98.0
1.047	97.8
1.149	97.6
1.261	97.3
1.385	97.1
1.520	96.8
1.668	96.5
1.832	96.1
2.011	95.8
2.207	95.4
2.423	95.0
2.660	94.6
2.920	94.1
3.205	93.6
3.519	93.0
3.863	92.4
4.240	91.8
4.655	91.1
5.110	90.3
5.610	89.5
6.158	88.6
6.760	87.6
7.421	86.5
8.147	85.4
8.943	84.1
9.817	82.8
10.78	81.3
11.83	79.7
12.99	77.9
14.26	76.0
15.65	73.9
17.18	71.7
18.86	69.3
20.70	66.7
22.73	63.9
24.95	61.0
27.39	58.0
30.07	54.9
33.01	51.8
36.24	48.6
39.78	45.5
43.67	42.3
47.94	39.3
52.62	36.2
57.77	33.3
63.41	30.6
69.61	28.0
76.42	25.7
83.89	23.6
92.09	21.7
101.1	19.9
111.0	18.3
121.8	16.7
133.7	15.3
146.8	13.9
161.2	12.6
176.9	11.4
194.2	10.2
213.2	9.00
234.1	7.89
256.9	6.83
282.1	5.86
309.6	4.95
339.9	4.13
373.1	3.39
409.6	2.72
449.7	2.12
493.6	1.61
541.9	1.17
594.9	0.80
653.0	0.50
716.8	0.26
786.9	0.097
863.9	0.019
948.3	0.0017
1041	0
1143	0
1255	0
1377	0
1512	0
1660	0
1822	0
2000	0

