LS	2022-02-23  11:49
File name:	high_pump_MZPB1_03.$ls
File ID:	high_pump
Sample ID:	MZPB1
Operator:	RG
Bar code:	
Comment 1:	
Comment 2:	
Instrument:	LS 230, VSM Plus
Run number:	3
Start time:	2022-02-23  11:48
Run length:	61
Optical model:	Fraunhofer.rfd   PIDS included
Obscuration:	10
PIDS Obscur:	43
Obscuration:	OK
Serial Number:	7205

From	0.0400
To	2000
Volume 	100
Mean:	69.90
Median:	33.71
D(0,0):	0.108
Mean/Median ratio:	2.073
Mode:	34.58
S.D.:	97.49
Variance:	9504
C.V.:	139.5
Skewness:	2.698
Kurtosis:	8.326
d10:	4.876
d50:	33.71
d90:	190.9
Specific Surf. Area:	7848

% <	Size 
10	4.88
25	14.1
50	33.7
75	76.8
90	191

% >	Size 
10	191
25	76.8
50	33.7
75	14.1
90	4.88

Size 	% <
1	2.24
10	18.7
100	80.3
1000	100

Size 	% >
1	97.8
10	81.3
100	19.7
1000	0

Particle	high_pump	Volume	Volume
Diameter	_MZPB1_03	% >	%
um	.$ls		
	Volume		
	% <		
0.4	0.78	99.2	0.22
0.488	1.00	99.0	0.50
0.69	1.50	98.5	0.70
0.98	2.19	97.8	0.93
1.38	3.12	96.9	1.25
1.95	4.37	95.6	1.66
2.76	6.03	94.0	2.20
3.91	8.24	91.8	2.91
5.52	11.1	88.9	3.93
7.81	15.1	84.9	5.26
11.05	20.3	79.7	7.01
15.63	27.4	72.6	9.13
22.1	36.5	63.5	11.0
31.3	47.5	52.5	11.4
44.2	58.9	41.1	10.7
62.5	69.6	30.4	8.35
88.4	78.0	22.0	5.82
125	83.8	16.2	5.07
177	88.9	11.1	4.98
250	93.8	6.15	3.20
354	97.1	2.95	2.01
500	99.1	0.94	0.93
707	99.99	0.0089	0.0089
1000	100	0	0
1414	100	0	0
2000	100	0	0
2828	100	0	0
4000	100	0	

Channel	Channel	Channel	Diff.	Cum. <	Cum. >	Diff.
Diameter	Diameter	Diameter	Volume	Volume	Volume	Number
(Lower)	(Center)	(Upper)	%	%	%	%
um	um	um				
0.040	0.042	0.044	0.00031	0	100	1.77
0.044	0.046	0.048	0.00041	0.00031	100	1.78
0.048	0.050	0.053	0.00066	0.00072	99.999	2.17
0.053	0.055	0.058	0.0013	0.0014	99.999	3.30
0.058	0.061	0.064	0.0028	0.0027	99.997	5.21
0.064	0.067	0.070	0.0051	0.0055	99.99	7.30
0.070	0.073	0.077	0.0079	0.011	99.99	8.48
0.077	0.080	0.084	0.011	0.019	99.98	8.60
0.084	0.088	0.093	0.013	0.029	99.97	8.15
0.093	0.097	0.102	0.016	0.042	99.96	7.55
0.102	0.106	0.112	0.020	0.059	99.9	6.84
0.112	0.117	0.122	0.023	0.078	99.9	6.02
0.122	0.128	0.134	0.026	0.10	99.9	5.20
0.134	0.141	0.148	0.029	0.13	99.9	4.45
0.148	0.155	0.162	0.033	0.16	99.8	3.77
0.162	0.170	0.178	0.037	0.19	99.8	3.18
0.178	0.186	0.195	0.041	0.23	99.8	2.67
0.195	0.205	0.214	0.046	0.27	99.7	2.25
0.214	0.225	0.235	0.051	0.31	99.7	1.89
0.235	0.247	0.258	0.056	0.36	99.6	1.59
0.258	0.271	0.284	0.063	0.42	99.6	1.34
0.284	0.297	0.311	0.070	0.48	99.5	1.12
0.311	0.326	0.342	0.077	0.55	99.4	0.94
0.342	0.358	0.375	0.084	0.63	99.4	0.78
0.375	0.393	0.412	0.092	0.71	99.3	0.64
0.412	0.431	0.452	0.10	0.81	99.2	0.53
0.452	0.474	0.496	0.11	0.91	99.1	0.44
0.496	0.520	0.545	0.12	1.02	99.0	0.36
0.545	0.571	0.598	0.13	1.14	98.9	0.30
0.598	0.627	0.656	0.14	1.27	98.7	0.25
0.656	0.688	0.721	0.16	1.41	98.6	0.20
0.721	0.755	0.791	0.17	1.57	98.4	0.17
0.791	0.829	0.868	0.19	1.74	98.3	0.14
0.868	0.910	0.953	0.20	1.93	98.1	0.11
0.953	0.999	1.047	0.22	2.13	97.9	0.093
1.047	1.097	1.149	0.24	2.35	97.6	0.077
1.149	1.204	1.261	0.26	2.59	97.4	0.063
1.261	1.321	1.385	0.28	2.85	97.1	0.052
1.385	1.451	1.520	0.30	3.13	96.9	0.042
1.520	1.592	1.668	0.33	3.44	96.6	0.034
1.668	1.748	1.832	0.35	3.76	96.2	0.028
1.832	1.919	2.011	0.38	4.12	95.9	0.023
2.011	2.107	2.207	0.41	4.50	95.5	0.019
2.207	2.313	2.423	0.44	4.91	95.1	0.015
2.423	2.539	2.660	0.48	5.36	94.6	0.012
2.660	2.787	2.920	0.51	5.84	94.2	0.010
2.920	3.059	3.205	0.55	6.35	93.6	0.0082
3.205	3.358	3.519	0.60	6.91	93.1	0.0067
3.519	3.687	3.863	0.65	7.50	92.5	0.0054
3.863	4.047	4.240	0.70	8.15	91.9	0.0045
4.240	4.443	4.655	0.76	8.85	91.2	0.0036
4.655	4.877	5.110	0.82	9.60	90.4	0.0030
5.110	5.354	5.610	0.89	10.4	89.6	0.0024
5.610	5.878	6.158	0.96	11.3	88.7	0.0020
6.158	6.452	6.760	1.04	12.3	87.7	0.0016
6.760	7.083	7.421	1.12	13.3	86.7	0.0013
7.421	7.775	8.147	1.22	14.4	85.6	0.0011
8.147	8.536	8.943	1.31	15.6	84.4	0.00089
8.943	9.370	9.817	1.42	17.0	83.0	0.00073
9.817	10.29	10.78	1.53	18.4	81.6	0.00060
10.78	11.29	11.83	1.66	19.9	80.1	0.00049
11.83	12.40	12.99	1.79	21.6	78.4	0.00040
12.99	13.61	14.26	1.94	23.4	76.6	0.00032
14.26	14.94	15.65	2.09	25.3	74.7	0.00026
15.65	16.40	17.18	2.25	27.4	72.6	0.00022
17.18	18.00	18.86	2.41	29.6	70.4	0.00017
18.86	19.76	20.70	2.57	32.0	68.0	0.00014
20.70	21.69	22.73	2.73	34.6	65.4	0.00011
22.73	23.81	24.95	2.87	37.3	62.7	0.000090
24.95	26.14	27.39	2.98	40.2	59.8	0.000070
27.39	28.70	30.07	3.06	43.2	56.8	0.000055
30.07	31.50	33.01	3.09	46.2	53.8	0.000042
33.01	34.58	36.24	3.10	49.3	50.7	0.000032
36.24	37.97	39.78	3.08	52.4	47.6	0.000024
39.78	41.68	43.67	3.05	55.5	44.5	0.000018
43.67	45.75	47.94	3.01	58.6	41.4	0.000013
47.94	50.22	52.62	2.95	61.6	38.4	0.000010
52.62	55.13	57.77	2.85	64.5	35.5	0.000007
57.77	60.52	63.41	2.70	67.4	32.6	0.000005
63.41	66.44	69.61	2.52	70.1	29.9	0.000004
69.61	72.94	76.42	2.30	72.6	27.4	0.000003
76.42	80.07	83.89	2.07	74.9	25.1	0.000002
83.89	87.90	92.09	1.86	77.0	23.0	0.000001
92.09	96.49	101.1	1.67	78.8	21.2	0.000001
101.1	105.9	111.0	1.53	80.5	19.5	0.000001
111.0	116.3	121.8	1.42	82.0	18.0	3.82E-7
121.8	127.6	133.7	1.36	83.4	16.6	2.76E-7
133.7	140.1	146.8	1.34	84.8	15.2	2.05E-7
146.8	153.8	161.2	1.35	86.1	13.9	1.57E-7
161.2	168.9	176.9	1.38	87.5	12.5	1.21E-7
176.9	185.4	194.2	1.41	88.9	11.1	9.35E-8
194.2	203.5	213.2	1.40	90.3	9.73	7.02E-8
213.2	223.4	234.1	1.33	91.7	8.33	5.06E-8
234.1	245.2	256.9	1.21	93.0	7.00	3.46E-8
256.9	269.2	282.1	1.04	94.2	5.79	2.25E-8
282.1	295.5	309.6	0.85	95.2	4.75	1.4E-8
309.6	324.4	339.9	0.70	96.1	3.90	8.63E-9
339.9	356.1	373.1	0.59	96.8	3.20	5.55E-9
373.1	390.9	409.6	0.55	97.4	2.61	3.87E-9
409.6	429.2	449.7	0.54	97.9	2.06	2.86E-9
449.7	471.1	493.6	0.53	98.5	1.53	2.13E-9
493.6	517.2	541.9	0.48	99.0	1.00	1.45E-9
541.9	567.7	594.9	0.33	99.5	0.53	7.62E-10
594.9	623.3	653.0	0.16	99.8	0.20	2.75E-10
653.0	684.2	716.8	0.035	99.96	0.039	4.66E-11
716.8	751.1	786.9	0.0034	99.997	0.0034	3.4E-12
786.9	824.5	863.9	0	100	0	0
863.9	905.1	948.3	0	100	0	0
948.3	993.6	1041	0	100	0	0
1041	1091	1143	0	100	0	0
1143	1197	1255	0	100	0	0
1255	1314	1377	0	100	0	0
1377	1443	1512	0	100	0	0
1512	1584	1660	0	100	0	0
1660	1739	1822	0	100	0	0
1822	1909	2000	0	100	0	0
2000				100	0	

