LS	2022-02-23  11:59
File name:	high_pump_MZPB1_05.$ls
File ID:	high_pump
Sample ID:	MZPB1
Operator:	RG
Bar code:	
Comment 1:	
Comment 2:	
Instrument:	LS 230, VSM Plus
Run number:	5
Start time:	2022-02-23  11:58
Run length:	61
Optical model:	Fraunhofer.rfd   PIDS included
Obscuration:	9
PIDS Obscur:	40
Obscuration:	OK
Serial Number:	7205

From	0.0400
To	2000
Volume 	100
Mean:	68.34
Median:	33.43
D(0,0):	0.107
Mean/Median ratio:	2.045
Mode:	34.58
S.D.:	95.02
Variance:	9028
C.V.:	139.0
Skewness:	2.734
Kurtosis:	8.670
d10:	4.953
d50:	33.43
d90:	186.9
Specific Surf. Area:	7913

% <	Size 
10	4.95
25	14.1
50	33.4
75	74.8
90	187

% >	Size 
10	187
25	74.8
50	33.4
75	14.1
90	4.95

Size 	% <
1	2.26
10	18.5
100	80.9
1000	100

Size 	% >
1	97.7
10	81.5
100	19.1
1000	0

Particle	high_pump	Volume	Volume
Diameter	_MZPB1_05	% >	%
um	.$ls		
	Volume		
	% <		
0.4	0.80	99.2	0.22
0.488	1.02	99.0	0.50
0.69	1.52	98.5	0.69
0.98	2.21	97.8	0.91
1.38	3.12	96.9	1.22
1.95	4.35	95.7	1.62
2.76	5.97	94.0	2.16
3.91	8.12	91.9	2.87
5.52	11.0	89.0	3.92
7.81	14.9	85.1	5.28
11.05	20.2	79.8	7.08
15.63	27.3	72.7	9.26
22.1	36.5	63.5	11.2
31.3	47.8	52.2	11.6
44.2	59.4	40.6	10.9
62.5	70.2	29.8	8.38
88.4	78.6	21.4	5.67
125	84.3	15.7	4.92
177	89.2	10.8	4.95
250	94.2	5.85	3.15
354	97.3	2.69	1.84
500	99.1	0.85	0.84
707	99.99	0.0077	0.0077
1000	100	0	0
1414	100	0	0
2000	100	0	0
2828	100	0	0
4000	100	0	

Channel	Channel	Channel	Diff.	Cum. <	Cum. >	Diff.
Diameter	Diameter	Diameter	Volume	Volume	Volume	Number
(Lower)	(Center)	(Upper)	%	%	%	%
um	um	um				
0.040	0.042	0.044	0.00033	0	100	1.79
0.044	0.046	0.048	0.00044	0.00033	100	1.80
0.048	0.050	0.053	0.00071	0.00077	99.999	2.21
0.053	0.055	0.058	0.0014	0.0015	99.999	3.37
0.058	0.061	0.064	0.0030	0.0029	99.997	5.31
0.064	0.067	0.070	0.0055	0.0059	99.99	7.43
0.070	0.073	0.077	0.0085	0.011	99.99	8.59
0.077	0.080	0.084	0.011	0.020	99.98	8.67
0.084	0.088	0.093	0.014	0.031	99.97	8.20
0.093	0.097	0.102	0.017	0.045	99.95	7.58
0.102	0.106	0.112	0.021	0.063	99.9	6.84
0.112	0.117	0.122	0.024	0.083	99.9	6.00
0.122	0.128	0.134	0.027	0.11	99.9	5.18
0.134	0.141	0.148	0.031	0.13	99.9	4.42
0.148	0.155	0.162	0.034	0.17	99.8	3.73
0.162	0.170	0.178	0.038	0.20	99.8	3.14
0.178	0.186	0.195	0.043	0.24	99.8	2.63
0.195	0.205	0.214	0.047	0.28	99.7	2.21
0.214	0.225	0.235	0.052	0.33	99.7	1.85
0.235	0.247	0.258	0.058	0.38	99.6	1.55
0.258	0.271	0.284	0.064	0.44	99.6	1.30
0.284	0.297	0.311	0.071	0.50	99.5	1.09
0.311	0.326	0.342	0.078	0.57	99.4	0.90
0.342	0.358	0.375	0.086	0.65	99.3	0.75
0.375	0.393	0.412	0.093	0.74	99.3	0.62
0.412	0.431	0.452	0.10	0.83	99.2	0.51
0.452	0.474	0.496	0.11	0.93	99.1	0.42
0.496	0.520	0.545	0.12	1.04	99.0	0.35
0.545	0.571	0.598	0.13	1.17	98.8	0.28
0.598	0.627	0.656	0.14	1.30	98.7	0.23
0.656	0.688	0.721	0.16	1.44	98.6	0.19
0.721	0.755	0.791	0.17	1.60	98.4	0.16
0.791	0.829	0.868	0.18	1.77	98.2	0.13
0.868	0.910	0.953	0.20	1.95	98.0	0.11
0.953	0.999	1.047	0.22	2.15	97.8	0.087
1.047	1.097	1.149	0.24	2.37	97.6	0.071
1.149	1.204	1.261	0.25	2.60	97.4	0.058
1.261	1.321	1.385	0.28	2.86	97.1	0.048
1.385	1.451	1.520	0.30	3.13	96.9	0.039
1.520	1.592	1.668	0.32	3.43	96.6	0.032
1.668	1.748	1.832	0.35	3.75	96.2	0.026
1.832	1.919	2.011	0.37	4.10	95.9	0.021
2.011	2.107	2.207	0.40	4.47	95.5	0.017
2.207	2.313	2.423	0.43	4.87	95.1	0.014
2.423	2.539	2.660	0.47	5.31	94.7	0.011
2.660	2.787	2.920	0.50	5.77	94.2	0.0093
2.920	3.059	3.205	0.54	6.28	93.7	0.0076
3.205	3.358	3.519	0.59	6.82	93.2	0.0062
3.519	3.687	3.863	0.63	7.41	92.6	0.0051
3.863	4.047	4.240	0.69	8.04	92.0	0.0041
4.240	4.443	4.655	0.74	8.73	91.3	0.0034
4.655	4.877	5.110	0.81	9.47	90.5	0.0028
5.110	5.354	5.610	0.88	10.3	89.7	0.0023
5.610	5.878	6.158	0.95	11.2	88.8	0.0019
6.158	6.452	6.760	1.03	12.1	87.9	0.0015
6.760	7.083	7.421	1.12	13.1	86.9	0.0013
7.421	7.775	8.147	1.22	14.3	85.7	0.0010
8.147	8.536	8.943	1.32	15.5	84.5	0.00085
8.943	9.370	9.817	1.43	16.8	83.2	0.00069
9.817	10.29	10.78	1.54	18.2	81.8	0.00057
10.78	11.29	11.83	1.67	19.8	80.2	0.00046
11.83	12.40	12.99	1.81	21.4	78.6	0.00038
12.99	13.61	14.26	1.96	23.2	76.8	0.00031
14.26	14.94	15.65	2.11	25.2	74.8	0.00025
15.65	16.40	17.18	2.28	27.3	72.7	0.00021
17.18	18.00	18.86	2.44	29.6	70.4	0.00017
18.86	19.76	20.70	2.61	32.0	68.0	0.00014
20.70	21.69	22.73	2.77	34.6	65.4	0.00011
22.73	23.81	24.95	2.91	37.4	62.6	0.000086
24.95	26.14	27.39	3.03	40.3	59.7	0.000068
27.39	28.70	30.07	3.10	43.3	56.7	0.000053
30.07	31.50	33.01	3.14	46.4	53.6	0.000040
33.01	34.58	36.24	3.15	49.6	50.4	0.000031
36.24	37.97	39.78	3.13	52.7	47.3	0.000023
39.78	41.68	43.67	3.10	55.9	44.1	0.000017
43.67	45.75	47.94	3.06	59.0	41.0	0.000013
47.94	50.22	52.62	3.00	62.0	38.0	0.000009
52.62	55.13	57.77	2.90	65.0	35.0	0.000007
57.77	60.52	63.41	2.75	67.9	32.1	0.000005
63.41	66.44	69.61	2.55	70.7	29.3	0.000003
69.61	72.94	76.42	2.31	73.2	26.8	0.000002
76.42	80.07	83.89	2.07	75.5	24.5	0.000002
83.89	87.90	92.09	1.84	77.6	22.4	0.000001
92.09	96.49	101.1	1.64	79.4	20.6	0.000001
101.1	105.9	111.0	1.48	81.1	18.9	4.99E-7
111.0	116.3	121.8	1.37	82.6	17.4	3.49E-7
121.8	127.6	133.7	1.31	83.9	16.1	2.52E-7
133.7	140.1	146.8	1.29	85.2	14.8	1.88E-7
146.8	153.8	161.2	1.31	86.5	13.5	1.44E-7
161.2	168.9	176.9	1.35	87.8	12.2	1.12E-7
176.9	185.4	194.2	1.39	89.2	10.8	8.72E-8
194.2	203.5	213.2	1.39	90.6	9.41	6.6E-8
213.2	223.4	234.1	1.33	92.0	8.02	4.79E-8
234.1	245.2	256.9	1.21	93.3	6.69	3.29E-8
256.9	269.2	282.1	1.04	94.5	5.48	2.13E-8
282.1	295.5	309.6	0.84	95.6	4.44	1.31E-8
309.6	324.4	339.9	0.67	96.4	3.60	7.87E-9
339.9	356.1	373.1	0.55	97.1	2.93	4.91E-9
373.1	390.9	409.6	0.50	97.6	2.38	3.35E-9
409.6	429.2	449.7	0.49	98.1	1.88	2.47E-9
449.7	471.1	493.6	0.48	98.6	1.39	1.84E-9
493.6	517.2	541.9	0.43	99.1	0.91	1.26E-9
541.9	567.7	594.9	0.30	99.5	0.47	6.57E-10
594.9	623.3	653.0	0.14	99.8	0.17	2.33E-10
653.0	684.2	716.8	0.031	99.97	0.034	3.89E-11
716.8	751.1	786.9	0.0029	99.997	0.0029	2.74E-12
786.9	824.5	863.9	0	100	0	0
863.9	905.1	948.3	0	100	0	0
948.3	993.6	1041	0	100	0	0
1041	1091	1143	0	100	0	0
1143	1197	1255	0	100	0	0
1255	1314	1377	0	100	0	0
1377	1443	1512	0	100	0	0
1512	1584	1660	0	100	0	0
1660	1739	1822	0	100	0	0
1822	1909	2000	0	100	0	0
2000				100	0	

