LS	2022-02-23  11:58
File name:	high_pump_MZPB1_04.$ls
File ID:	high_pump
Sample ID:	MZPB1
Operator:	RG
Bar code:	
Comment 1:	
Comment 2:	
Instrument:	LS 230, VSM Plus
Run number:	4
Start time:	2022-02-23  11:57
Run length:	61
Optical model:	Fraunhofer.rfd   PIDS included
Obscuration:	9
PIDS Obscur:	35
Obscuration:	OK
Serial Number:	7205

From	0.0400
To	2000
Volume 	100
Mean:	70.06
Median:	34.07
D(0,0):	0.105
Mean/Median ratio:	2.056
Mode:	34.58
S.D.:	97.31
Variance:	9469
C.V.:	138.9
Skewness:	2.681
Kurtosis:	8.173
d10:	5.183
d50:	34.07
d90:	192.6
Specific Surf. Area:	7843

% <	Size 
10	5.18
25	14.6
50	34.1
75	76.0
90	193

% >	Size 
10	193
25	76.0
50	34.1
75	14.6
90	5.18

Size 	% <
1	2.24
10	17.9
100	80.5
1000	100

Size 	% >
1	97.8
10	82.1
100	19.5
1000	0

Particle	high_pump	Volume	Volume
Diameter	_MZPB1_04	% >	%
um	.$ls		
	Volume		
	% <		
0.4	0.82	99.2	0.22
0.488	1.04	99.0	0.49
0.69	1.52	98.5	0.67
0.98	2.19	97.8	0.87
1.38	3.06	96.9	1.16
1.95	4.22	95.8	1.54
2.76	5.76	94.2	2.05
3.91	7.81	92.2	2.76
5.52	10.6	89.4	3.80
7.81	14.4	85.6	5.18
11.05	19.6	80.4	7.03
15.63	26.6	73.4	9.27
22.1	35.9	64.1	11.3
31.3	47.1	52.9	11.7
44.2	58.8	41.2	11.0
62.5	69.8	30.2	8.43
88.4	78.2	21.8	5.72
125	83.9	16.1	4.86
177	88.8	11.2	4.81
250	93.6	6.38	3.46
354	97.1	2.91	2.01
500	99.1	0.90	0.89
707	99.99	0.0087	0.0087
1000	100	0	0
1414	100	0	0
2000	100	0	0
2828	100	0	0
4000	100	0	

Channel	Channel	Channel	Diff.	Cum. <	Cum. >	Diff.
Diameter	Diameter	Diameter	Volume	Volume	Volume	Number
(Lower)	(Center)	(Upper)	%	%	%	%
um	um	um				
0.040	0.042	0.044	0.00035	0	100	1.82
0.044	0.046	0.048	0.00047	0.00035	100	1.84
0.048	0.050	0.053	0.00077	0.00082	99.999	2.26
0.053	0.055	0.058	0.0016	0.0016	99.998	3.49
0.058	0.061	0.064	0.0033	0.0031	99.997	5.49
0.064	0.067	0.070	0.0060	0.0064	99.99	7.63
0.070	0.073	0.077	0.0090	0.012	99.99	8.73
0.077	0.080	0.084	0.012	0.021	99.98	8.76
0.084	0.088	0.093	0.015	0.033	99.97	8.25
0.093	0.097	0.102	0.018	0.048	99.95	7.60
0.102	0.106	0.112	0.022	0.067	99.9	6.83
0.112	0.117	0.122	0.025	0.088	99.9	5.97
0.122	0.128	0.134	0.029	0.11	99.9	5.13
0.134	0.141	0.148	0.032	0.14	99.9	4.36
0.148	0.155	0.162	0.036	0.17	99.8	3.68
0.162	0.170	0.178	0.040	0.21	99.8	3.08
0.178	0.186	0.195	0.044	0.25	99.8	2.57
0.195	0.205	0.214	0.048	0.29	99.7	2.15
0.214	0.225	0.235	0.053	0.34	99.7	1.79
0.235	0.247	0.258	0.059	0.39	99.6	1.50
0.258	0.271	0.284	0.065	0.45	99.5	1.25
0.284	0.297	0.311	0.071	0.52	99.5	1.04
0.311	0.326	0.342	0.078	0.59	99.4	0.86
0.342	0.358	0.375	0.085	0.67	99.3	0.71
0.375	0.393	0.412	0.093	0.75	99.2	0.58
0.412	0.431	0.452	0.10	0.85	99.2	0.48
0.452	0.474	0.496	0.11	0.95	99.1	0.39
0.496	0.520	0.545	0.12	1.06	98.9	0.32
0.545	0.571	0.598	0.13	1.18	98.8	0.26
0.598	0.627	0.656	0.14	1.31	98.7	0.22
0.656	0.688	0.721	0.15	1.45	98.6	0.18
0.721	0.755	0.791	0.16	1.60	98.4	0.15
0.791	0.829	0.868	0.18	1.76	98.2	0.12
0.868	0.910	0.953	0.19	1.94	98.1	0.097
0.953	0.999	1.047	0.21	2.13	97.9	0.080
1.047	1.097	1.149	0.23	2.34	97.7	0.065
1.149	1.204	1.261	0.24	2.57	97.4	0.053
1.261	1.321	1.385	0.26	2.81	97.2	0.043
1.385	1.451	1.520	0.28	3.07	96.9	0.035
1.520	1.592	1.668	0.31	3.36	96.6	0.029
1.668	1.748	1.832	0.33	3.66	96.3	0.023
1.832	1.919	2.011	0.35	3.99	96.0	0.019
2.011	2.107	2.207	0.38	4.34	95.7	0.016
2.207	2.313	2.423	0.41	4.73	95.3	0.013
2.423	2.539	2.660	0.44	5.14	94.9	0.010
2.660	2.787	2.920	0.48	5.58	94.4	0.0084
2.920	3.059	3.205	0.52	6.05	93.9	0.0068
3.205	3.358	3.519	0.56	6.57	93.4	0.0056
3.519	3.687	3.863	0.60	7.13	92.9	0.0046
3.863	4.047	4.240	0.66	7.73	92.3	0.0038
4.240	4.443	4.655	0.71	8.39	91.6	0.0031
4.655	4.877	5.110	0.78	9.10	90.9	0.0025
5.110	5.354	5.610	0.85	9.88	90.1	0.0021
5.610	5.878	6.158	0.92	10.7	89.3	0.0017
6.158	6.452	6.760	1.00	11.6	88.4	0.0014
6.760	7.083	7.421	1.09	12.6	87.4	0.0012
7.421	7.775	8.147	1.19	13.7	86.3	0.00096
8.147	8.536	8.943	1.29	14.9	85.1	0.00079
8.943	9.370	9.817	1.40	16.2	83.8	0.00065
9.817	10.29	10.78	1.52	17.6	82.4	0.00053
10.78	11.29	11.83	1.65	19.1	80.9	0.00044
11.83	12.40	12.99	1.79	20.8	79.2	0.00036
12.99	13.61	14.26	1.94	22.6	77.4	0.00029
14.26	14.94	15.65	2.10	24.5	75.5	0.00024
15.65	16.40	17.18	2.27	26.6	73.4	0.00020
17.18	18.00	18.86	2.44	28.9	71.1	0.00016
18.86	19.76	20.70	2.61	31.3	68.7	0.00013
20.70	21.69	22.73	2.77	33.9	66.1	0.00010
22.73	23.81	24.95	2.92	36.7	63.3	0.000082
24.95	26.14	27.39	3.04	39.6	60.4	0.000065
27.39	28.70	30.07	3.12	42.7	57.3	0.000050
30.07	31.50	33.01	3.16	45.8	54.2	0.000039
33.01	34.58	36.24	3.17	49.0	51.0	0.000029
36.24	37.97	39.78	3.16	52.1	47.9	0.000022
39.78	41.68	43.67	3.13	55.3	44.7	0.000016
43.67	45.75	47.94	3.09	58.4	41.6	0.000012
47.94	50.22	52.62	3.03	61.5	38.5	0.000009
52.62	55.13	57.77	2.93	64.6	35.4	0.000007
57.77	60.52	63.41	2.77	67.5	32.5	0.000005
63.41	66.44	69.61	2.57	70.2	29.8	0.000003
69.61	72.94	76.42	2.33	72.8	27.2	0.000002
76.42	80.07	83.89	2.08	75.1	24.9	0.000002
83.89	87.90	92.09	1.84	77.2	22.8	0.000001
92.09	96.49	101.1	1.65	79.1	20.9	0.000001
101.1	105.9	111.0	1.50	80.7	19.3	4.79E-7
111.0	116.3	121.8	1.39	82.2	17.8	3.37E-7
121.8	127.6	133.7	1.33	83.6	16.4	2.43E-7
133.7	140.1	146.8	1.29	84.9	15.1	1.79E-7
146.8	153.8	161.2	1.29	86.2	13.8	1.35E-7
161.2	168.9	176.9	1.30	87.5	12.5	1.03E-7
176.9	185.4	194.2	1.32	88.8	11.2	7.89E-8
194.2	203.5	213.2	1.33	90.1	9.87	6E-8
213.2	223.4	234.1	1.31	91.5	8.54	4.46E-8
234.1	245.2	256.9	1.23	92.8	7.24	3.19E-8
256.9	269.2	282.1	1.11	94.0	6.00	2.16E-8
282.1	295.5	309.6	0.94	95.1	4.90	1.39E-8
309.6	324.4	339.9	0.77	96.0	3.96	8.6E-9
339.9	356.1	373.1	0.64	96.8	3.19	5.37E-9
373.1	390.9	409.6	0.56	97.5	2.55	3.56E-9
409.6	429.2	449.7	0.52	98.0	1.99	2.52E-9
449.7	471.1	493.6	0.50	98.5	1.46	1.83E-9
493.6	517.2	541.9	0.45	99.0	0.96	1.25E-9
541.9	567.7	594.9	0.32	99.5	0.51	6.6E-10
594.9	623.3	653.0	0.15	99.8	0.19	2.4E-10
653.0	684.2	716.8	0.035	99.96	0.038	4.1E-11
716.8	751.1	786.9	0.0033	99.997	0.0033	3.01E-12
786.9	824.5	863.9	0	100	0	0
863.9	905.1	948.3	0	100	0	0
948.3	993.6	1041	0	100	0	0
1041	1091	1143	0	100	0	0
1143	1197	1255	0	100	0	0
1255	1314	1377	0	100	0	0
1377	1443	1512	0	100	0	0
1512	1584	1660	0	100	0	0
1660	1739	1822	0	100	0	0
1822	1909	2000	0	100	0	0
2000				100	0	

