LS	2022-02-23  12:00
File name:	high_pump_MZPB1_06.$ls
File ID:	high_pump
Sample ID:	MZPB1
Operator:	RG
Bar code:	
Comment 1:	
Comment 2:	
Instrument:	LS 230, VSM Plus
Run number:	6
Start time:	2022-02-23  11:59
Run length:	62
Optical model:	Fraunhofer.rfd   PIDS included
Obscuration:	10
PIDS Obscur:	41
Obscuration:	OK
Serial Number:	7205

From	0.0400
To	2000
Volume 	100
Mean:	69.09
Median:	33.20
D(0,0):	0.108
Mean/Median ratio:	2.081
Mode:	34.58
S.D.:	97.98
Variance:	9600
C.V.:	141.8
Skewness:	2.793
Kurtosis:	8.953
d10:	4.830
d50:	33.20
d90:	188.2
Specific Surf. Area:	7917

% <	Size 
10	4.83
25	13.9
50	33.2
75	74.9
90	188

% >	Size 
10	188
25	74.9
50	33.2
75	13.9
90	4.83

Size 	% <
1	2.26
10	18.9
100	80.9
1000	100

Size 	% >
1	97.7
10	81.1
100	19.1
1000	0

Particle	high_pump	Volume	Volume
Diameter	_MZPB1_06	% >	%
um	.$ls		
	Volume		
	% <		
0.4	0.78	99.2	0.22
0.488	1.01	99.0	0.50
0.69	1.51	98.5	0.70
0.98	2.22	97.8	0.93
1.38	3.15	96.9	1.26
1.95	4.41	95.6	1.67
2.76	6.08	93.9	2.22
3.91	8.30	91.7	2.94
5.52	11.2	88.8	3.98
7.81	15.2	84.8	5.33
11.05	20.5	79.5	7.09
15.63	27.6	72.4	9.22
22.1	36.9	63.1	11.1
31.3	48.0	52.0	11.5
44.2	59.5	40.5	10.8
62.5	70.3	29.7	8.33
88.4	78.6	21.4	5.65
125	84.3	15.7	4.85
177	89.1	10.9	4.93
250	94.0	5.96	2.99
354	97.0	2.97	1.90
500	98.9	1.07	1.05
707	99.99	0.011	0.011
1000	100	0	0
1414	100	0	0
2000	100	0	0
2828	100	0	0
4000	100	0	

Channel	Channel	Channel	Diff.	Cum. <	Cum. >	Diff.
Diameter	Diameter	Diameter	Volume	Volume	Volume	Number
(Lower)	(Center)	(Upper)	%	%	%	%
um	um	um				
0.040	0.042	0.044	0.00031	0	100	1.76
0.044	0.046	0.048	0.00041	0.00031	100	1.77
0.048	0.050	0.053	0.00067	0.00072	99.999	2.17
0.053	0.055	0.058	0.0013	0.0014	99.999	3.32
0.058	0.061	0.064	0.0028	0.0027	99.997	5.22
0.064	0.067	0.070	0.0052	0.0055	99.99	7.32
0.070	0.073	0.077	0.0080	0.011	99.99	8.48
0.077	0.080	0.084	0.011	0.019	99.98	8.59
0.084	0.088	0.093	0.013	0.029	99.97	8.15
0.093	0.097	0.102	0.016	0.043	99.96	7.55
0.102	0.106	0.112	0.020	0.059	99.9	6.83
0.112	0.117	0.122	0.023	0.079	99.9	6.01
0.122	0.128	0.134	0.026	0.10	99.9	5.20
0.134	0.141	0.148	0.030	0.13	99.9	4.44
0.148	0.155	0.162	0.033	0.16	99.8	3.77
0.162	0.170	0.178	0.037	0.19	99.8	3.18
0.178	0.186	0.195	0.041	0.23	99.8	2.67
0.195	0.205	0.214	0.046	0.27	99.7	2.25
0.214	0.225	0.235	0.051	0.32	99.7	1.89
0.235	0.247	0.258	0.057	0.37	99.6	1.59
0.258	0.271	0.284	0.063	0.42	99.6	1.34
0.284	0.297	0.311	0.070	0.49	99.5	1.12
0.311	0.326	0.342	0.078	0.56	99.4	0.94
0.342	0.358	0.375	0.085	0.64	99.4	0.78
0.375	0.393	0.412	0.093	0.72	99.3	0.64
0.412	0.431	0.452	0.10	0.81	99.2	0.53
0.452	0.474	0.496	0.11	0.92	99.1	0.44
0.496	0.520	0.545	0.12	1.03	99.0	0.36
0.545	0.571	0.598	0.13	1.15	98.9	0.30
0.598	0.627	0.656	0.15	1.28	98.7	0.25
0.656	0.688	0.721	0.16	1.43	98.6	0.20
0.721	0.755	0.791	0.17	1.59	98.4	0.17
0.791	0.829	0.868	0.19	1.76	98.2	0.14
0.868	0.910	0.953	0.20	1.95	98.1	0.11
0.953	0.999	1.047	0.22	2.15	97.8	0.093
1.047	1.097	1.149	0.24	2.37	97.6	0.077
1.149	1.204	1.261	0.26	2.62	97.4	0.063
1.261	1.321	1.385	0.28	2.88	97.1	0.051
1.385	1.451	1.520	0.31	3.16	96.8	0.042
1.520	1.592	1.668	0.33	3.47	96.5	0.034
1.668	1.748	1.832	0.36	3.80	96.2	0.028
1.832	1.919	2.011	0.39	4.16	95.8	0.023
2.011	2.107	2.207	0.42	4.54	95.5	0.019
2.207	2.313	2.423	0.45	4.96	95.0	0.015
2.423	2.539	2.660	0.48	5.40	94.6	0.012
2.660	2.787	2.920	0.52	5.88	94.1	0.010
2.920	3.059	3.205	0.56	6.40	93.6	0.0082
3.205	3.358	3.519	0.60	6.96	93.0	0.0067
3.519	3.687	3.863	0.65	7.56	92.4	0.0054
3.863	4.047	4.240	0.70	8.21	91.8	0.0044
4.240	4.443	4.655	0.76	8.92	91.1	0.0036
4.655	4.877	5.110	0.83	9.68	90.3	0.0030
5.110	5.354	5.610	0.90	10.5	89.5	0.0024
5.610	5.878	6.158	0.97	11.4	88.6	0.0020
6.158	6.452	6.760	1.05	12.4	87.6	0.0016
6.760	7.083	7.421	1.14	13.4	86.6	0.0013
7.421	7.775	8.147	1.23	14.6	85.4	0.0011
8.147	8.536	8.943	1.33	15.8	84.2	0.00090
8.943	9.370	9.817	1.44	17.1	82.9	0.00073
9.817	10.29	10.78	1.55	18.6	81.4	0.00060
10.78	11.29	11.83	1.68	20.1	79.9	0.00049
11.83	12.40	12.99	1.81	21.8	78.2	0.00040
12.99	13.61	14.26	1.96	23.6	76.4	0.00033
14.26	14.94	15.65	2.11	25.6	74.4	0.00026
15.65	16.40	17.18	2.27	27.7	72.3	0.00022
17.18	18.00	18.86	2.43	29.9	70.1	0.00017
18.86	19.76	20.70	2.59	32.4	67.6	0.00014
20.70	21.69	22.73	2.75	35.0	65.0	0.00011
22.73	23.81	24.95	2.89	37.7	62.3	0.000090
24.95	26.14	27.39	3.01	40.6	59.4	0.000070
27.39	28.70	30.07	3.08	43.6	56.4	0.000055
30.07	31.50	33.01	3.12	46.7	53.3	0.000042
33.01	34.58	36.24	3.13	49.8	50.2	0.000032
36.24	37.97	39.78	3.11	52.9	47.1	0.000024
39.78	41.68	43.67	3.08	56.1	43.9	0.000018
43.67	45.75	47.94	3.03	59.1	40.9	0.000013
47.94	50.22	52.62	2.97	62.2	37.8	0.000010
52.62	55.13	57.77	2.86	65.1	34.9	0.000007
57.77	60.52	63.41	2.72	68.0	32.0	0.000005
63.41	66.44	69.61	2.52	70.7	29.3	0.000004
69.61	72.94	76.42	2.30	73.2	26.8	0.000002
76.42	80.07	83.89	2.06	75.5	24.5	0.000002
83.89	87.90	92.09	1.84	77.6	22.4	0.000001
92.09	96.49	101.1	1.64	79.4	20.6	0.000001
101.1	105.9	111.0	1.48	81.1	18.9	0.000001
111.0	116.3	121.8	1.36	82.5	17.5	3.62E-7
121.8	127.6	133.7	1.29	83.9	16.1	2.6E-7
133.7	140.1	146.8	1.27	85.2	14.8	1.93E-7
146.8	153.8	161.2	1.29	86.5	13.5	1.49E-7
161.2	168.9	176.9	1.34	87.8	12.2	1.17E-7
176.9	185.4	194.2	1.39	89.1	10.9	9.11E-8
194.2	203.5	213.2	1.39	90.5	9.51	6.91E-8
213.2	223.4	234.1	1.33	91.9	8.12	5E-8
234.1	245.2	256.9	1.19	93.2	6.79	3.39E-8
256.9	269.2	282.1	1.00	94.4	5.60	2.14E-8
282.1	295.5	309.6	0.79	95.4	4.60	1.28E-8
309.6	324.4	339.9	0.62	96.2	3.81	7.58E-9
339.9	356.1	373.1	0.51	96.8	3.19	4.77E-9
373.1	390.9	409.6	0.49	97.3	2.67	3.41E-9
409.6	429.2	449.7	0.51	97.8	2.19	2.7E-9
449.7	471.1	493.6	0.54	98.3	1.68	2.17E-9
493.6	517.2	541.9	0.52	98.9	1.13	1.58E-9
541.9	567.7	594.9	0.38	99.4	0.61	8.67E-10
594.9	623.3	653.0	0.19	99.8	0.23	3.21E-10
653.0	684.2	716.8	0.042	99.95	0.046	5.53E-11
716.8	751.1	786.9	0.0041	99.996	0.0041	4.07E-12
786.9	824.5	863.9	0	100	0	0
863.9	905.1	948.3	0	100	0	0
948.3	993.6	1041	0	100	0	0
1041	1091	1143	0	100	0	0
1143	1197	1255	0	100	0	0
1255	1314	1377	0	100	0	0
1377	1443	1512	0	100	0	0
1512	1584	1660	0	100	0	0
1660	1739	1822	0	100	0	0
1822	1909	2000	0	100	0	0
2000				100	0	

