LS	2022-02-23  14:53
File name:	IODP_1175_STV0009_23.$ls
File ID:	IODP_1175
Sample ID:	STV0009
Operator:	RG
Bar code:	
Comment 1:	
Comment 2:	
Instrument:	LS 230, VSM Plus
Run number:	23
Start time:	2022-02-23  14:51
Run length:	62
Optical model:	Fraunhofer.rfd   PIDS included
Obscuration:	12
PIDS Obscur:	48
Obscuration:	OK
Serial Number:	7205

From	0.0400
To	2000
Volume 	100
Mean:	89.61
Median:	42.93
D(0,0):	0.109
Mean/Median ratio:	2.087
Mode:	31.50
S.D.:	110.0
Variance:	12105
C.V.:	122.8
Skewness:	2.081
Kurtosis:	4.992
d10:	6.430
d50:	42.93
d90:	241.5
Specific Surf. Area:	6904

% <	Size 
10	6.43
25	17.9
50	42.9
75	125
90	241

% >	Size 
10	241
25	125
50	42.9
75	17.9
90	6.43

Size 	% <
1	2.10
10	14.6
100	70.6
1000	100

Size 	% >
1	97.9
10	85.4
100	29.4
1000	0.000046

Particle	IODP_1175	Volume	Volume
Diameter	_STV0009	% >	%
um	_23.$ls		
	Volume		
	% <		
0.4	0.73	99.3	0.21
0.488	0.95	99.1	0.47
0.69	1.42	98.6	0.64
0.98	2.06	97.9	0.81
1.38	2.87	97.1	1.02
1.95	3.90	96.1	1.27
2.76	5.16	94.8	1.59
3.91	6.75	93.2	2.08
5.52	8.84	91.2	2.93
7.81	11.8	88.2	4.18
11.05	15.9	84.1	6.05
15.63	22.0	78.0	8.39
22.1	30.4	69.6	10.2
31.3	40.6	59.4	10.2
44.2	50.8	49.2	9.40
62.5	60.2	39.8	7.89
88.4	68.1	31.9	6.93
125	75.1	24.9	7.78
177	82.8	17.2	7.89
250	90.7	9.27	5.49
354	96.2	3.78	2.71
500	98.9	1.07	1.01
707	99.9	0.064	0.064
1000	100	0.000046	0.000046
1414	100	0	0
2000	100	0	0
2828	100	0	0
4000	100	0	

Channel	Channel	Channel	Diff.	Cum. <	Cum. >	Diff.
Diameter	Diameter	Diameter	Volume	Volume	Volume	Number
(Lower)	(Center)	(Upper)	%	%	%	%
um	um	um				
0.040	0.042	0.044	0.00028	0	100	1.74
0.044	0.046	0.048	0.00037	0.00028	100	1.73
0.048	0.050	0.053	0.00059	0.00064	99.999	2.10
0.053	0.055	0.058	0.0012	0.0012	99.999	3.18
0.058	0.061	0.064	0.0024	0.0024	99.998	5.01
0.064	0.067	0.070	0.0046	0.0048	99.995	7.08
0.070	0.073	0.077	0.0071	0.0094	99.99	8.33
0.077	0.080	0.084	0.0096	0.017	99.98	8.51
0.084	0.088	0.093	0.012	0.026	99.97	8.12
0.093	0.097	0.102	0.015	0.038	99.96	7.55
0.102	0.106	0.112	0.018	0.053	99.9	6.87
0.112	0.117	0.122	0.021	0.071	99.9	6.08
0.122	0.128	0.134	0.024	0.092	99.9	5.27
0.134	0.141	0.148	0.027	0.12	99.9	4.53
0.148	0.155	0.162	0.031	0.14	99.9	3.85
0.162	0.170	0.178	0.035	0.17	99.8	3.26
0.178	0.186	0.195	0.039	0.21	99.8	2.75
0.195	0.205	0.214	0.043	0.25	99.8	2.32
0.214	0.225	0.235	0.048	0.29	99.7	1.96
0.235	0.247	0.258	0.054	0.34	99.7	1.66
0.258	0.271	0.284	0.060	0.39	99.6	1.40
0.284	0.297	0.311	0.067	0.45	99.5	1.17
0.311	0.326	0.342	0.074	0.52	99.5	0.98
0.342	0.358	0.375	0.081	0.59	99.4	0.81
0.375	0.393	0.412	0.089	0.67	99.3	0.67
0.412	0.431	0.452	0.097	0.76	99.2	0.56
0.452	0.474	0.496	0.11	0.86	99.1	0.46
0.496	0.520	0.545	0.12	0.97	99.0	0.38
0.545	0.571	0.598	0.13	1.08	98.9	0.31
0.598	0.627	0.656	0.14	1.21	98.8	0.25
0.656	0.688	0.721	0.15	1.34	98.7	0.21
0.721	0.755	0.791	0.16	1.49	98.5	0.17
0.791	0.829	0.868	0.17	1.65	98.4	0.14
0.868	0.910	0.953	0.18	1.82	98.2	0.11
0.953	0.999	1.047	0.20	2.00	98.0	0.092
1.047	1.097	1.149	0.21	2.20	97.8	0.074
1.149	1.204	1.261	0.23	2.41	97.6	0.060
1.261	1.321	1.385	0.24	2.64	97.4	0.048
1.385	1.451	1.520	0.26	2.88	97.1	0.039
1.520	1.592	1.668	0.27	3.14	96.9	0.031
1.668	1.748	1.832	0.29	3.41	96.6	0.025
1.832	1.919	2.011	0.30	3.70	96.3	0.020
2.011	2.107	2.207	0.32	4.00	96.0	0.016
2.207	2.313	2.423	0.34	4.32	95.7	0.013
2.423	2.539	2.660	0.36	4.66	95.3	0.010
2.660	2.787	2.920	0.38	5.02	95.0	0.0081
2.920	3.059	3.205	0.40	5.40	94.6	0.0065
3.205	3.358	3.519	0.43	5.80	94.2	0.0052
3.519	3.687	3.863	0.46	6.23	93.8	0.0043
3.863	4.047	4.240	0.50	6.69	93.3	0.0035
4.240	4.443	4.655	0.54	7.19	92.8	0.0028
4.655	4.877	5.110	0.59	7.73	92.3	0.0023
5.110	5.354	5.610	0.64	8.31	91.7	0.0019
5.610	5.878	6.158	0.70	8.95	91.0	0.0016
6.158	6.452	6.760	0.77	9.65	90.3	0.0013
6.760	7.083	7.421	0.84	10.4	89.6	0.0011
7.421	7.775	8.147	0.93	11.3	88.7	0.00091
8.147	8.536	8.943	1.02	12.2	87.8	0.00076
8.943	9.370	9.817	1.13	13.2	86.8	0.00063
9.817	10.29	10.78	1.25	14.3	85.7	0.00053
10.78	11.29	11.83	1.38	15.6	84.4	0.00044
11.83	12.40	12.99	1.52	17.0	83.0	0.00037
12.99	13.61	14.26	1.68	18.5	81.5	0.00031
14.26	14.94	15.65	1.85	20.2	79.8	0.00026
15.65	16.40	17.18	2.03	22.0	78.0	0.00021
17.18	18.00	18.86	2.21	24.1	75.9	0.00017
18.86	19.76	20.70	2.38	26.3	73.7	0.00014
20.70	21.69	22.73	2.54	28.6	71.4	0.00011
22.73	23.81	24.95	2.68	31.2	68.8	0.000091
24.95	26.14	27.39	2.77	33.9	66.1	0.000072
27.39	28.70	30.07	2.82	36.6	63.4	0.000055
30.07	31.50	33.01	2.83	39.5	60.5	0.000042
33.01	34.58	36.24	2.80	42.3	57.7	0.000031
36.24	37.97	39.78	2.75	45.1	54.9	0.000023
39.78	41.68	43.67	2.69	47.8	52.2	0.000017
43.67	45.75	47.94	2.63	50.5	49.5	0.000013
47.94	50.22	52.62	2.57	53.1	46.9	0.000009
52.62	55.13	57.77	2.50	55.7	44.3	0.000007
57.77	60.52	63.41	2.41	58.2	41.8	0.000005
63.41	66.44	69.61	2.29	60.6	39.4	0.000004
69.61	72.94	76.42	2.15	62.9	37.1	0.000003
76.42	80.07	83.89	2.02	65.1	34.9	0.000002
83.89	87.90	92.09	1.91	67.1	32.9	0.000001
92.09	96.49	101.1	1.85	69.0	31.0	0.000001
101.1	105.9	111.0	1.83	70.8	29.2	0.000001
111.0	116.3	121.8	1.87	72.7	27.3	0.000001
121.8	127.6	133.7	1.94	74.5	25.5	4.31E-7
133.7	140.1	146.8	2.03	76.5	23.5	3.41E-7
146.8	153.8	161.2	2.12	78.5	21.5	2.69E-7
161.2	168.9	176.9	2.19	80.6	19.4	2.1E-7
176.9	185.4	194.2	2.22	82.8	17.2	1.61E-7
194.2	203.5	213.2	2.20	85.0	15.0	1.2E-7
213.2	223.4	234.1	2.11	87.2	12.8	8.75E-8
234.1	245.2	256.9	1.96	89.4	10.6	6.14E-8
256.9	269.2	282.1	1.75	91.3	8.68	4.13E-8
282.1	295.5	309.6	1.49	93.1	6.93	2.67E-8
309.6	324.4	339.9	1.23	94.6	5.44	1.66E-8
339.9	356.1	373.1	1.00	95.8	4.21	1.02E-8
373.1	390.9	409.6	0.82	96.8	3.20	6.33E-9
409.6	429.2	449.7	0.68	97.6	2.38	3.98E-9
449.7	471.1	493.6	0.57	98.3	1.70	2.51E-9
493.6	517.2	541.9	0.45	98.9	1.13	1.51E-9
541.9	567.7	594.9	0.33	99.3	0.68	8.27E-10
594.9	623.3	653.0	0.20	99.6	0.35	3.84E-10
653.0	684.2	716.8	0.10	99.9	0.15	1.45E-10
716.8	751.1	786.9	0.037	99.95	0.049	4.05E-11
786.9	824.5	863.9	0.0099	99.99	0.011	8.12E-12
863.9	905.1	948.3	0.0014	99.999	0.0014	8.42E-13
948.3	993.6	1041	0.000094	100	0.000094	4.44E-14
1041	1091	1143	0	100	0	0
1143	1197	1255	0	100	0	0
1255	1314	1377	0	100	0	0
1377	1443	1512	0	100	0	0
1512	1584	1660	0	100	0	0
1660	1739	1822	0	100	0	0
1822	1909	2000	0	100	0	0
2000				100	0	

