LS	2022-02-23  14:41
File name:	IODP_1175_STV0009_19.$ls
File ID:	IODP_1175
Sample ID:	STV0009
Operator:	RG
Bar code:	
Comment 1:	
Comment 2:	
Instrument:	LS 230, VSM Plus
Run number:	19
Start time:	2022-02-23  14:40
Run length:	61
Optical model:	Fraunhofer.rfd   PIDS included
Obscuration:	11
PIDS Obscur:	42
Obscuration:	OK
Serial Number:	7205

From	0.0400
To	2000
Volume 	100
Mean:	101.6
Median:	49.44
D(0,0):	0.107
Mean/Median ratio:	2.055
Mode:	31.50
S.D.:	118.0
Variance:	13923
C.V.:	116.1
Skewness:	1.737
Kurtosis:	2.895
d10:	7.697
d50:	49.44
d90:	273.3
Specific Surf. Area:	6279

% <	Size 
10	7.70
25	20.4
50	49.4
75	150
90	273

% >	Size 
10	273
25	150
50	49.4
75	20.4
90	7.70

Size 	% <
1	1.91
10	12.6
100	66.3
1000	100

Size 	% >
1	98.1
10	87.4
100	33.7
1000	0

Particle	IODP_1175	Volume	Volume
Diameter	_STV0009	% >	%
um	_19.$ls		
	Volume		
	% <		
0.4	0.68	99.3	0.19
0.488	0.88	99.1	0.43
0.69	1.30	98.7	0.57
0.98	1.87	98.1	0.71
1.38	2.58	97.4	0.89
1.95	3.47	96.5	1.08
2.76	4.55	95.5	1.34
3.91	5.88	94.1	1.75
5.52	7.63	92.4	2.49
7.81	10.1	89.9	3.65
11.05	13.8	86.2	5.45
15.63	19.2	80.8	7.84
22.1	27.1	72.9	9.88
31.3	36.9	63.1	10.00
44.2	46.9	53.1	9.16
62.5	56.1	43.9	7.74
88.4	63.8	36.2	7.08
125	70.9	29.1	8.21
177	79.1	20.9	8.80
250	87.9	12.1	6.93
354	94.9	5.14	3.95
500	98.8	1.19	1.17
707	99.98	0.020	0.020
1000	100	0	0
1414	100	0	0
2000	100	0	0
2828	100	0	0
4000	100	0	

Channel	Channel	Channel	Diff.	Cum. <	Cum. >	Diff.
Diameter	Diameter	Diameter	Volume	Volume	Volume	Number
(Lower)	(Center)	(Upper)	%	%	%	%
um	um	um				
0.040	0.042	0.044	0.00027	0	100	1.76
0.044	0.046	0.048	0.00036	0.00027	100	1.77
0.048	0.050	0.053	0.00058	0.00063	99.999	2.17
0.053	0.055	0.058	0.0012	0.0012	99.999	3.31
0.058	0.061	0.064	0.0024	0.0024	99.998	5.21
0.064	0.067	0.070	0.0045	0.0048	99.995	7.30
0.070	0.073	0.077	0.0069	0.0093	99.99	8.47
0.077	0.080	0.084	0.0093	0.016	99.98	8.59
0.084	0.088	0.093	0.012	0.026	99.97	8.16
0.093	0.097	0.102	0.014	0.037	99.96	7.56
0.102	0.106	0.112	0.017	0.052	99.9	6.85
0.112	0.117	0.122	0.020	0.069	99.9	6.04
0.122	0.128	0.134	0.023	0.089	99.9	5.22
0.134	0.141	0.148	0.026	0.11	99.9	4.47
0.148	0.155	0.162	0.029	0.14	99.9	3.79
0.162	0.170	0.178	0.033	0.17	99.8	3.20
0.178	0.186	0.195	0.036	0.20	99.8	2.69
0.195	0.205	0.214	0.040	0.24	99.8	2.26
0.214	0.225	0.235	0.045	0.28	99.7	1.90
0.235	0.247	0.258	0.050	0.32	99.7	1.60
0.258	0.271	0.284	0.055	0.37	99.6	1.34
0.284	0.297	0.311	0.061	0.43	99.6	1.12
0.311	0.326	0.342	0.067	0.49	99.5	0.93
0.342	0.358	0.375	0.074	0.56	99.4	0.77
0.375	0.393	0.412	0.081	0.63	99.4	0.64
0.412	0.431	0.452	0.088	0.71	99.3	0.53
0.452	0.474	0.496	0.096	0.80	99.2	0.43
0.496	0.520	0.545	0.10	0.89	99.1	0.36
0.545	0.571	0.598	0.11	1.00	99.0	0.29
0.598	0.627	0.656	0.12	1.11	98.9	0.24
0.656	0.688	0.721	0.13	1.23	98.8	0.19
0.721	0.755	0.791	0.14	1.36	98.6	0.16
0.791	0.829	0.868	0.15	1.51	98.5	0.13
0.868	0.910	0.953	0.16	1.66	98.3	0.10
0.953	0.999	1.047	0.18	1.82	98.2	0.084
1.047	1.097	1.149	0.19	2.00	98.0	0.068
1.149	1.204	1.261	0.20	2.18	97.8	0.055
1.261	1.321	1.385	0.21	2.38	97.6	0.044
1.385	1.451	1.520	0.22	2.59	97.4	0.035
1.520	1.592	1.668	0.24	2.82	97.2	0.028
1.668	1.748	1.832	0.25	3.05	96.9	0.022
1.832	1.919	2.011	0.26	3.30	96.7	0.018
2.011	2.107	2.207	0.27	3.56	96.4	0.014
2.207	2.313	2.423	0.29	3.83	96.2	0.011
2.423	2.539	2.660	0.30	4.12	95.9	0.0089
2.660	2.787	2.920	0.32	4.42	95.6	0.0071
2.920	3.059	3.205	0.34	4.74	95.3	0.0057
3.205	3.358	3.519	0.36	5.08	94.9	0.0046
3.519	3.687	3.863	0.39	5.44	94.6	0.0037
3.863	4.047	4.240	0.42	5.83	94.2	0.0030
4.240	4.443	4.655	0.45	6.25	93.8	0.0025
4.655	4.877	5.110	0.49	6.70	93.3	0.0020
5.110	5.354	5.610	0.54	7.19	92.8	0.0017
5.610	5.878	6.158	0.59	7.73	92.3	0.0014
6.158	6.452	6.760	0.65	8.32	91.7	0.0012
6.760	7.083	7.421	0.72	8.97	91.0	0.00098
7.421	7.775	8.147	0.80	9.70	90.3	0.00082
8.147	8.536	8.943	0.89	10.5	89.5	0.00068
8.943	9.370	9.817	0.98	11.4	88.6	0.00058
9.817	10.29	10.78	1.10	12.4	87.6	0.00048
10.78	11.29	11.83	1.22	13.5	86.5	0.00041
11.83	12.40	12.99	1.36	14.7	85.3	0.00034
12.99	13.61	14.26	1.52	16.0	84.0	0.00029
14.26	14.94	15.65	1.69	17.6	82.4	0.00024
15.65	16.40	17.18	1.87	19.2	80.8	0.00020
17.18	18.00	18.86	2.05	21.1	78.9	0.00017
18.86	19.76	20.70	2.24	23.2	76.8	0.00014
20.70	21.69	22.73	2.41	25.4	74.6	0.00011
22.73	23.81	24.95	2.56	27.8	72.2	0.000091
24.95	26.14	27.39	2.67	30.4	69.6	0.000072
27.39	28.70	30.07	2.74	33.0	67.0	0.000056
30.07	31.50	33.01	2.76	35.8	64.2	0.000042
33.01	34.58	36.24	2.74	38.5	61.5	0.000032
36.24	37.97	39.78	2.69	41.3	58.7	0.000024
39.78	41.68	43.67	2.64	44.0	56.0	0.000018
43.67	45.75	47.94	2.58	46.6	53.4	0.000013
47.94	50.22	52.62	2.51	49.2	50.8	0.000010
52.62	55.13	57.77	2.43	51.7	48.3	0.000007
57.77	60.52	63.41	2.34	54.1	45.9	0.000005
63.41	66.44	69.61	2.22	56.5	43.5	0.000004
69.61	72.94	76.42	2.10	58.7	41.3	0.000003
76.42	80.07	83.89	1.99	60.8	39.2	0.000002
83.89	87.90	92.09	1.91	62.8	37.2	0.000001
92.09	96.49	101.1	1.87	64.7	35.3	0.000001
101.1	105.9	111.0	1.88	66.6	33.4	0.000001
111.0	116.3	121.8	1.94	68.4	31.6	0.000001
121.8	127.6	133.7	2.03	70.4	29.6	4.69E-7
133.7	140.1	146.8	2.13	72.4	27.6	3.73E-7
146.8	153.8	161.2	2.24	74.5	25.5	2.96E-7
161.2	168.9	176.9	2.34	76.8	23.2	2.33E-7
176.9	185.4	194.2	2.40	79.1	20.9	1.81E-7
194.2	203.5	213.2	2.43	81.5	18.5	1.38E-7
213.2	223.4	234.1	2.39	84.0	16.0	1.03E-7
234.1	245.2	256.9	2.28	86.3	13.7	7.45E-8
256.9	269.2	282.1	2.11	88.6	11.4	5.2E-8
282.1	295.5	309.6	1.89	90.7	9.26	3.51E-8
309.6	324.4	339.9	1.64	92.6	7.38	2.31E-8
339.9	356.1	373.1	1.41	94.3	5.74	1.5E-8
373.1	390.9	409.6	1.21	95.7	4.32	9.71E-9
409.6	429.2	449.7	1.02	96.9	3.12	6.19E-9
449.7	471.1	493.6	0.83	97.9	2.10	3.8E-9
493.6	517.2	541.9	0.62	98.7	1.27	2.14E-9
541.9	567.7	594.9	0.39	99.3	0.66	1.03E-9
594.9	623.3	653.0	0.19	99.7	0.26	3.79E-10
653.0	684.2	716.8	0.061	99.9	0.071	9.13E-11
716.8	751.1	786.9	0.0098	99.99	0.010	1.11E-11
786.9	824.5	863.9	0.00055	99.999	0.00055	4.75E-13
863.9	905.1	948.3	0	100	0	0
948.3	993.6	1041	0	100	0	0
1041	1091	1143	0	100	0	0
1143	1197	1255	0	100	0	0
1255	1314	1377	0	100	0	0
1377	1443	1512	0	100	0	0
1512	1584	1660	0	100	0	0
1660	1739	1822	0	100	0	0
1822	1909	2000	0	100	0	0
2000				100	0	

