LS	2022-02-23  15:43
File name:	IODP_1175_STV0010_36.$ls
File ID:	IODP_1175
Sample ID:	STV0010
Operator:	RG
Bar code:	
Comment 1:	
Comment 2:	
Instrument:	LS 230, VSM Plus
Run number:	36
Start time:	2022-02-23  15:42
Run length:	62
Optical model:	Fraunhofer.rfd   PIDS included
Obscuration:	11
PIDS Obscur:	49
Obscuration:	OK
Serial Number:	7205

From	0.0400
To	2000
Volume 	100
Mean:	47.38
Median:	30.22
D(0,0):	0.104
Mean/Median ratio:	1.568
Mode:	37.97
S.D.:	52.72
Variance:	2779
C.V.:	111.3
Skewness:	2.040
Kurtosis:	4.205
d10:	4.281
d50:	30.22
d90:	115.2
Specific Surf. Area:	9367

% <	Size 
10	4.28
25	12.7
50	30.2
75	59.2
90	115

% >	Size 
10	115
25	59.2
50	30.2
75	12.7
90	4.28

Size 	% <
1	2.73
10	20.5
100	88.0
1000	100

Size 	% >
1	97.3
10	79.5
100	12.0
1000	0

Particle	IODP_1175	Volume	Volume
Diameter	_STV0010	% >	%
um	_36.$ls		
	Volume		
	% <		
0.4	1.07	98.9	0.27
0.488	1.33	98.7	0.58
0.69	1.91	98.1	0.76
0.98	2.68	97.3	0.99
1.38	3.67	96.3	1.34
1.95	5.01	95.0	1.81
2.76	6.82	93.2	2.43
3.91	9.24	90.8	3.20
5.52	12.4	87.6	4.24
7.81	16.7	83.3	5.56
11.05	22.2	77.8	7.32
15.63	29.6	70.4	9.63
22.1	39.2	60.8	12.1
31.3	51.3	48.7	13.1
44.2	64.4	35.6	12.4
62.5	76.8	23.2	9.02
88.4	85.8	14.2	5.17
125	91.0	9.03	4.09
177	95.1	4.94	4.21
250	99.3	0.73	0.73
354	99.999	0.00066	0.00066
500	100	0	0
707	100	0	0
1000	100	0	0
1414	100	0	0
2000	100	0	0
2828	100	0	0
4000	100	0	

Channel	Channel	Channel	Diff.	Cum. <	Cum. >	Diff.
Diameter	Diameter	Diameter	Volume	Volume	Volume	Number
(Lower)	(Center)	(Upper)	%	%	%	%
um	um	um				
0.040	0.042	0.044	0.00051	0	100	1.93
0.044	0.046	0.048	0.00066	0.00051	99.999	1.89
0.048	0.050	0.053	0.0010	0.0012	99.999	2.25
0.053	0.055	0.058	0.0021	0.0022	99.998	3.39
0.058	0.061	0.064	0.0043	0.0043	99.996	5.37
0.064	0.067	0.070	0.0081	0.0086	99.99	7.60
0.070	0.073	0.077	0.013	0.017	99.98	8.88
0.077	0.080	0.084	0.017	0.029	99.97	8.98
0.084	0.088	0.093	0.021	0.046	99.95	8.46
0.093	0.097	0.102	0.025	0.067	99.9	7.76
0.102	0.106	0.112	0.030	0.092	99.9	6.95
0.112	0.117	0.122	0.035	0.12	99.9	6.06
0.122	0.128	0.134	0.039	0.16	99.8	5.18
0.134	0.141	0.148	0.044	0.20	99.8	4.39
0.148	0.155	0.162	0.048	0.24	99.8	3.67
0.162	0.170	0.178	0.053	0.29	99.7	3.05
0.178	0.186	0.195	0.058	0.34	99.7	2.52
0.195	0.205	0.214	0.064	0.40	99.6	2.09
0.214	0.225	0.235	0.070	0.46	99.5	1.73
0.235	0.247	0.258	0.077	0.53	99.5	1.43
0.258	0.271	0.284	0.084	0.61	99.4	1.18
0.284	0.297	0.311	0.091	0.69	99.3	0.97
0.311	0.326	0.342	0.099	0.78	99.2	0.80
0.342	0.358	0.375	0.11	0.88	99.1	0.65
0.375	0.393	0.412	0.11	0.99	99.0	0.53
0.412	0.431	0.452	0.12	1.10	98.9	0.43
0.452	0.474	0.496	0.13	1.23	98.8	0.35
0.496	0.520	0.545	0.14	1.36	98.6	0.28
0.545	0.571	0.598	0.15	1.50	98.5	0.23
0.598	0.627	0.656	0.16	1.65	98.3	0.19
0.656	0.688	0.721	0.18	1.82	98.2	0.15
0.721	0.755	0.791	0.19	1.99	98.0	0.12
0.791	0.829	0.868	0.20	2.18	97.8	0.10
0.868	0.910	0.953	0.22	2.39	97.6	0.082
0.953	0.999	1.047	0.24	2.61	97.4	0.067
1.047	1.097	1.149	0.26	2.84	97.2	0.054
1.149	1.204	1.261	0.28	3.10	96.9	0.044
1.261	1.321	1.385	0.30	3.38	96.6	0.036
1.385	1.451	1.520	0.32	3.68	96.3	0.030
1.520	1.592	1.668	0.35	4.00	96.0	0.024
1.668	1.748	1.832	0.38	4.35	95.6	0.020
1.832	1.919	2.011	0.41	4.73	95.3	0.016
2.011	2.107	2.207	0.45	5.15	94.9	0.013
2.207	2.313	2.423	0.48	5.59	94.4	0.011
2.423	2.539	2.660	0.52	6.08	93.9	0.0089
2.660	2.787	2.920	0.57	6.60	93.4	0.0073
2.920	3.059	3.205	0.61	7.16	92.8	0.0060
3.205	3.358	3.519	0.66	7.77	92.2	0.0049
3.519	3.687	3.863	0.71	8.43	91.6	0.0040
3.863	4.047	4.240	0.77	9.15	90.9	0.0033
4.240	4.443	4.655	0.83	9.92	90.1	0.0027
4.655	4.877	5.110	0.90	10.7	89.3	0.0022
5.110	5.354	5.610	0.97	11.6	88.4	0.0018
5.610	5.878	6.158	1.04	12.6	87.4	0.0014
6.158	6.452	6.760	1.12	13.7	86.3	0.0012
6.760	7.083	7.421	1.21	14.8	85.2	0.00095
7.421	7.775	8.147	1.30	16.0	84.0	0.00077
8.147	8.536	8.943	1.40	17.3	82.7	0.00063
8.943	9.370	9.817	1.50	18.7	81.3	0.00051
9.817	10.29	10.78	1.61	20.2	79.8	0.00042
10.78	11.29	11.83	1.74	21.8	78.2	0.00034
11.83	12.40	12.99	1.87	23.5	76.5	0.00028
12.99	13.61	14.26	2.02	25.4	74.6	0.00022
14.26	14.94	15.65	2.18	27.4	72.6	0.00018
15.65	16.40	17.18	2.35	29.6	70.4	0.00015
17.18	18.00	18.86	2.53	32.0	68.0	0.00012
18.86	19.76	20.70	2.72	34.5	65.5	0.000099
20.70	21.69	22.73	2.90	37.2	62.8	0.000080
22.73	23.81	24.95	3.09	40.1	59.9	0.000064
24.95	26.14	27.39	3.25	43.2	56.8	0.000051
27.39	28.70	30.07	3.38	46.4	53.6	0.000040
30.07	31.50	33.01	3.48	49.8	50.2	0.000031
33.01	34.58	36.24	3.54	53.3	46.7	0.000024
36.24	37.97	39.78	3.56	56.8	43.2	0.000018
39.78	41.68	43.67	3.56	60.4	39.6	0.000014
43.67	45.75	47.94	3.52	64.0	36.0	0.000010
47.94	50.22	52.62	3.43	67.5	32.5	0.000008
52.62	55.13	57.77	3.29	70.9	29.1	0.000006
57.77	60.52	63.41	3.08	74.2	25.8	0.000004
63.41	66.44	69.61	2.81	77.3	22.7	0.000003
69.61	72.94	76.42	2.50	80.1	19.9	0.000002
76.42	80.07	83.89	2.18	82.6	17.4	0.000001
83.89	87.90	92.09	1.86	84.8	15.2	0.000001
92.09	96.49	101.1	1.58	86.6	13.4	4.93E-7
101.1	105.9	111.0	1.34	88.2	11.8	3.15E-7
111.0	116.3	121.8	1.14	89.6	10.4	2.04E-7
121.8	127.6	133.7	1.03	90.7	9.30	1.39E-7
133.7	140.1	146.8	1.01	91.7	8.27	1.03E-7
146.8	153.8	161.2	1.09	92.7	7.26	8.4E-8
161.2	168.9	176.9	1.23	93.8	6.17	7.13E-8
176.9	185.4	194.2	1.33	95.1	4.95	5.83E-8
194.2	203.5	213.2	1.29	96.4	3.62	4.3E-8
213.2	223.4	234.1	1.08	97.7	2.33	2.72E-8
234.1	245.2	256.9	0.73	98.8	1.24	1.4E-8
256.9	269.2	282.1	0.37	99.5	0.51	5.29E-9
282.1	295.5	309.6	0.12	99.9	0.14	1.31E-9
309.6	324.4	339.9	0.020	99.98	0.021	1.62E-10
339.9	356.1	373.1	0.0012	99.999	0.0012	7.18E-12
373.1	390.9	409.6	0	100	0	0
409.6	429.2	449.7	0	100	0	0
449.7	471.1	493.6	0	100	0	0
493.6	517.2	541.9	0	100	0	0
541.9	567.7	594.9	0	100	0	0
594.9	623.3	653.0	0	100	0	0
653.0	684.2	716.8	0	100	0	0
716.8	751.1	786.9	0	100	0	0
786.9	824.5	863.9	0	100	0	0
863.9	905.1	948.3	0	100	0	0
948.3	993.6	1041	0	100	0	0
1041	1091	1143	0	100	0	0
1143	1197	1255	0	100	0	0
1255	1314	1377	0	100	0	0
1377	1443	1512	0	100	0	0
1512	1584	1660	0	100	0	0
1660	1739	1822	0	100	0	0
1822	1909	2000	0	100	0	0
2000				100	0	

