LS	2022-02-23  16:06
File name:	IODP_1175_STV0011_40.$ls
File ID:	IODP_1175
Sample ID:	STV0011
Operator:	RG
Bar code:	
Comment 1:	
Comment 2:	
Instrument:	LS 230, VSM Plus
Run number:	40
Start time:	2022-02-23  16:05
Run length:	62
Optical model:	Fraunhofer.rfd   PIDS included
Obscuration:	9
PIDS Obscur:	36
Obscuration:	OK
Serial Number:	7205

From	0.0400
To	2000
Volume 	100
Mean:	46.94
Median:	33.23
D(0,0):	0.103
Mean/Median ratio:	1.412
Mode:	45.75
S.D.:	49.33
Variance:	2434
C.V.:	105.1
Skewness:	2.441
Kurtosis:	7.237
d10:	6.026
d50:	33.23
d90:	97.03
Specific Surf. Area:	7488

% <	Size 
10	6.03
25	15.9
50	33.2
75	59.1
90	97.0

% >	Size 
10	97.0
25	59.1
50	33.2
75	15.9
90	6.03

Size 	% <
1	2.05
10	16.0
100	90.6
1000	100

Size 	% >
1	98.0
10	84.0
100	9.44
1000	0

Particle	IODP_1175	Volume	Volume
Diameter	_STV0011	% >	%
um	_40.$ls		
	Volume		
	% <		
0.4	0.80	99.2	0.20
0.488	1.00	99.0	0.43
0.69	1.43	98.6	0.58
0.98	2.01	98.0	0.73
1.38	2.74	97.3	0.97
1.95	3.71	96.3	1.30
2.76	5.01	95.0	1.77
3.91	6.79	93.2	2.45
5.52	9.23	90.8	3.47
7.81	12.7	87.3	4.90
11.05	17.6	82.4	6.98
15.63	24.6	75.4	9.86
22.1	34.4	65.6	13.0
31.3	47.5	52.5	14.9
44.2	62.4	37.6	14.9
62.5	77.3	22.7	10.8
88.4	88.1	11.9	5.31
125	93.4	6.59	2.73
177	96.1	3.85	2.76
250	98.9	1.10	1.08
354	99.99	0.013	0.013
500	100	0	0
707	100	0	0
1000	100	0	0
1414	100	0	0
2000	100	0	0
2828	100	0	0
4000	100	0	

Channel	Channel	Channel	Diff.	Cum. <	Cum. >	Diff.
Diameter	Diameter	Diameter	Volume	Volume	Volume	Number
(Lower)	(Center)	(Upper)	%	%	%	%
um	um	um				
0.040	0.042	0.044	0.00037	0	100	1.88
0.044	0.046	0.048	0.00050	0.00037	100	1.89
0.048	0.050	0.053	0.00080	0.00087	99.999	2.32
0.053	0.055	0.058	0.0016	0.0017	99.998	3.56
0.058	0.061	0.064	0.0034	0.0033	99.997	5.61
0.064	0.067	0.070	0.0063	0.0067	99.99	7.81
0.070	0.073	0.077	0.0095	0.013	99.99	8.93
0.077	0.080	0.084	0.013	0.022	99.98	8.93
0.084	0.088	0.093	0.016	0.035	99.97	8.38
0.093	0.097	0.102	0.019	0.050	99.9	7.68
0.102	0.106	0.112	0.022	0.069	99.9	6.87
0.112	0.117	0.122	0.026	0.092	99.9	5.97
0.122	0.128	0.134	0.029	0.12	99.9	5.11
0.134	0.141	0.148	0.033	0.15	99.9	4.33
0.148	0.155	0.162	0.036	0.18	99.8	3.62
0.162	0.170	0.178	0.040	0.21	99.8	3.01
0.178	0.186	0.195	0.043	0.25	99.7	2.50
0.195	0.205	0.214	0.048	0.30	99.7	2.07
0.214	0.225	0.235	0.052	0.35	99.7	1.72
0.235	0.247	0.258	0.057	0.40	99.6	1.42
0.258	0.271	0.284	0.062	0.45	99.5	1.17
0.284	0.297	0.311	0.068	0.52	99.5	0.96
0.311	0.326	0.342	0.074	0.59	99.4	0.79
0.342	0.358	0.375	0.080	0.66	99.3	0.65
0.375	0.393	0.412	0.086	0.74	99.3	0.53
0.412	0.431	0.452	0.093	0.82	99.2	0.43
0.452	0.474	0.496	0.100	0.92	99.1	0.35
0.496	0.520	0.545	0.11	1.02	99.0	0.28
0.545	0.571	0.598	0.12	1.12	98.9	0.23
0.598	0.627	0.656	0.12	1.24	98.8	0.19
0.656	0.688	0.721	0.13	1.36	98.6	0.15
0.721	0.755	0.791	0.14	1.50	98.5	0.12
0.791	0.829	0.868	0.15	1.64	98.4	0.10
0.868	0.910	0.953	0.16	1.79	98.2	0.081
0.953	0.999	1.047	0.18	1.96	98.0	0.066
1.047	1.097	1.149	0.19	2.13	97.9	0.054
1.149	1.204	1.261	0.20	2.33	97.7	0.044
1.261	1.321	1.385	0.22	2.53	97.5	0.036
1.385	1.451	1.520	0.24	2.75	97.2	0.029
1.520	1.592	1.668	0.26	2.99	97.0	0.024
1.668	1.748	1.832	0.28	3.24	96.8	0.019
1.832	1.919	2.011	0.30	3.52	96.5	0.016
2.011	2.107	2.207	0.32	3.82	96.2	0.013
2.207	2.313	2.423	0.35	4.14	95.9	0.010
2.423	2.539	2.660	0.38	4.48	95.5	0.0085
2.660	2.787	2.920	0.41	4.86	95.1	0.0070
2.920	3.059	3.205	0.44	5.26	94.7	0.0057
3.205	3.358	3.519	0.48	5.71	94.3	0.0047
3.519	3.687	3.863	0.53	6.19	93.8	0.0039
3.863	4.047	4.240	0.58	6.71	93.3	0.0032
4.240	4.443	4.655	0.63	7.29	92.7	0.0027
4.655	4.877	5.110	0.69	7.92	92.1	0.0022
5.110	5.354	5.610	0.76	8.61	91.4	0.0018
5.610	5.878	6.158	0.83	9.37	90.6	0.0015
6.158	6.452	6.760	0.91	10.2	89.8	0.0013
6.760	7.083	7.421	1.00	11.1	88.9	0.0010
7.421	7.775	8.147	1.10	12.1	87.9	0.00087
8.147	8.536	8.943	1.20	13.2	86.8	0.00072
8.943	9.370	9.817	1.32	14.4	85.6	0.00060
9.817	10.29	10.78	1.45	15.7	84.3	0.00050
10.78	11.29	11.83	1.60	17.2	82.8	0.00041
11.83	12.40	12.99	1.76	18.8	81.2	0.00034
12.99	13.61	14.26	1.94	20.6	79.4	0.00029
14.26	14.94	15.65	2.13	22.5	77.5	0.00024
15.65	16.40	17.18	2.34	24.6	75.4	0.00020
17.18	18.00	18.86	2.57	27.0	73.0	0.00016
18.86	19.76	20.70	2.81	29.5	70.5	0.00014
20.70	21.69	22.73	3.05	32.3	67.7	0.00011
22.73	23.81	24.95	3.28	35.4	64.6	0.000090
24.95	26.14	27.39	3.50	38.7	61.3	0.000073
27.39	28.70	30.07	3.69	42.2	57.8	0.000058
30.07	31.50	33.01	3.85	45.9	54.1	0.000046
33.01	34.58	36.24	3.97	49.7	50.3	0.000036
36.24	37.97	39.78	4.06	53.7	46.3	0.000028
39.78	41.68	43.67	4.12	57.8	42.2	0.000021
43.67	45.75	47.94	4.14	61.9	38.1	0.000016
47.94	50.22	52.62	4.10	66.0	34.0	0.000012
52.62	55.13	57.77	3.98	70.1	29.9	0.000009
57.77	60.52	63.41	3.76	74.1	25.9	0.000006
63.41	66.44	69.61	3.44	77.9	22.1	0.000004
69.61	72.94	76.42	3.04	81.3	18.7	0.000003
76.42	80.07	83.89	2.59	84.3	15.7	0.000002
83.89	87.90	92.09	2.13	86.9	13.1	0.000001
92.09	96.49	101.1	1.71	89.1	10.9	0.000001
101.1	105.9	111.0	1.35	90.8	9.23	4.23E-7
111.0	116.3	121.8	1.06	92.1	7.88	2.52E-7
121.8	127.6	133.7	0.86	93.2	6.81	1.53E-7
133.7	140.1	146.8	0.73	94.0	5.96	9.88E-8
146.8	153.8	161.2	0.68	94.8	5.23	6.95E-8
161.2	168.9	176.9	0.69	95.5	4.55	5.33E-8
176.9	185.4	194.2	0.74	96.1	3.86	4.31E-8
194.2	203.5	213.2	0.78	96.9	3.12	3.45E-8
213.2	223.4	234.1	0.77	97.7	2.34	2.57E-8
234.1	245.2	256.9	0.67	98.4	1.57	1.7E-8
256.9	269.2	282.1	0.49	99.1	0.89	9.43E-9
282.1	295.5	309.6	0.27	99.6	0.40	3.96E-9
309.6	324.4	339.9	0.10	99.9	0.12	1.13E-9
339.9	356.1	373.1	0.019	99.98	0.021	1.6E-10
373.1	390.9	409.6	0.0015	99.999	0.0015	9.22E-12
409.6	429.2	449.7	0	100	0	0
449.7	471.1	493.6	0	100	0	0
493.6	517.2	541.9	0	100	0	0
541.9	567.7	594.9	0	100	0	0
594.9	623.3	653.0	0	100	0	0
653.0	684.2	716.8	0	100	0	0
716.8	751.1	786.9	0	100	0	0
786.9	824.5	863.9	0	100	0	0
863.9	905.1	948.3	0	100	0	0
948.3	993.6	1041	0	100	0	0
1041	1091	1143	0	100	0	0
1143	1197	1255	0	100	0	0
1255	1314	1377	0	100	0	0
1377	1443	1512	0	100	0	0
1512	1584	1660	0	100	0	0
1660	1739	1822	0	100	0	0
1822	1909	2000	0	100	0	0
2000				100	0	

