LS	2022-02-23  15:29
File name:	IODP_1175_STV0010_32.$ls
File ID:	IODP_1175
Sample ID:	STV0010
Operator:	RG
Bar code:	
Comment 1:	
Comment 2:	
Instrument:	LS 230, VSM Plus
Run number:	32
Start time:	2022-02-23  15:28
Run length:	61
Optical model:	Fraunhofer.rfd   PIDS included
Obscuration:	12
PIDS Obscur:	54
Obscuration:	OK
Serial Number:	7205

From	0.0400
To	2000
Volume 	100
Mean:	56.55
Median:	32.68
D(0,0):	0.104
Mean/Median ratio:	1.731
Mode:	45.75
S.D.:	77.72
Variance:	6040
C.V.:	137.4
Skewness:	3.451
Kurtosis:	15.51
d10:	4.576
d50:	32.68
d90:	131.9
Specific Surf. Area:	9039

% <	Size 
10	4.58
25	13.8
50	32.7
75	64.2
90	132

% >	Size 
10	132
25	64.2
50	32.7
75	13.8
90	4.58

Size 	% <
1	2.64
10	19.2
100	86.1
1000	100

Size 	% >
1	97.4
10	80.8
100	13.9
1000	0

Particle	IODP_1175	Volume	Volume
Diameter	_STV0010	% >	%
um	_32.$ls		
	Volume		
	% <		
0.4	1.05	98.9	0.26
0.488	1.31	98.7	0.55
0.69	1.86	98.1	0.73
0.98	2.59	97.4	0.93
1.38	3.52	96.5	1.26
1.95	4.78	95.2	1.69
2.76	6.47	93.5	2.27
3.91	8.74	91.3	2.98
5.52	11.7	88.3	3.96
7.81	15.7	84.3	5.19
11.05	20.9	79.1	6.87
15.63	27.7	72.3	9.11
22.1	36.9	63.1	11.6
31.3	48.4	51.6	12.9
44.2	61.3	38.7	12.8
62.5	74.1	25.9	9.61
88.4	83.7	16.3	5.63
125	89.3	10.7	4.00
177	93.3	6.67	3.45
250	96.8	3.22	1.70
354	98.5	1.51	0.92
500	99.4	0.59	0.59
707	99.99	0.0060	0.0060
1000	100	0	0
1414	100	0	0
2000	100	0	0
2828	100	0	0
4000	100	0	

Channel	Channel	Channel	Diff.	Cum. <	Cum. >	Diff.
Diameter	Diameter	Diameter	Volume	Volume	Volume	Number
(Lower)	(Center)	(Upper)	%	%	%	%
um	um	um				
0.040	0.042	0.044	0.00051	0	100	1.96
0.044	0.046	0.048	0.00066	0.00051	99.999	1.90
0.048	0.050	0.053	0.0010	0.0012	99.999	2.24
0.053	0.055	0.058	0.0020	0.0022	99.998	3.35
0.058	0.061	0.064	0.0043	0.0042	99.996	5.31
0.064	0.067	0.070	0.0080	0.0085	99.99	7.56
0.070	0.073	0.077	0.013	0.017	99.98	8.92
0.077	0.080	0.084	0.017	0.029	99.97	9.04
0.084	0.088	0.093	0.021	0.046	99.95	8.52
0.093	0.097	0.102	0.025	0.067	99.9	7.81
0.102	0.106	0.112	0.030	0.092	99.9	7.00
0.112	0.117	0.122	0.035	0.12	99.9	6.09
0.122	0.128	0.134	0.039	0.16	99.8	5.21
0.134	0.141	0.148	0.044	0.20	99.8	4.40
0.148	0.155	0.162	0.048	0.24	99.8	3.67
0.162	0.170	0.178	0.053	0.29	99.7	3.04
0.178	0.186	0.195	0.058	0.34	99.7	2.51
0.195	0.205	0.214	0.063	0.40	99.6	2.08
0.214	0.225	0.235	0.069	0.46	99.5	1.71
0.235	0.247	0.258	0.075	0.53	99.5	1.41
0.258	0.271	0.284	0.082	0.61	99.4	1.16
0.284	0.297	0.311	0.089	0.69	99.3	0.96
0.311	0.326	0.342	0.096	0.78	99.2	0.78
0.342	0.358	0.375	0.10	0.87	99.1	0.63
0.375	0.393	0.412	0.11	0.98	99.0	0.51
0.412	0.431	0.452	0.12	1.09	98.9	0.42
0.452	0.474	0.496	0.13	1.21	98.8	0.34
0.496	0.520	0.545	0.14	1.34	98.7	0.27
0.545	0.571	0.598	0.15	1.47	98.5	0.22
0.598	0.627	0.656	0.16	1.62	98.4	0.18
0.656	0.688	0.721	0.17	1.78	98.2	0.15
0.721	0.755	0.791	0.18	1.94	98.1	0.12
0.791	0.829	0.868	0.19	2.12	97.9	0.095
0.868	0.910	0.953	0.21	2.32	97.7	0.078
0.953	0.999	1.047	0.22	2.53	97.5	0.063
1.047	1.097	1.149	0.24	2.75	97.2	0.051
1.149	1.204	1.261	0.26	2.99	97.0	0.042
1.261	1.321	1.385	0.28	3.25	96.7	0.034
1.385	1.451	1.520	0.30	3.53	96.5	0.028
1.520	1.592	1.668	0.33	3.84	96.2	0.023
1.668	1.748	1.832	0.36	4.17	95.8	0.019
1.832	1.919	2.011	0.39	4.53	95.5	0.015
2.011	2.107	2.207	0.42	4.91	95.1	0.013
2.207	2.313	2.423	0.45	5.33	94.7	0.010
2.423	2.539	2.660	0.49	5.78	94.2	0.0084
2.660	2.787	2.920	0.53	6.27	93.7	0.0069
2.920	3.059	3.205	0.57	6.80	93.2	0.0056
3.205	3.358	3.519	0.62	7.37	92.6	0.0046
3.519	3.687	3.863	0.67	7.99	92.0	0.0037
3.863	4.047	4.240	0.72	8.65	91.3	0.0030
4.240	4.443	4.655	0.78	9.37	90.6	0.0025
4.655	4.877	5.110	0.84	10.1	89.9	0.0020
5.110	5.354	5.610	0.90	11.0	89.0	0.0017
5.610	5.878	6.158	0.97	11.9	88.1	0.0013
6.158	6.452	6.760	1.05	12.9	87.1	0.0011
6.760	7.083	7.421	1.13	13.9	86.1	0.00089
7.421	7.775	8.147	1.21	15.0	85.0	0.00072
8.147	8.536	8.943	1.30	16.2	83.8	0.00059
8.943	9.370	9.817	1.40	17.5	82.5	0.00048
9.817	10.29	10.78	1.51	18.9	81.1	0.00039
10.78	11.29	11.83	1.63	20.5	79.5	0.00032
11.83	12.40	12.99	1.75	22.1	77.9	0.00026
12.99	13.61	14.26	1.89	23.8	76.2	0.00021
14.26	14.94	15.65	2.05	25.7	74.3	0.00017
15.65	16.40	17.18	2.21	27.8	72.2	0.00014
17.18	18.00	18.86	2.39	30.0	70.0	0.00012
18.86	19.76	20.70	2.57	32.4	67.6	0.000094
20.70	21.69	22.73	2.76	35.0	65.0	0.000076
22.73	23.81	24.95	2.94	37.7	62.3	0.000061
24.95	26.14	27.39	3.11	40.7	59.3	0.000049
27.39	28.70	30.07	3.25	43.8	56.2	0.000039
30.07	31.50	33.01	3.37	47.0	53.0	0.000030
33.01	34.58	36.24	3.45	50.4	49.6	0.000023
36.24	37.97	39.78	3.51	53.8	46.2	0.000018
39.78	41.68	43.67	3.55	57.3	42.7	0.000014
43.67	45.75	47.94	3.56	60.9	39.1	0.000010
47.94	50.22	52.62	3.52	64.4	35.6	0.000008
52.62	55.13	57.77	3.42	68.0	32.0	0.000006
57.77	60.52	63.41	3.24	71.4	28.6	0.000004
63.41	66.44	69.61	2.98	74.6	25.4	0.000003
69.61	72.94	76.42	2.67	77.6	22.4	0.000002
76.42	80.07	83.89	2.33	80.3	19.7	0.000001
83.89	87.90	92.09	2.00	82.6	17.4	0.000001
92.09	96.49	101.1	1.70	84.6	15.4	0.000001
101.1	105.9	111.0	1.45	86.3	13.7	3.44E-7
111.0	116.3	121.8	1.27	87.8	12.2	2.27E-7
121.8	127.6	133.7	1.15	89.0	11.0	1.55E-7
133.7	140.1	146.8	1.07	90.2	9.82	1.1E-7
146.8	153.8	161.2	1.04	91.3	8.75	8.06E-8
161.2	168.9	176.9	1.03	92.3	7.71	6.03E-8
176.9	185.4	194.2	1.02	93.3	6.67	4.51E-8
194.2	203.5	213.2	0.99	94.4	5.65	3.29E-8
213.2	223.4	234.1	0.91	95.3	4.66	2.28E-8
234.1	245.2	256.9	0.78	96.2	3.76	1.48E-8
256.9	269.2	282.1	0.61	97.0	2.98	8.83E-9
282.1	295.5	309.6	0.45	97.6	2.37	4.84E-9
309.6	324.4	339.9	0.31	98.1	1.92	2.56E-9
339.9	356.1	373.1	0.23	98.4	1.61	1.46E-9
373.1	390.9	409.6	0.22	98.6	1.38	1.03E-9
409.6	429.2	449.7	0.24	98.8	1.16	8.66E-10
449.7	471.1	493.6	0.28	99.1	0.91	7.56E-10
493.6	517.2	541.9	0.29	99.4	0.63	5.83E-10
541.9	567.7	594.9	0.21	99.7	0.34	3.28E-10
594.9	623.3	653.0	0.11	99.9	0.13	1.22E-10
653.0	684.2	716.8	0.024	99.97	0.026	2.1E-11
716.8	751.1	786.9	0.0023	99.998	0.0023	1.52E-12
786.9	824.5	863.9	0	100	0	0
863.9	905.1	948.3	0	100	0	0
948.3	993.6	1041	0	100	0	0
1041	1091	1143	0	100	0	0
1143	1197	1255	0	100	0	0
1255	1314	1377	0	100	0	0
1377	1443	1512	0	100	0	0
1512	1584	1660	0	100	0	0
1660	1739	1822	0	100	0	0
1822	1909	2000	0	100	0	0
2000				100	0	

