LS	2022-02-23  16:33
File name:	IODP_1175_STV0012_46.$ls
File ID:	IODP_1175
Sample ID:	STV0012
Operator:	RG
Bar code:	
Comment 1:	
Comment 2:	
Instrument:	LS 230, VSM Plus
Run number:	46
Start time:	2022-02-23  16:32
Run length:	63
Optical model:	Fraunhofer.rfd   PIDS included
Obscuration:	9
PIDS Obscur:	34
Obscuration:	OK
Serial Number:	7205

From	0.0400
To	2000
Volume 	100
Mean:	87.15
Median:	59.69
D(0,0):	0.101
Mean/Median ratio:	1.460
Mode:	105.9
S.D.:	95.04
Variance:	9032
C.V.:	109.0
Skewness:	2.989
Kurtosis:	13.79
d10:	9.716
d50:	59.69
d90:	190.0
Specific Surf. Area:	5230

% <	Size 
10	9.72
25	25.2
50	59.7
75	120
90	190

% >	Size 
10	190
25	120
50	59.7
75	25.2
90	9.72

Size 	% <
1	1.39
10	10.3
100	68.4
1000	99.999

Size 	% >
1	98.6
10	89.7
100	31.6
1000	0.00062

Particle	IODP_1175	Volume	Volume
Diameter	_STV0012	% >	%
um	_46.$ls		
	Volume		
	% <		
0.4	0.58	99.4	0.14
0.488	0.71	99.3	0.29
0.69	1.00	99.0	0.37
0.98	1.37	98.6	0.46
1.38	1.83	98.2	0.61
1.95	2.43	97.6	0.81
2.76	3.25	96.8	1.12
3.91	4.37	95.6	1.56
5.52	5.92	94.1	2.22
7.81	8.15	91.9	3.15
11.05	11.3	88.7	4.47
15.63	15.8	84.2	6.30
22.1	22.1	77.9	8.38
31.3	30.4	69.6	9.88
44.2	40.3	59.7	11.2
62.5	51.6	48.4	12.3
88.4	63.9	36.1	12.7
125	76.6	23.4	11.5
177	88.1	11.9	7.52
250	95.6	4.39	2.45
354	98.1	1.94	0.74
500	98.8	1.20	0.98
707	99.8	0.23	0.23
1000	99.999	0.00062	0.00062
1414	100	0	0
2000	100	0	0
2828	100	0	0
4000	100	0	

Channel	Channel	Channel	Diff.	Cum. <	Cum. >	Diff.
Diameter	Diameter	Diameter	Volume	Volume	Volume	Number
(Lower)	(Center)	(Upper)	%	%	%	%
um	um	um				
0.040	0.042	0.044	0.00030	0	100	1.95
0.044	0.046	0.048	0.00039	0.00030	100	1.96
0.048	0.050	0.053	0.00064	0.00069	99.999	2.39
0.053	0.055	0.058	0.0013	0.0013	99.999	3.69
0.058	0.061	0.064	0.0027	0.0026	99.997	5.82
0.064	0.067	0.070	0.0050	0.0053	99.99	8.08
0.070	0.073	0.077	0.0075	0.010	99.99	9.16
0.077	0.080	0.084	0.0098	0.018	99.98	9.10
0.084	0.088	0.093	0.012	0.028	99.97	8.49
0.093	0.097	0.102	0.015	0.040	99.96	7.74
0.102	0.106	0.112	0.017	0.054	99.9	6.88
0.112	0.117	0.122	0.020	0.071	99.9	5.94
0.122	0.128	0.134	0.022	0.091	99.9	5.07
0.134	0.141	0.148	0.025	0.11	99.9	4.26
0.148	0.155	0.162	0.027	0.14	99.9	3.54
0.162	0.170	0.178	0.029	0.16	99.8	2.92
0.178	0.186	0.195	0.032	0.19	99.8	2.40
0.195	0.205	0.214	0.035	0.23	99.8	1.98
0.214	0.225	0.235	0.038	0.26	99.7	1.62
0.235	0.247	0.258	0.041	0.30	99.7	1.33
0.258	0.271	0.284	0.044	0.34	99.7	1.08
0.284	0.297	0.311	0.048	0.38	99.6	0.88
0.311	0.326	0.342	0.051	0.43	99.6	0.72
0.342	0.358	0.375	0.055	0.48	99.5	0.58
0.375	0.393	0.412	0.059	0.54	99.5	0.47
0.412	0.431	0.452	0.063	0.60	99.4	0.38
0.452	0.474	0.496	0.067	0.66	99.3	0.31
0.496	0.520	0.545	0.071	0.73	99.3	0.25
0.545	0.571	0.598	0.076	0.80	99.2	0.20
0.598	0.627	0.656	0.081	0.87	99.1	0.16
0.656	0.688	0.721	0.086	0.95	99.0	0.13
0.721	0.755	0.791	0.092	1.04	99.0	0.10
0.791	0.829	0.868	0.098	1.13	98.9	0.083
0.868	0.910	0.953	0.10	1.23	98.8	0.067
0.953	0.999	1.047	0.11	1.34	98.7	0.054
1.047	1.097	1.149	0.12	1.45	98.6	0.044
1.149	1.204	1.261	0.13	1.57	98.4	0.036
1.261	1.321	1.385	0.14	1.69	98.3	0.029
1.385	1.451	1.520	0.15	1.83	98.2	0.023
1.520	1.592	1.668	0.16	1.98	98.0	0.019
1.668	1.748	1.832	0.17	2.14	97.9	0.016
1.832	1.919	2.011	0.18	2.31	97.7	0.013
2.011	2.107	2.207	0.20	2.50	97.5	0.010
2.207	2.313	2.423	0.22	2.70	97.3	0.0085
2.423	2.539	2.660	0.24	2.91	97.1	0.0070
2.660	2.787	2.920	0.26	3.15	96.9	0.0057
2.920	3.059	3.205	0.28	3.40	96.6	0.0047
3.205	3.358	3.519	0.30	3.68	96.3	0.0039
3.519	3.687	3.863	0.33	3.99	96.0	0.0032
3.863	4.047	4.240	0.37	4.32	95.7	0.0027
4.240	4.443	4.655	0.40	4.69	95.3	0.0022
4.655	4.877	5.110	0.44	5.09	94.9	0.0018
5.110	5.354	5.610	0.48	5.53	94.5	0.0015
5.610	5.878	6.158	0.53	6.01	94.0	0.0013
6.158	6.452	6.760	0.59	6.54	93.5	0.0011
6.760	7.083	7.421	0.64	7.13	92.9	0.00088
7.421	7.775	8.147	0.70	7.77	92.2	0.00073
8.147	8.536	8.943	0.77	8.48	91.5	0.00060
8.943	9.370	9.817	0.85	9.25	90.8	0.00050
9.817	10.29	10.78	0.93	10.1	89.9	0.00041
10.78	11.29	11.83	1.02	11.0	89.0	0.00034
11.83	12.40	12.99	1.13	12.1	87.9	0.00029
12.99	13.61	14.26	1.24	13.2	86.8	0.00024
14.26	14.94	15.65	1.36	14.4	85.6	0.00020
15.65	16.40	17.18	1.50	15.8	84.2	0.00016
17.18	18.00	18.86	1.64	17.3	82.7	0.00014
18.86	19.76	20.70	1.79	18.9	81.1	0.00011
20.70	21.69	22.73	1.95	20.7	79.3	0.000093
22.73	23.81	24.95	2.10	22.7	77.3	0.000075
24.95	26.14	27.39	2.25	24.8	75.2	0.000061
27.39	28.70	30.07	2.38	27.0	73.0	0.000049
30.07	31.50	33.01	2.49	29.4	70.6	0.000039
33.01	34.58	36.24	2.60	31.9	68.1	0.000030
36.24	37.97	39.78	2.69	34.5	65.5	0.000024
39.78	41.68	43.67	2.79	37.2	62.8	0.000019
43.67	45.75	47.94	2.88	40.0	60.0	0.000015
47.94	50.22	52.62	2.99	42.9	57.1	0.000011
52.62	55.13	57.77	3.08	45.8	54.2	0.000009
57.77	60.52	63.41	3.17	48.9	51.1	0.000007
63.41	66.44	69.61	3.24	52.1	47.9	0.000005
69.61	72.94	76.42	3.30	55.3	44.7	0.000004
76.42	80.07	83.89	3.36	58.6	41.4	0.000003
83.89	87.90	92.09	3.40	62.0	38.0	0.000002
92.09	96.49	101.1	3.44	65.4	34.6	0.000002
101.1	105.9	111.0	3.44	68.8	31.2	0.000001
111.0	116.3	121.8	3.41	72.3	27.7	0.000001
121.8	127.6	133.7	3.34	75.7	24.3	0.000001
133.7	140.1	146.8	3.21	79.0	21.0	0.000001
146.8	153.8	161.2	3.04	82.2	17.8	4.04E-7
161.2	168.9	176.9	2.81	85.3	14.7	2.83E-7
176.9	185.4	194.2	2.53	88.1	11.9	1.93E-7
194.2	203.5	213.2	2.20	90.6	9.39	1.26E-7
213.2	223.4	234.1	1.82	92.8	7.19	7.9E-8
234.1	245.2	256.9	1.40	94.6	5.37	4.61E-8
256.9	269.2	282.1	0.98	96.0	3.97	2.45E-8
282.1	295.5	309.6	0.61	97.0	2.98	1.15E-8
309.6	324.4	339.9	0.34	97.6	2.37	4.87E-9
339.9	356.1	373.1	0.20	98.0	2.03	2.12E-9
373.1	390.9	409.6	0.16	98.2	1.83	1.26E-9
409.6	429.2	449.7	0.18	98.3	1.67	1.12E-9
449.7	471.1	493.6	0.25	98.5	1.49	1.15E-9
493.6	517.2	541.9	0.30	98.8	1.24	1.04E-9
541.9	567.7	594.9	0.30	99.1	0.95	7.93E-10
594.9	623.3	653.0	0.25	99.4	0.65	5.07E-10
653.0	684.2	716.8	0.20	99.6	0.39	2.99E-10
716.8	751.1	786.9	0.12	99.8	0.20	1.4E-10
786.9	824.5	863.9	0.058	99.9	0.073	5.05E-11
863.9	905.1	948.3	0.013	99.99	0.014	8.5E-12
948.3	993.6	1041	0.0014	99.999	0.0014	6.9E-13
1041	1091	1143	0	100	0	0
1143	1197	1255	0	100	0	0
1255	1314	1377	0	100	0	0
1377	1443	1512	0	100	0	0
1512	1584	1660	0	100	0	0
1660	1739	1822	0	100	0	0
1822	1909	2000	0	100	0	0
2000				100	0	

