LS	2022-02-23  16:18
File name:	IODP_1175_STV0011_44.$ls
File ID:	IODP_1175
Sample ID:	STV0011
Operator:	RG
Bar code:	
Comment 1:	
Comment 2:	
Instrument:	LS 230, VSM Plus
Run number:	44
Start time:	2022-02-23  16:17
Run length:	62
Optical model:	Fraunhofer.rfd   PIDS included
Obscuration:	10
PIDS Obscur:	42
Obscuration:	OK
Serial Number:	7205

From	0.0400
To	2000
Volume 	100
Mean:	46.28
Median:	33.67
D(0,0):	0.104
Mean/Median ratio:	1.375
Mode:	45.75
S.D.:	46.81
Variance:	2192
C.V.:	101.2
Skewness:	2.349
Kurtosis:	6.961
d10:	6.045
d50:	33.67
d90:	95.56
Specific Surf. Area:	7409

% <	Size 
10	6.05
25	16.1
50	33.7
75	59.5
90	95.6

% >	Size 
10	95.6
25	59.5
50	33.7
75	16.1
90	6.05

Size 	% <
1	2.03
10	15.9
100	90.9
1000	100

Size 	% >
1	98.0
10	84.1
100	9.11
1000	0

Particle	IODP_1175	Volume	Volume
Diameter	_STV0011	% >	%
um	_44.$ls		
	Volume		
	% <		
0.4	0.78	99.2	0.20
0.488	0.98	99.0	0.43
0.69	1.41	98.6	0.57
0.98	1.99	98.0	0.74
1.38	2.72	97.3	0.98
1.95	3.70	96.3	1.30
2.76	5.00	95.0	1.77
3.91	6.77	93.2	2.44
5.52	9.21	90.8	3.44
7.81	12.6	87.4	4.84
11.05	17.5	82.5	6.87
15.63	24.4	75.6	9.70
22.1	34.0	66.0	12.9
31.3	47.0	53.0	15.0
44.2	61.9	38.1	15.1
62.5	77.1	22.9	11.2
88.4	88.3	11.7	5.61
125	93.9	6.10	2.78
177	96.7	3.31	2.53
250	99.2	0.79	0.78
354	99.99	0.0054	0.0054
500	100	0	0
707	100	0	0
1000	100	0	0
1414	100	0	0
2000	100	0	0
2828	100	0	0
4000	100	0	

Channel	Channel	Channel	Diff.	Cum. <	Cum. >	Diff.
Diameter	Diameter	Diameter	Volume	Volume	Volume	Number
(Lower)	(Center)	(Upper)	%	%	%	%
um	um	um				
0.040	0.042	0.044	0.00036	0	100	1.88
0.044	0.046	0.048	0.00047	0.00036	100	1.88
0.048	0.050	0.053	0.00076	0.00083	99.999	2.27
0.053	0.055	0.058	0.0015	0.0016	99.998	3.46
0.058	0.061	0.064	0.0032	0.0031	99.997	5.46
0.064	0.067	0.070	0.0059	0.0063	99.99	7.67
0.070	0.073	0.077	0.0091	0.012	99.99	8.86
0.077	0.080	0.084	0.012	0.021	99.98	8.91
0.084	0.088	0.093	0.015	0.033	99.97	8.38
0.093	0.097	0.102	0.018	0.048	99.95	7.70
0.102	0.106	0.112	0.022	0.067	99.9	6.90
0.112	0.117	0.122	0.025	0.088	99.9	6.01
0.122	0.128	0.134	0.028	0.11	99.9	5.15
0.134	0.141	0.148	0.032	0.14	99.9	4.37
0.148	0.155	0.162	0.035	0.17	99.8	3.66
0.162	0.170	0.178	0.039	0.21	99.8	3.05
0.178	0.186	0.195	0.042	0.25	99.8	2.53
0.195	0.205	0.214	0.047	0.29	99.7	2.10
0.214	0.225	0.235	0.051	0.34	99.7	1.74
0.235	0.247	0.258	0.056	0.39	99.6	1.45
0.258	0.271	0.284	0.061	0.44	99.6	1.20
0.284	0.297	0.311	0.067	0.50	99.5	0.99
0.311	0.326	0.342	0.073	0.57	99.4	0.81
0.342	0.358	0.375	0.079	0.64	99.4	0.66
0.375	0.393	0.412	0.085	0.72	99.3	0.54
0.412	0.431	0.452	0.092	0.81	99.2	0.44
0.452	0.474	0.496	0.099	0.90	99.1	0.36
0.496	0.520	0.545	0.11	1.00	99.0	0.29
0.545	0.571	0.598	0.11	1.11	98.9	0.24
0.598	0.627	0.656	0.12	1.22	98.8	0.19
0.656	0.688	0.721	0.13	1.34	98.7	0.16
0.721	0.755	0.791	0.14	1.48	98.5	0.13
0.791	0.829	0.868	0.15	1.62	98.4	0.10
0.868	0.910	0.953	0.16	1.77	98.2	0.084
0.953	0.999	1.047	0.18	1.94	98.1	0.069
1.047	1.097	1.149	0.19	2.11	97.9	0.056
1.149	1.204	1.261	0.21	2.30	97.7	0.045
1.261	1.321	1.385	0.22	2.51	97.5	0.037
1.385	1.451	1.520	0.24	2.73	97.3	0.030
1.520	1.592	1.668	0.26	2.97	97.0	0.024
1.668	1.748	1.832	0.28	3.23	96.8	0.020
1.832	1.919	2.011	0.30	3.50	96.5	0.016
2.011	2.107	2.207	0.32	3.80	96.2	0.013
2.207	2.313	2.423	0.35	4.12	95.9	0.011
2.423	2.539	2.660	0.38	4.47	95.5	0.0089
2.660	2.787	2.920	0.41	4.84	95.2	0.0073
2.920	3.059	3.205	0.44	5.25	94.7	0.0060
3.205	3.358	3.519	0.48	5.69	94.3	0.0049
3.519	3.687	3.863	0.53	6.18	93.8	0.0040
3.863	4.047	4.240	0.57	6.70	93.3	0.0033
4.240	4.443	4.655	0.63	7.28	92.7	0.0028
4.655	4.877	5.110	0.69	7.90	92.1	0.0023
5.110	5.354	5.610	0.75	8.59	91.4	0.0019
5.610	5.878	6.158	0.83	9.34	90.7	0.0016
6.158	6.452	6.760	0.91	10.2	89.8	0.0013
6.760	7.083	7.421	0.99	11.1	88.9	0.0011
7.421	7.775	8.147	1.09	12.1	87.9	0.00089
8.147	8.536	8.943	1.19	13.2	86.8	0.00074
8.943	9.370	9.817	1.30	14.3	85.7	0.00061
9.817	10.29	10.78	1.43	15.6	84.4	0.00051
10.78	11.29	11.83	1.57	17.1	82.9	0.00042
11.83	12.40	12.99	1.73	18.7	81.3	0.00035
12.99	13.61	14.26	1.90	20.4	79.6	0.00029
14.26	14.94	15.65	2.10	22.3	77.7	0.00024
15.65	16.40	17.18	2.30	24.4	75.6	0.00020
17.18	18.00	18.86	2.53	26.7	73.3	0.00017
18.86	19.76	20.70	2.76	29.2	70.8	0.00014
20.70	21.69	22.73	3.00	32.0	68.0	0.00011
22.73	23.81	24.95	3.24	35.0	65.0	0.000093
24.95	26.14	27.39	3.47	38.2	61.8	0.000075
27.39	28.70	30.07	3.67	41.7	58.3	0.000060
30.07	31.50	33.01	3.83	45.4	54.6	0.000047
33.01	34.58	36.24	3.97	49.2	50.8	0.000037
36.24	37.97	39.78	4.08	53.2	46.8	0.000029
39.78	41.68	43.67	4.16	57.2	42.8	0.000022
43.67	45.75	47.94	4.19	61.4	38.6	0.000017
47.94	50.22	52.62	4.17	65.6	34.4	0.000013
52.62	55.13	57.77	4.07	69.8	30.2	0.000009
57.77	60.52	63.41	3.86	73.8	26.2	0.000007
63.41	66.44	69.61	3.54	77.7	22.3	0.000005
69.61	72.94	76.42	3.14	81.2	18.8	0.000003
76.42	80.07	83.89	2.69	84.4	15.6	0.000002
83.89	87.90	92.09	2.23	87.1	12.9	0.000001
92.09	96.49	101.1	1.80	89.3	10.7	0.000001
101.1	105.9	111.0	1.43	91.1	8.89	4.64E-7
111.0	116.3	121.8	1.13	92.5	7.46	2.76E-7
121.8	127.6	133.7	0.90	93.7	6.33	1.67E-7
133.7	140.1	146.8	0.75	94.6	5.44	1.06E-7
146.8	153.8	161.2	0.69	95.3	4.68	7.26E-8
161.2	168.9	176.9	0.68	96.0	4.00	5.47E-8
176.9	185.4	194.2	0.72	96.7	3.31	4.33E-8
194.2	203.5	213.2	0.73	97.4	2.60	3.36E-8
213.2	223.4	234.1	0.69	98.1	1.87	2.38E-8
234.1	245.2	256.9	0.56	98.8	1.18	1.47E-8
256.9	269.2	282.1	0.37	99.4	0.62	7.33E-9
282.1	295.5	309.6	0.18	99.8	0.25	2.69E-9
309.6	324.4	339.9	0.056	99.9	0.065	6.31E-10
339.9	356.1	373.1	0.0087	99.99	0.0091	7.42E-11
373.1	390.9	409.6	0.00044	100	0.00044	2.87E-12
409.6	429.2	449.7	0	100	0	0
449.7	471.1	493.6	0	100	0	0
493.6	517.2	541.9	0	100	0	0
541.9	567.7	594.9	0	100	0	0
594.9	623.3	653.0	0	100	0	0
653.0	684.2	716.8	0	100	0	0
716.8	751.1	786.9	0	100	0	0
786.9	824.5	863.9	0	100	0	0
863.9	905.1	948.3	0	100	0	0
948.3	993.6	1041	0	100	0	0
1041	1091	1143	0	100	0	0
1143	1197	1255	0	100	0	0
1255	1314	1377	0	100	0	0
1377	1443	1512	0	100	0	0
1512	1584	1660	0	100	0	0
1660	1739	1822	0	100	0	0
1822	1909	2000	0	100	0	0
2000				100	0	

