LS	2022-02-23  13:48
File name:	IODP_1175_STV0005_07.$ls
File ID:	IODP_1175
Sample ID:	STV0005
Operator:	RG
Bar code:	
Comment 1:	
Comment 2:	
Instrument:	LS 230, VSM Plus
Run number:	7
Start time:	2022-02-23  13:47
Run length:	62
Optical model:	Fraunhofer.rfd   PIDS included
Obscuration:	7
PIDS Obscur:	26
Obscuration:	Low
Serial Number:	7205

From	0.0400
To	2000
Volume 	100
Mean:	169.3
Median:	159.0
D(0,0):	0.0986
Mean/Median ratio:	1.065
Mode:	168.9
S.D.:	98.06
Variance:	9616
C.V.:	57.93
Skewness:	1.250
Kurtosis:	3.327
d10:	55.64
d50:	159.0
d90:	279.7
Specific Surf. Area:	1728

% <	Size 
10	55.6
25	108
50	159
75	216
90	280

% >	Size 
10	280
25	216
50	159
75	108
90	55.6

Size 	% <
1	0.47
10	2.43
100	21.8
1000	100

Size 	% >
1	99.5
10	97.6
100	78.2
1000	0

Particle	IODP_1175	Volume	Volume
Diameter	_STV0005	% >	%
um	_07.$ls		
	Volume		
	% <		
0.4	0.18	99.8	0.047
0.488	0.22	99.8	0.10
0.69	0.33	99.7	0.13
0.98	0.46	99.5	0.16
1.38	0.62	99.4	0.19
1.95	0.82	99.2	0.22
2.76	1.04	99.0	0.26
3.91	1.30	98.7	0.32
5.52	1.62	98.4	0.42
7.81	2.04	98.0	0.56
11.05	2.61	97.4	0.77
15.63	3.37	96.6	1.07
22.1	4.45	95.6	1.52
31.3	5.96	94.0	2.06
44.2	8.02	92.0	3.31
62.5	11.3	88.7	6.51
88.4	17.8	82.2	14.8
125	32.7	67.3	26.3
177	59.0	41.0	25.5
250	84.4	15.6	11.3
354	95.8	4.21	2.88
500	98.7	1.33	1.31
707	99.98	0.020	0.020
1000	100	0	0
1414	100	0	0
2000	100	0	0
2828	100	0	0
4000	100	0	

Channel	Channel	Channel	Diff.	Cum. <	Cum. >	Diff.
Diameter	Diameter	Diameter	Volume	Volume	Volume	Number
(Lower)	(Center)	(Upper)	%	%	%	%
um	um	um				
0.040	0.042	0.044	0.000057	0	100	1.19
0.044	0.046	0.048	0.000094	0.000057	100	1.49
0.048	0.050	0.053	0.00028	0.00015	100	3.36
0.053	0.055	0.058	0.00071	0.00043	100	6.43
0.058	0.061	0.064	0.0012	0.0011	99.999	8.32
0.064	0.067	0.070	0.0017	0.0023	99.998	8.83
0.070	0.073	0.077	0.0022	0.0040	99.996	8.67
0.077	0.080	0.084	0.0028	0.0062	99.99	8.22
0.084	0.088	0.093	0.0034	0.0090	99.99	7.64
0.093	0.097	0.102	0.0041	0.012	99.99	6.95
0.102	0.106	0.112	0.0048	0.017	99.98	6.18
0.112	0.117	0.122	0.0055	0.021	99.98	5.34
0.122	0.128	0.134	0.0062	0.027	99.97	4.54
0.134	0.141	0.148	0.0069	0.033	99.97	3.84
0.148	0.155	0.162	0.0077	0.040	99.96	3.23
0.162	0.170	0.178	0.0085	0.048	99.95	2.70
0.178	0.186	0.195	0.0094	0.056	99.9	2.26
0.195	0.205	0.214	0.010	0.066	99.9	1.88
0.214	0.225	0.235	0.011	0.076	99.9	1.57
0.235	0.247	0.258	0.013	0.087	99.9	1.31
0.258	0.271	0.284	0.014	0.10	99.9	1.09
0.284	0.297	0.311	0.015	0.11	99.9	0.90
0.311	0.326	0.342	0.017	0.13	99.9	0.75
0.342	0.358	0.375	0.018	0.15	99.9	0.61
0.375	0.393	0.412	0.020	0.16	99.8	0.50
0.412	0.431	0.452	0.021	0.18	99.8	0.41
0.452	0.474	0.496	0.023	0.21	99.8	0.34
0.496	0.520	0.545	0.025	0.23	99.8	0.28
0.545	0.571	0.598	0.027	0.25	99.7	0.23
0.598	0.627	0.656	0.029	0.28	99.7	0.18
0.656	0.688	0.721	0.031	0.31	99.7	0.15
0.721	0.755	0.791	0.034	0.34	99.7	0.12
0.791	0.829	0.868	0.036	0.37	99.6	0.098
0.868	0.910	0.953	0.038	0.41	99.6	0.079
0.953	0.999	1.047	0.041	0.45	99.6	0.063
1.047	1.097	1.149	0.043	0.49	99.5	0.051
1.149	1.204	1.261	0.045	0.53	99.5	0.040
1.261	1.321	1.385	0.048	0.58	99.4	0.032
1.385	1.451	1.520	0.050	0.63	99.4	0.025
1.520	1.592	1.668	0.052	0.68	99.3	0.020
1.668	1.748	1.832	0.054	0.73	99.3	0.016
1.832	1.919	2.011	0.056	0.78	99.2	0.012
2.011	2.107	2.207	0.058	0.84	99.2	0.0096
2.207	2.313	2.423	0.060	0.90	99.1	0.0075
2.423	2.539	2.660	0.062	0.96	99.0	0.0059
2.660	2.787	2.920	0.065	1.02	99.0	0.0046
2.920	3.059	3.205	0.067	1.08	98.9	0.0036
3.205	3.358	3.519	0.070	1.15	98.9	0.0029
3.519	3.687	3.863	0.074	1.22	98.8	0.0023
3.863	4.047	4.240	0.078	1.29	98.7	0.0018
4.240	4.443	4.655	0.084	1.37	98.6	0.0015
4.655	4.877	5.110	0.089	1.46	98.5	0.0012
5.110	5.354	5.610	0.096	1.55	98.5	0.00097
5.610	5.878	6.158	0.10	1.64	98.4	0.00079
6.158	6.452	6.760	0.11	1.74	98.3	0.00064
6.760	7.083	7.421	0.12	1.85	98.1	0.00052
7.421	7.775	8.147	0.13	1.97	98.0	0.00043
8.147	8.536	8.943	0.14	2.10	97.9	0.00035
8.943	9.370	9.817	0.15	2.24	97.8	0.00029
9.817	10.29	10.78	0.16	2.39	97.6	0.00023
10.78	11.29	11.83	0.18	2.56	97.4	0.00019
11.83	12.40	12.99	0.19	2.74	97.3	0.00016
12.99	13.61	14.26	0.21	2.93	97.1	0.00013
14.26	14.94	15.65	0.23	3.15	96.9	0.00011
15.65	16.40	17.18	0.25	3.38	96.6	0.000089
17.18	18.00	18.86	0.28	3.63	96.4	0.000074
18.86	19.76	20.70	0.31	3.91	96.1	0.000061
20.70	21.69	22.73	0.34	4.22	95.8	0.000051
22.73	23.81	24.95	0.37	4.55	95.4	0.000042
24.95	26.14	27.39	0.40	4.92	95.1	0.000035
27.39	28.70	30.07	0.44	5.32	94.7	0.000029
30.07	31.50	33.01	0.48	5.76	94.2	0.000024
33.01	34.58	36.24	0.52	6.24	93.8	0.000019
36.24	37.97	39.78	0.56	6.76	93.2	0.000016
39.78	41.68	43.67	0.62	7.32	92.7	0.000013
43.67	45.75	47.94	0.70	7.94	92.1	0.000011
47.94	50.22	52.62	0.81	8.63	91.4	0.000010
52.62	55.13	57.77	0.95	9.44	90.6	0.000009
57.77	60.52	63.41	1.12	10.4	89.6	0.000008
63.41	66.44	69.61	1.33	11.5	88.5	0.000007
69.61	72.94	76.42	1.61	12.8	87.2	0.000006
76.42	80.07	83.89	2.00	14.5	85.5	0.000006
83.89	87.90	92.09	2.52	16.5	83.5	0.000006
92.09	96.49	101.1	3.19	19.0	81.0	0.000006
101.1	105.9	111.0	4.01	22.2	77.8	0.000005
111.0	116.3	121.8	4.92	26.2	73.8	0.000005
121.8	127.6	133.7	5.87	31.1	68.9	0.000004
133.7	140.1	146.8	6.75	37.0	63.0	0.000004
146.8	153.8	161.2	7.43	43.7	56.3	0.000003
161.2	168.9	176.9	7.79	51.1	48.9	0.000003
176.9	185.4	194.2	7.76	58.9	41.1	0.000002
194.2	203.5	213.2	7.34	66.7	33.3	0.000001
213.2	223.4	234.1	6.57	74.0	26.0	0.000001
234.1	245.2	256.9	5.52	80.6	19.4	0.000001
256.9	269.2	282.1	4.28	86.1	13.9	3.4E-7
282.1	295.5	309.6	3.01	90.4	9.60	1.81E-7
309.6	324.4	339.9	1.90	93.4	6.60	8.63E-8
339.9	356.1	373.1	1.15	95.3	4.70	3.94E-8
373.1	390.9	409.6	0.78	96.5	3.55	2.03E-8
409.6	429.2	449.7	0.68	97.2	2.77	1.34E-8
449.7	471.1	493.6	0.67	97.9	2.08	9.92E-9
493.6	517.2	541.9	0.60	98.6	1.41	6.71E-9
541.9	567.7	594.9	0.45	99.2	0.81	3.84E-9
594.9	623.3	653.0	0.27	99.6	0.36	1.72E-9
653.0	684.2	716.8	0.087	99.9	0.093	4.2E-10
716.8	751.1	786.9	0.0065	99.99	0.0065	2.38E-11
786.9	824.5	863.9	0	100	0	0
863.9	905.1	948.3	0	100	0	0
948.3	993.6	1041	0	100	0	0
1041	1091	1143	0	100	0	0
1143	1197	1255	0	100	0	0
1255	1314	1377	0	100	0	0
1377	1443	1512	0	100	0	0
1512	1584	1660	0	100	0	0
1660	1739	1822	0	100	0	0
1822	1909	2000	0	100	0	0
2000				100	0	

