LS	2022-02-23  14:51
File name:	IODP_1175_STV0009_22.$ls
File ID:	IODP_1175
Sample ID:	STV0009
Operator:	RG
Bar code:	
Comment 1:	
Comment 2:	
Instrument:	LS 230, VSM Plus
Run number:	22
Start time:	2022-02-23  14:50
Run length:	61
Optical model:	Fraunhofer.rfd   PIDS included
Obscuration:	11
PIDS Obscur:	42
Obscuration:	OK
Serial Number:	7205

From	0.0400
To	2000
Volume 	100
Mean:	98.73
Median:	48.26
D(0,0):	0.107
Mean/Median ratio:	2.046
Mode:	31.50
S.D.:	117.5
Variance:	13816
C.V.:	119.0
Skewness:	1.971
Kurtosis:	4.443
d10:	7.583
d50:	48.26
d90:	262.4
Specific Surf. Area:	6367

% <	Size 
10	7.58
25	20.1
50	48.3
75	142
90	262

% >	Size 
10	262
25	142
50	48.3
75	20.1
90	7.58

Size 	% <
1	1.94
10	12.7
100	67.5
1000	100

Size 	% >
1	98.1
10	87.3
100	32.5
1000	0.00024

Particle	IODP_1175	Volume	Volume
Diameter	_STV0009	% >	%
um	_22.$ls		
	Volume		
	% <		
0.4	0.70	99.3	0.19
0.488	0.89	99.1	0.43
0.69	1.32	98.7	0.58
0.98	1.90	98.1	0.72
1.38	2.62	97.4	0.90
1.95	3.52	96.5	1.09
2.76	4.61	95.4	1.35
3.91	5.96	94.0	1.77
5.52	7.73	92.3	2.52
7.81	10.3	89.7	3.69
11.05	13.9	86.1	5.50
15.63	19.4	80.6	7.94
22.1	27.4	72.6	10.0
31.3	37.4	62.6	10.1
44.2	47.5	52.5	9.39
62.5	56.9	43.1	8.01
88.4	64.9	35.1	7.25
125	72.2	27.8	8.23
177	80.4	19.6	8.51
250	88.9	11.1	6.42
354	95.3	4.67	3.32
500	98.6	1.35	1.23
707	99.9	0.12	0.12
1000	100	0.00024	0.00024
1414	100	0	0
2000	100	0	0
2828	100	0	0
4000	100	0	

Channel	Channel	Channel	Diff.	Cum. <	Cum. >	Diff.
Diameter	Diameter	Diameter	Volume	Volume	Volume	Number
(Lower)	(Center)	(Upper)	%	%	%	%
um	um	um				
0.040	0.042	0.044	0.00027	0	100	1.76
0.044	0.046	0.048	0.00037	0.00027	100	1.77
0.048	0.050	0.053	0.00059	0.00064	99.999	2.17
0.053	0.055	0.058	0.0012	0.0012	99.999	3.31
0.058	0.061	0.064	0.0025	0.0024	99.998	5.21
0.064	0.067	0.070	0.0046	0.0049	99.995	7.30
0.070	0.073	0.077	0.0071	0.0095	99.99	8.48
0.077	0.080	0.084	0.0095	0.017	99.98	8.60
0.084	0.088	0.093	0.012	0.026	99.97	8.16
0.093	0.097	0.102	0.015	0.038	99.96	7.57
0.102	0.106	0.112	0.018	0.053	99.9	6.85
0.112	0.117	0.122	0.020	0.070	99.9	6.04
0.122	0.128	0.134	0.023	0.091	99.9	5.22
0.134	0.141	0.148	0.026	0.11	99.9	4.47
0.148	0.155	0.162	0.030	0.14	99.9	3.79
0.162	0.170	0.178	0.033	0.17	99.8	3.20
0.178	0.186	0.195	0.037	0.20	99.8	2.69
0.195	0.205	0.214	0.041	0.24	99.8	2.26
0.214	0.225	0.235	0.046	0.28	99.7	1.90
0.235	0.247	0.258	0.051	0.33	99.7	1.60
0.258	0.271	0.284	0.056	0.38	99.6	1.34
0.284	0.297	0.311	0.062	0.43	99.6	1.12
0.311	0.326	0.342	0.068	0.50	99.5	0.93
0.342	0.358	0.375	0.075	0.56	99.4	0.77
0.375	0.393	0.412	0.082	0.64	99.4	0.64
0.412	0.431	0.452	0.089	0.72	99.3	0.52
0.452	0.474	0.496	0.097	0.81	99.2	0.43
0.496	0.520	0.545	0.11	0.91	99.1	0.35
0.545	0.571	0.598	0.11	1.01	99.0	0.29
0.598	0.627	0.656	0.12	1.13	98.9	0.24
0.656	0.688	0.721	0.13	1.25	98.7	0.19
0.721	0.755	0.791	0.14	1.38	98.6	0.16
0.791	0.829	0.868	0.15	1.53	98.5	0.13
0.868	0.910	0.953	0.17	1.68	98.3	0.10
0.953	0.999	1.047	0.18	1.85	98.2	0.084
1.047	1.097	1.149	0.19	2.03	98.0	0.068
1.149	1.204	1.261	0.20	2.22	97.8	0.054
1.261	1.321	1.385	0.21	2.42	97.6	0.044
1.385	1.451	1.520	0.23	2.63	97.4	0.035
1.520	1.592	1.668	0.24	2.85	97.1	0.028
1.668	1.748	1.832	0.25	3.09	96.9	0.022
1.832	1.919	2.011	0.26	3.34	96.7	0.018
2.011	2.107	2.207	0.28	3.61	96.4	0.014
2.207	2.313	2.423	0.29	3.88	96.1	0.011
2.423	2.539	2.660	0.31	4.17	95.8	0.0089
2.660	2.787	2.920	0.32	4.48	95.5	0.0071
2.920	3.059	3.205	0.34	4.81	95.2	0.0057
3.205	3.358	3.519	0.37	5.15	94.9	0.0046
3.519	3.687	3.863	0.39	5.52	94.5	0.0037
3.863	4.047	4.240	0.42	5.91	94.1	0.0030
4.240	4.443	4.655	0.46	6.33	93.7	0.0025
4.655	4.877	5.110	0.50	6.79	93.2	0.0020
5.110	5.354	5.610	0.55	7.29	92.7	0.0017
5.610	5.878	6.158	0.60	7.83	92.2	0.0014
6.158	6.452	6.760	0.66	8.43	91.6	0.0012
6.760	7.083	7.421	0.73	9.09	90.9	0.00097
7.421	7.775	8.147	0.81	9.82	90.2	0.00081
8.147	8.536	8.943	0.89	10.6	89.4	0.00068
8.943	9.370	9.817	0.99	11.5	88.5	0.00057
9.817	10.29	10.78	1.11	12.5	87.5	0.00048
10.78	11.29	11.83	1.23	13.6	86.4	0.00040
11.83	12.40	12.99	1.38	14.9	85.1	0.00034
12.99	13.61	14.26	1.53	16.2	83.8	0.00029
14.26	14.94	15.65	1.71	17.8	82.2	0.00024
15.65	16.40	17.18	1.89	19.5	80.5	0.00020
17.18	18.00	18.86	2.08	21.4	78.6	0.00017
18.86	19.76	20.70	2.26	23.4	76.6	0.00014
20.70	21.69	22.73	2.44	25.7	74.3	0.00011
22.73	23.81	24.95	2.59	28.1	71.9	0.000091
24.95	26.14	27.39	2.71	30.7	69.3	0.000072
27.39	28.70	30.07	2.78	33.4	66.6	0.000055
30.07	31.50	33.01	2.80	36.2	63.8	0.000042
33.01	34.58	36.24	2.78	39.0	61.0	0.000032
36.24	37.97	39.78	2.73	41.8	58.2	0.000024
39.78	41.68	43.67	2.68	44.5	55.5	0.000017
43.67	45.75	47.94	2.62	47.2	52.8	0.000013
47.94	50.22	52.62	2.57	49.8	50.2	0.000010
52.62	55.13	57.77	2.50	52.4	47.6	0.000007
57.77	60.52	63.41	2.41	54.9	45.1	0.000005
63.41	66.44	69.61	2.30	57.3	42.7	0.000004
69.61	72.94	76.42	2.18	59.6	40.4	0.000003
76.42	80.07	83.89	2.06	61.8	38.2	0.000002
83.89	87.90	92.09	1.97	63.8	36.2	0.000001
92.09	96.49	101.1	1.92	65.8	34.2	0.000001
101.1	105.9	111.0	1.92	67.7	32.3	0.000001
111.0	116.3	121.8	1.97	69.7	30.3	0.000001
121.8	127.6	133.7	2.06	71.6	28.4	4.67E-7
133.7	140.1	146.8	2.15	73.7	26.3	3.7E-7
146.8	153.8	161.2	2.24	75.8	24.2	2.91E-7
161.2	168.9	176.9	2.31	78.1	21.9	2.27E-7
176.9	185.4	194.2	2.35	80.4	19.6	1.74E-7
194.2	203.5	213.2	2.35	82.7	17.3	1.32E-7
213.2	223.4	234.1	2.30	85.1	14.9	9.73E-8
234.1	245.2	256.9	2.18	87.4	12.6	6.98E-8
256.9	269.2	282.1	1.99	89.6	10.4	4.83E-8
282.1	295.5	309.6	1.75	91.6	8.44	3.21E-8
309.6	324.4	339.9	1.49	93.3	6.68	2.06E-8
339.9	356.1	373.1	1.23	94.8	5.19	1.29E-8
373.1	390.9	409.6	1.02	96.0	3.96	8.03E-9
409.6	429.2	449.7	0.84	97.1	2.94	5E-9
449.7	471.1	493.6	0.68	97.9	2.11	3.09E-9
493.6	517.2	541.9	0.54	98.6	1.42	1.83E-9
541.9	567.7	594.9	0.39	99.1	0.89	1E-9
594.9	623.3	653.0	0.25	99.5	0.50	4.87E-10
653.0	684.2	716.8	0.15	99.8	0.25	2.14E-10
716.8	751.1	786.9	0.069	99.9	0.10	7.71E-11
786.9	824.5	863.9	0.027	99.97	0.032	2.24E-11
863.9	905.1	948.3	0.0052	99.99	0.0057	3.32E-12
948.3	993.6	1041	0.00053	99.999	0.00053	2.53E-13
1041	1091	1143	0	100	0	0
1143	1197	1255	0	100	0	0
1255	1314	1377	0	100	0	0
1377	1443	1512	0	100	0	0
1512	1584	1660	0	100	0	0
1660	1739	1822	0	100	0	0
1822	1909	2000	0	100	0	0
2000				100	0	

