LS	2022-02-23  14:31
File name:	IODP_1175_STV0008_18.$ls
File ID:	IODP_1175
Sample ID:	STV0008
Operator:	RG
Bar code:	
Comment 1:	
Comment 2:	
Instrument:	LS 230, VSM Plus
Run number:	18
Start time:	2022-02-23  14:30
Run length:	62
Optical model:	Fraunhofer.rfd   PIDS included
Obscuration:	7
PIDS Obscur:	33
Obscuration:	Low
Serial Number:	7205

From	0.0400
To	2000
Volume 	100
Mean:	469.7
Median:	245.8
D(0,0):	0.0989
Mean/Median ratio:	1.911
Mode:	245.2
S.D.:	552.1
Variance:	304.9e3
C.V.:	117.6
Skewness:	1.614
Kurtosis:	1.061
d10:	65.31
d50:	245.8
d90:	1566
Specific Surf. Area:	1772

% <	Size 
10	65.3
25	155
50	246
75	391
90	1566

% >	Size 
10	1566
25	391
50	246
75	155
90	65.3

Size 	% <
1	0.53
10	2.70
100	14.8
1000	85.1

Size 	% >
1	99.5
10	97.3
100	85.2
1000	14.9

Particle	IODP_1175	Volume	Volume
Diameter	_STV0008	% >	%
um	_18.$ls		
	Volume		
	% <		
0.4	0.24	99.8	0.051
0.488	0.29	99.7	0.10
0.69	0.39	99.6	0.13
0.98	0.52	99.5	0.15
1.38	0.67	99.3	0.19
1.95	0.85	99.1	0.24
2.76	1.09	98.9	0.30
3.91	1.39	98.6	0.38
5.52	1.77	98.2	0.49
7.81	2.27	97.7	0.64
11.05	2.90	97.1	0.83
15.63	3.73	96.3	1.08
22.1	4.81	95.2	1.40
31.3	6.21	93.8	1.72
44.2	7.93	92.1	2.19
62.5	10.1	89.9	3.10
88.4	13.2	86.8	5.88
125	19.1	80.9	13.0
177	32.1	67.9	21.3
250	53.4	46.6	20.8
354	74.3	25.7	9.69
500	83.9	16.1	0.84
707	84.8	15.2	0.32
1000	85.1	14.9	5.74
1414	90.8	9.16	9.16
2000	100	0	0
2828	100	0	0
4000	100	0	

Channel	Channel	Channel	Diff.	Cum. <	Cum. >	Diff.
Diameter	Diameter	Diameter	Volume	Volume	Volume	Number
(Lower)	(Center)	(Upper)	%	%	%	%
um	um	um				
0.040	0.042	0.044	0.00013	0	100	2.03
0.044	0.046	0.048	0.00017	0.00013	100	2.03
0.048	0.050	0.053	0.00028	0.00030	100	2.47
0.053	0.055	0.058	0.00057	0.00058	99.999	3.82
0.058	0.061	0.064	0.0012	0.0012	99.999	6.03
0.064	0.067	0.070	0.0022	0.0023	99.998	8.36
0.070	0.073	0.077	0.0033	0.0045	99.995	9.43
0.077	0.080	0.084	0.0042	0.0078	99.99	9.30
0.084	0.088	0.093	0.0052	0.012	99.99	8.63
0.093	0.097	0.102	0.0062	0.017	99.98	7.82
0.102	0.106	0.112	0.0073	0.023	99.98	6.90
0.112	0.117	0.122	0.0083	0.031	99.97	5.92
0.122	0.128	0.134	0.0093	0.039	99.96	5.01
0.134	0.141	0.148	0.010	0.048	99.95	4.18
0.148	0.155	0.162	0.011	0.059	99.9	3.44
0.162	0.170	0.178	0.012	0.070	99.9	2.81
0.178	0.186	0.195	0.013	0.082	99.9	2.29
0.195	0.205	0.214	0.014	0.095	99.9	1.87
0.214	0.225	0.235	0.015	0.11	99.9	1.51
0.235	0.247	0.258	0.016	0.12	99.9	1.22
0.258	0.271	0.284	0.017	0.14	99.9	0.99
0.284	0.297	0.311	0.018	0.16	99.8	0.79
0.311	0.326	0.342	0.019	0.17	99.8	0.63
0.342	0.358	0.375	0.020	0.19	99.8	0.51
0.375	0.393	0.412	0.021	0.21	99.8	0.40
0.412	0.431	0.452	0.023	0.24	99.8	0.32
0.452	0.474	0.496	0.024	0.26	99.7	0.26
0.496	0.520	0.545	0.025	0.28	99.7	0.20
0.545	0.571	0.598	0.026	0.31	99.7	0.16
0.598	0.627	0.656	0.028	0.33	99.7	0.13
0.656	0.688	0.721	0.029	0.36	99.6	0.10
0.721	0.755	0.791	0.030	0.39	99.6	0.081
0.791	0.829	0.868	0.032	0.42	99.6	0.064
0.868	0.910	0.953	0.034	0.45	99.5	0.051
0.953	0.999	1.047	0.036	0.49	99.5	0.041
1.047	1.097	1.149	0.038	0.52	99.5	0.033
1.149	1.204	1.261	0.040	0.56	99.4	0.026
1.261	1.321	1.385	0.042	0.60	99.4	0.021
1.385	1.451	1.520	0.044	0.64	99.4	0.017
1.520	1.592	1.668	0.047	0.69	99.3	0.013
1.668	1.748	1.832	0.050	0.73	99.3	0.011
1.832	1.919	2.011	0.053	0.78	99.2	0.0086
2.011	2.107	2.207	0.057	0.84	99.2	0.0069
2.207	2.313	2.423	0.060	0.89	99.1	0.0056
2.423	2.539	2.660	0.064	0.95	99.0	0.0045
2.660	2.787	2.920	0.069	1.02	99.0	0.0036
2.920	3.059	3.205	0.073	1.09	98.9	0.0029
3.205	3.358	3.519	0.078	1.16	98.8	0.0024
3.519	3.687	3.863	0.084	1.24	98.8	0.0019
3.863	4.047	4.240	0.089	1.32	98.7	0.0015
4.240	4.443	4.655	0.096	1.41	98.6	0.0012
4.655	4.877	5.110	0.10	1.50	98.5	0.0010
5.110	5.354	5.610	0.11	1.61	98.4	0.00082
5.610	5.878	6.158	0.12	1.72	98.3	0.00066
6.158	6.452	6.760	0.13	1.83	98.2	0.00053
6.760	7.083	7.421	0.13	1.96	98.0	0.00043
7.421	7.775	8.147	0.14	2.09	97.9	0.00035
8.147	8.536	8.943	0.15	2.24	97.8	0.00028
8.943	9.370	9.817	0.16	2.39	97.6	0.00023
9.817	10.29	10.78	0.18	2.55	97.4	0.00018
10.78	11.29	11.83	0.19	2.73	97.3	0.00015
11.83	12.40	12.99	0.20	2.92	97.1	0.00012
12.99	13.61	14.26	0.22	3.12	96.9	0.000099
14.26	14.94	15.65	0.23	3.34	96.7	0.000080
15.65	16.40	17.18	0.25	3.57	96.4	0.000065
17.18	18.00	18.86	0.27	3.82	96.2	0.000053
18.86	19.76	20.70	0.29	4.10	95.9	0.000043
20.70	21.69	22.73	0.31	4.39	95.6	0.000035
22.73	23.81	24.95	0.34	4.70	95.3	0.000028
24.95	26.14	27.39	0.36	5.04	95.0	0.000023
27.39	28.70	30.07	0.38	5.39	94.6	0.000018
30.07	31.50	33.01	0.40	5.77	94.2	0.000015
33.01	34.58	36.24	0.42	6.18	93.8	0.000012
36.24	37.97	39.78	0.45	6.60	93.4	0.000009
39.78	41.68	43.67	0.48	7.05	92.9	0.000008
43.67	45.75	47.94	0.51	7.53	92.5	0.000006
47.94	50.22	52.62	0.54	8.03	92.0	0.000005
52.62	55.13	57.77	0.58	8.58	91.4	0.000004
57.77	60.52	63.41	0.63	9.16	90.8	0.000003
63.41	66.44	69.61	0.69	9.79	90.2	0.000003
69.61	72.94	76.42	0.76	10.5	89.5	0.000002
76.42	80.07	83.89	0.86	11.2	88.8	0.000002
83.89	87.90	92.09	1.01	12.1	87.9	0.000002
92.09	96.49	101.1	1.21	13.1	86.9	0.000002
101.1	105.9	111.0	1.49	14.3	85.7	0.000001
111.0	116.3	121.8	1.86	15.8	84.2	0.000001
121.8	127.6	133.7	2.33	17.7	82.3	0.000001
133.7	140.1	146.8	2.90	20.0	80.0	0.000001
146.8	153.8	161.2	3.55	22.9	77.1	0.000001
161.2	168.9	176.9	4.23	26.4	73.6	0.000001
176.9	185.4	194.2	4.89	30.7	69.3	0.000001
194.2	203.5	213.2	5.47	35.6	64.4	0.000001
213.2	223.4	234.1	5.87	41.0	59.0	0.000001
234.1	245.2	256.9	6.04	46.9	53.1	4.68E-7
256.9	269.2	282.1	5.93	53.0	47.0	3.48E-7
282.1	295.5	309.6	5.54	58.9	41.1	2.45E-7
309.6	324.4	339.9	4.91	64.4	35.6	1.64E-7
339.9	356.1	373.1	4.09	69.3	30.7	1.04E-7
373.1	390.9	409.6	3.18	73.4	26.6	6.09E-8
409.6	429.2	449.7	2.26	76.6	23.4	3.27E-8
449.7	471.1	493.6	1.39	78.9	21.1	1.52E-8
493.6	517.2	541.9	0.65	80.2	19.8	5.41E-9
541.9	567.7	594.9	0.20	80.9	19.1	1.28E-9
594.9	623.3	653.0	0.032	81.1	18.9	1.52E-10
653.0	684.2	716.8	0.0018	81.1	18.9	6.3E-12
716.8	751.1	786.9	0	81.1	18.9	0
786.9	824.5	863.9	0.0073	81.1	18.9	1.49E-11
863.9	905.1	948.3	0.080	81.1	18.9	1.24E-10
948.3	993.6	1041	0.39	81.2	18.8	4.55E-10
1041	1091	1143	0.93	81.6	18.4	8.18E-10
1143	1197	1255	1.57	82.5	17.5	1.05E-9
1255	1314	1377	2.11	84.1	15.9	1.06E-9
1377	1443	1512	2.62	86.2	13.8	9.96E-10
1512	1584	1660	3.18	88.8	11.2	9.14E-10
1660	1739	1822	3.69	92.0	7.99	8.03E-10
1822	1909	2000	4.30	95.7	4.30	7.07E-10
2000				100	0	

