LS	2022-02-23  16:58
File name:	IODP_1175_STV0012_54.$ls
File ID:	IODP_1175
Sample ID:	STV0012
Operator:	RG
Bar code:	
Comment 1:	
Comment 2:	
Instrument:	LS 230, VSM Plus
Run number:	54
Start time:	2022-02-23  16:57
Run length:	62
Optical model:	Fraunhofer.rfd   PIDS included
Obscuration:	10
PIDS Obscur:	41
Obscuration:	OK
Serial Number:	7205

From	0.0400
To	2000
Volume 	100
Mean:	87.12
Median:	58.54
D(0,0):	0.102
Mean/Median ratio:	1.488
Mode:	105.9
S.D.:	98.28
Variance:	9660
C.V.:	112.8
Skewness:	3.200
Kurtosis:	15.31
d10:	9.642
d50:	58.54
d90:	189.2
Specific Surf. Area:	5252

% <	Size 
10	9.64
25	24.9
50	58.5
75	119
90	189

% >	Size 
10	189
25	119
50	58.5
75	24.9
90	9.64

Size 	% <
1	1.40
10	10.4
100	68.9
1000	99.999

Size 	% >
1	98.6
10	89.6
100	31.1
1000	0.0011

Particle	IODP_1175	Volume	Volume
Diameter	_STV0012	% >	%
um	_54.$ls		
	Volume		
	% <		
0.4	0.58	99.4	0.14
0.488	0.72	99.3	0.29
0.69	1.00	99.0	0.37
0.98	1.37	98.6	0.46
1.38	1.84	98.2	0.61
1.95	2.45	97.6	0.82
2.76	3.27	96.7	1.13
3.91	4.40	95.6	1.57
5.52	5.97	94.0	2.24
7.81	8.21	91.8	3.17
11.05	11.4	88.6	4.52
15.63	15.9	84.1	6.40
22.1	22.3	77.7	8.53
31.3	30.8	69.2	10.0
44.2	40.9	59.1	11.3
62.5	52.2	47.8	12.2
88.4	64.4	35.6	12.5
125	76.9	23.1	11.4
177	88.3	11.7	7.35
250	95.6	4.39	2.35
354	98.0	2.03	0.65
500	98.6	1.39	1.05
707	99.7	0.33	0.33
1000	99.999	0.0011	0.0011
1414	100	0	0
2000	100	0	0
2828	100	0	0
4000	100	0	

Channel	Channel	Channel	Diff.	Cum. <	Cum. >	Diff.
Diameter	Diameter	Diameter	Volume	Volume	Volume	Number
(Lower)	(Center)	(Upper)	%	%	%	%
um	um	um				
0.040	0.042	0.044	0.00030	0	100	1.97
0.044	0.046	0.048	0.00039	0.00030	100	1.95
0.048	0.050	0.053	0.00062	0.00068	99.999	2.35
0.053	0.055	0.058	0.0012	0.0013	99.999	3.59
0.058	0.061	0.064	0.0026	0.0025	99.997	5.67
0.064	0.067	0.070	0.0048	0.0052	99.99	7.94
0.070	0.073	0.077	0.0073	0.0100	99.99	9.11
0.077	0.080	0.084	0.0097	0.017	99.98	9.10
0.084	0.088	0.093	0.012	0.027	99.97	8.52
0.093	0.097	0.102	0.015	0.039	99.96	7.78
0.102	0.106	0.112	0.017	0.054	99.9	6.92
0.112	0.117	0.122	0.020	0.071	99.9	5.99
0.122	0.128	0.134	0.022	0.090	99.9	5.11
0.134	0.141	0.148	0.025	0.11	99.9	4.30
0.148	0.155	0.162	0.027	0.14	99.9	3.57
0.162	0.170	0.178	0.029	0.16	99.8	2.95
0.178	0.186	0.195	0.032	0.19	99.8	2.43
0.195	0.205	0.214	0.035	0.23	99.8	2.00
0.214	0.225	0.235	0.038	0.26	99.7	1.64
0.235	0.247	0.258	0.041	0.30	99.7	1.34
0.258	0.271	0.284	0.045	0.34	99.7	1.10
0.284	0.297	0.311	0.048	0.38	99.6	0.90
0.311	0.326	0.342	0.052	0.43	99.6	0.73
0.342	0.358	0.375	0.055	0.48	99.5	0.59
0.375	0.393	0.412	0.059	0.54	99.5	0.48
0.412	0.431	0.452	0.063	0.60	99.4	0.38
0.452	0.474	0.496	0.067	0.66	99.3	0.31
0.496	0.520	0.545	0.072	0.73	99.3	0.25
0.545	0.571	0.598	0.076	0.80	99.2	0.20
0.598	0.627	0.656	0.081	0.88	99.1	0.16
0.656	0.688	0.721	0.087	0.96	99.0	0.13
0.721	0.755	0.791	0.093	1.04	99.0	0.11
0.791	0.829	0.868	0.099	1.14	98.9	0.085
0.868	0.910	0.953	0.11	1.24	98.8	0.068
0.953	0.999	1.047	0.11	1.34	98.7	0.055
1.047	1.097	1.149	0.12	1.45	98.5	0.045
1.149	1.204	1.261	0.13	1.57	98.4	0.036
1.261	1.321	1.385	0.14	1.70	98.3	0.029
1.385	1.451	1.520	0.15	1.84	98.2	0.024
1.520	1.592	1.668	0.16	1.99	98.0	0.019
1.668	1.748	1.832	0.17	2.15	97.8	0.016
1.832	1.919	2.011	0.19	2.33	97.7	0.013
2.011	2.107	2.207	0.20	2.51	97.5	0.011
2.207	2.313	2.423	0.22	2.71	97.3	0.0087
2.423	2.539	2.660	0.24	2.93	97.1	0.0071
2.660	2.787	2.920	0.26	3.17	96.8	0.0058
2.920	3.059	3.205	0.28	3.43	96.6	0.0048
3.205	3.358	3.519	0.31	3.71	96.3	0.0040
3.519	3.687	3.863	0.34	4.02	96.0	0.0033
3.863	4.047	4.240	0.37	4.35	95.6	0.0027
4.240	4.443	4.655	0.40	4.72	95.3	0.0023
4.655	4.877	5.110	0.44	5.12	94.9	0.0019
5.110	5.354	5.610	0.49	5.57	94.4	0.0016
5.610	5.878	6.158	0.54	6.05	93.9	0.0013
6.158	6.452	6.760	0.59	6.59	93.4	0.0011
6.760	7.083	7.421	0.65	7.18	92.8	0.00089
7.421	7.775	8.147	0.71	7.83	92.2	0.00074
8.147	8.536	8.943	0.78	8.54	91.5	0.00061
8.943	9.370	9.817	0.86	9.32	90.7	0.00051
9.817	10.29	10.78	0.94	10.2	89.8	0.00042
10.78	11.29	11.83	1.03	11.1	88.9	0.00035
11.83	12.40	12.99	1.14	12.1	87.9	0.00029
12.99	13.61	14.26	1.26	13.3	86.7	0.00024
14.26	14.94	15.65	1.38	14.5	85.5	0.00020
15.65	16.40	17.18	1.52	15.9	84.1	0.00017
17.18	18.00	18.86	1.67	17.4	82.6	0.00014
18.86	19.76	20.70	1.82	19.1	80.9	0.00012
20.70	21.69	22.73	1.98	20.9	79.1	0.000095
22.73	23.81	24.95	2.14	22.9	77.1	0.000078
24.95	26.14	27.39	2.29	25.1	74.9	0.000063
27.39	28.70	30.07	2.42	27.3	72.7	0.000050
30.07	31.50	33.01	2.54	29.8	70.2	0.000040
33.01	34.58	36.24	2.64	32.3	67.7	0.000031
36.24	37.97	39.78	2.74	35.0	65.0	0.000024
39.78	41.68	43.67	2.83	37.7	62.3	0.000019
43.67	45.75	47.94	2.93	40.5	59.5	0.000015
47.94	50.22	52.62	3.02	43.4	56.6	0.000012
52.62	55.13	57.77	3.10	46.5	53.5	0.000009
57.77	60.52	63.41	3.17	49.6	50.4	0.000007
63.41	66.44	69.61	3.23	52.7	47.3	0.000005
69.61	72.94	76.42	3.27	56.0	44.0	0.000004
76.42	80.07	83.89	3.31	59.2	40.8	0.000003
83.89	87.90	92.09	3.34	62.5	37.5	0.000002
92.09	96.49	101.1	3.38	65.9	34.1	0.000002
101.1	105.9	111.0	3.39	69.3	30.7	0.000001
111.0	116.3	121.8	3.37	72.7	27.3	0.000001
121.8	127.6	133.7	3.30	76.0	24.0	0.000001
133.7	140.1	146.8	3.17	79.3	20.7	0.000001
146.8	153.8	161.2	2.99	82.5	17.5	4.02E-7
161.2	168.9	176.9	2.76	85.5	14.5	2.8E-7
176.9	185.4	194.2	2.47	88.2	11.8	1.9E-7
194.2	203.5	213.2	2.15	90.7	9.28	1.25E-7
213.2	223.4	234.1	1.78	92.9	7.13	7.82E-8
234.1	245.2	256.9	1.38	94.7	5.35	4.57E-8
256.9	269.2	282.1	0.96	96.0	3.97	2.42E-8
282.1	295.5	309.6	0.59	97.0	3.01	1.12E-8
309.6	324.4	339.9	0.31	97.6	2.42	4.5E-9
339.9	356.1	373.1	0.17	97.9	2.11	1.82E-9
373.1	390.9	409.6	0.13	98.1	1.94	1.04E-9
409.6	429.2	449.7	0.16	98.2	1.81	9.77E-10
449.7	471.1	493.6	0.23	98.3	1.65	1.07E-9
493.6	517.2	541.9	0.29	98.6	1.42	1.02E-9
541.9	567.7	594.9	0.31	98.9	1.13	8.2E-10
594.9	623.3	653.0	0.28	99.2	0.83	5.69E-10
653.0	684.2	716.8	0.25	99.5	0.55	3.82E-10
716.8	751.1	786.9	0.18	99.7	0.30	2.04E-10
786.9	824.5	863.9	0.094	99.9	0.12	8.22E-11
863.9	905.1	948.3	0.022	99.98	0.025	1.48E-11
948.3	993.6	1041	0.0025	99.997	0.0025	1.25E-12
1041	1091	1143	0	100	0	0
1143	1197	1255	0	100	0	0
1255	1314	1377	0	100	0	0
1377	1443	1512	0	100	0	0
1512	1584	1660	0	100	0	0
1660	1739	1822	0	100	0	0
1822	1909	2000	0	100	0	0
2000				100	0	

