LS	2022-02-23  13:25
File name:	IODP_1175_STV0003_03.$ls
File ID:	IODP_1175
Sample ID:	STV0003
Operator:	RG
Bar code:	
Comment 1:	
Comment 2:	
Instrument:	LS 230, VSM Plus
Run number:	3
Start time:	2022-02-23  13:24
Run length:	62
Optical model:	Fraunhofer.rfd   PIDS included
Obscuration:	10
PIDS Obscur:	39
Obscuration:	OK
Serial Number:	7205

From	0.0400
To	2000
Volume 	100
Mean:	196.1
Median:	113.6
D(0,0):	0.0993
Mean/Median ratio:	1.727
Mode:	127.6
S.D.:	270.5
Variance:	73144
C.V.:	137.9
Skewness:	2.636
Kurtosis:	5.896
d10:	29.24
d50:	113.6
d90:	328.3
Specific Surf. Area:	2754

% <	Size 
10	29.2
25	66.0
50	114
75	178
90	328

% >	Size 
10	328
25	178
50	114
75	66.0
90	29.2

Size 	% <
1	0.73
10	3.93
100	42.9
1000	95.4

Size 	% >
1	99.3
10	96.1
100	57.1
1000	4.65

Particle	IODP_1175	Volume	Volume
Diameter	_STV0003	% >	%
um	_03.$ls		
	Volume		
	% <		
0.4	0.34	99.7	0.071
0.488	0.41	99.6	0.14
0.69	0.55	99.5	0.17
0.98	0.72	99.3	0.21
1.38	0.93	99.1	0.26
1.95	1.19	98.8	0.33
2.76	1.51	98.5	0.43
3.91	1.94	98.1	0.56
5.52	2.50	97.5	0.75
7.81	3.25	96.7	1.01
11.05	4.26	95.7	1.39
15.63	5.64	94.4	2.01
22.1	7.65	92.3	3.05
31.3	10.7	89.3	4.71
44.2	15.4	84.6	7.89
62.5	23.3	76.7	13.3
88.4	36.6	63.4	19.0
125	55.6	44.4	19.1
177	74.7	25.3	11.7
250	86.5	13.5	3.89
354	90.3	9.66	0.26
500	90.6	9.40	0.28
707	90.9	9.12	4.48
1000	95.4	4.65	4.62
1414	99.97	0.030	0.030
2000	100	0	0
2828	100	0	0
4000	100	0	

Channel	Channel	Channel	Diff.	Cum. <	Cum. >	Diff.
Diameter	Diameter	Diameter	Volume	Volume	Volume	Number
(Lower)	(Center)	(Upper)	%	%	%	%
um	um	um				
0.040	0.042	0.044	0.00019	0	100	2.04
0.044	0.046	0.048	0.00025	0.00019	100	2.02
0.048	0.050	0.053	0.00040	0.00044	100	2.43
0.053	0.055	0.058	0.00080	0.00084	99.999	3.71
0.058	0.061	0.064	0.0017	0.0016	99.998	5.88
0.064	0.067	0.070	0.0031	0.0033	99.997	8.22
0.070	0.073	0.077	0.0047	0.0064	99.99	9.39
0.077	0.080	0.084	0.0062	0.011	99.99	9.32
0.084	0.088	0.093	0.0076	0.017	99.98	8.67
0.093	0.097	0.102	0.0091	0.025	99.98	7.87
0.102	0.106	0.112	0.011	0.034	99.97	6.95
0.112	0.117	0.122	0.012	0.045	99.96	5.97
0.122	0.128	0.134	0.014	0.057	99.9	5.06
0.134	0.141	0.148	0.015	0.070	99.9	4.22
0.148	0.155	0.162	0.016	0.085	99.9	3.48
0.162	0.170	0.178	0.018	0.10	99.9	2.84
0.178	0.186	0.195	0.019	0.12	99.9	2.32
0.195	0.205	0.214	0.020	0.14	99.9	1.89
0.214	0.225	0.235	0.022	0.16	99.8	1.53
0.235	0.247	0.258	0.023	0.18	99.8	1.24
0.258	0.271	0.284	0.025	0.20	99.8	1.00
0.284	0.297	0.311	0.027	0.23	99.8	0.80
0.311	0.326	0.342	0.028	0.26	99.7	0.64
0.342	0.358	0.375	0.030	0.28	99.7	0.51
0.375	0.393	0.412	0.031	0.31	99.7	0.41
0.412	0.431	0.452	0.033	0.35	99.7	0.32
0.452	0.474	0.496	0.035	0.38	99.6	0.26
0.496	0.520	0.545	0.036	0.41	99.6	0.20
0.545	0.571	0.598	0.038	0.45	99.6	0.16
0.598	0.627	0.656	0.040	0.49	99.5	0.13
0.656	0.688	0.721	0.042	0.53	99.5	0.10
0.721	0.755	0.791	0.044	0.57	99.4	0.081
0.791	0.829	0.868	0.046	0.61	99.4	0.064
0.868	0.910	0.953	0.049	0.66	99.3	0.051
0.953	0.999	1.047	0.051	0.71	99.3	0.041
1.047	1.097	1.149	0.054	0.76	99.2	0.032
1.149	1.204	1.261	0.057	0.81	99.2	0.026
1.261	1.321	1.385	0.060	0.87	99.1	0.021
1.385	1.451	1.520	0.064	0.93	99.1	0.017
1.520	1.592	1.668	0.068	1.00	99.0	0.013
1.668	1.748	1.832	0.072	1.06	98.9	0.011
1.832	1.919	2.011	0.077	1.14	98.9	0.0086
2.011	2.107	2.207	0.082	1.21	98.8	0.0069
2.207	2.313	2.423	0.087	1.29	98.7	0.0056
2.423	2.539	2.660	0.094	1.38	98.6	0.0045
2.660	2.787	2.920	0.10	1.48	98.5	0.0037
2.920	3.059	3.205	0.11	1.58	98.4	0.0030
3.205	3.358	3.519	0.12	1.68	98.3	0.0024
3.519	3.687	3.863	0.12	1.80	98.2	0.0020
3.863	4.047	4.240	0.13	1.92	98.1	0.0016
4.240	4.443	4.655	0.15	2.06	97.9	0.0013
4.655	4.877	5.110	0.16	2.20	97.8	0.0011
5.110	5.354	5.610	0.17	2.36	97.6	0.00087
5.610	5.878	6.158	0.18	2.53	97.5	0.00071
6.158	6.452	6.760	0.20	2.71	97.3	0.00058
6.760	7.083	7.421	0.21	2.91	97.1	0.00048
7.421	7.775	8.147	0.23	3.13	96.9	0.00039
8.147	8.536	8.943	0.25	3.36	96.6	0.00032
8.943	9.370	9.817	0.27	3.61	96.4	0.00026
9.817	10.29	10.78	0.29	3.88	96.1	0.00021
10.78	11.29	11.83	0.32	4.17	95.8	0.00018
11.83	12.40	12.99	0.35	4.49	95.5	0.00014
12.99	13.61	14.26	0.38	4.84	95.2	0.00012
14.26	14.94	15.65	0.42	5.23	94.8	0.000100
15.65	16.40	17.18	0.47	5.65	94.4	0.000084
17.18	18.00	18.86	0.52	6.11	93.9	0.000070
18.86	19.76	20.70	0.58	6.63	93.4	0.000059
20.70	21.69	22.73	0.64	7.21	92.8	0.000050
22.73	23.81	24.95	0.72	7.85	92.1	0.000042
24.95	26.14	27.39	0.81	8.57	91.4	0.000036
27.39	28.70	30.07	0.90	9.38	90.6	0.000030
30.07	31.50	33.01	1.01	10.3	89.7	0.000026
33.01	34.58	36.24	1.14	11.3	88.7	0.000022
36.24	37.97	39.78	1.29	12.4	87.6	0.000019
39.78	41.68	43.67	1.48	13.7	86.3	0.000016
43.67	45.75	47.94	1.70	15.2	84.8	0.000014
47.94	50.22	52.62	1.96	16.9	83.1	0.000012
52.62	55.13	57.77	2.26	18.9	81.1	0.000011
57.77	60.52	63.41	2.62	21.1	78.9	0.000009
63.41	66.44	69.61	3.02	23.7	76.3	0.000008
69.61	72.94	76.42	3.47	26.8	73.2	0.000007
76.42	80.07	83.89	3.95	30.2	69.8	0.000006
83.89	87.90	92.09	4.43	34.2	65.8	0.000005
92.09	96.49	101.1	4.87	38.6	61.4	0.000004
101.1	105.9	111.0	5.22	43.5	56.5	0.000003
111.0	116.3	121.8	5.44	48.7	51.3	0.000003
121.8	127.6	133.7	5.50	54.2	45.8	0.000002
133.7	140.1	146.8	5.37	59.6	40.4	0.000002
146.8	153.8	161.2	5.07	65.0	35.0	0.000001
161.2	168.9	176.9	4.62	70.1	29.9	0.000001
176.9	185.4	194.2	4.06	74.7	25.3	0.000001
194.2	203.5	213.2	3.43	78.8	21.2	3.21E-7
213.2	223.4	234.1	2.77	82.2	17.8	1.96E-7
234.1	245.2	256.9	2.12	85.0	15.0	1.14E-7
256.9	269.2	282.1	1.53	87.1	12.9	6.18E-8
282.1	295.5	309.6	1.01	88.6	11.4	3.09E-8
309.6	324.4	339.9	0.59	89.6	10.4	1.36E-8
339.9	356.1	373.1	0.27	90.2	9.77	4.73E-9
373.1	390.9	409.6	0.085	90.5	9.50	1.13E-9
409.6	429.2	449.7	0.014	90.6	9.42	1.37E-10
449.7	471.1	493.6	0.00083	90.6	9.41	6.27E-12
493.6	517.2	541.9	0	90.6	9.40	0
541.9	567.7	594.9	0.0052	90.6	9.40	2.24E-11
594.9	623.3	653.0	0.055	90.6	9.40	1.78E-10
653.0	684.2	716.8	0.26	90.7	9.34	6.4E-10
716.8	751.1	786.9	0.61	90.9	9.08	1.13E-9
786.9	824.5	863.9	1.08	91.5	8.48	1.52E-9
863.9	905.1	948.3	1.56	92.6	7.40	1.66E-9
948.3	993.6	1041	2.13	94.2	5.83	1.71E-9
1041	1091	1143	2.03	96.3	3.71	1.23E-9
1143	1197	1255	1.29	98.3	1.68	5.95E-10
1255	1314	1377	0.34	99.6	0.39	1.2E-10
1377	1443	1512	0.041	99.96	0.041	1.07E-11
1512	1584	1660	0	100	0	0
1660	1739	1822	0	100	0	0
1822	1909	2000	0	100	0	0
2000				100	0	

