LS	2022-02-23  14:42
File name:	IODP_1175_STV0009_20.$ls
File ID:	IODP_1175
Sample ID:	STV0009
Operator:	RG
Bar code:	
Comment 1:	
Comment 2:	
Instrument:	LS 230, VSM Plus
Run number:	20
Start time:	2022-02-23  14:41
Run length:	62
Optical model:	Fraunhofer.rfd   PIDS included
Obscuration:	12
PIDS Obscur:	48
Obscuration:	OK
Serial Number:	7205

From	0.0400
To	2000
Volume 	100
Mean:	94.92
Median:	43.95
D(0,0):	0.109
Mean/Median ratio:	2.160
Mode:	31.50
S.D.:	117.8
Variance:	13872
C.V.:	124.1
Skewness:	2.072
Kurtosis:	4.945
d10:	6.508
d50:	43.95
d90:	257.2
Specific Surf. Area:	6825

% <	Size 
10	6.51
25	18.1
50	43.9
75	133
90	257

% >	Size 
10	257
25	133
50	43.9
75	18.1
90	6.51

Size 	% <
1	2.08
10	14.5
100	69.3
1000	100

Size 	% >
1	97.9
10	85.5
100	30.7
1000	0.00031

Particle	IODP_1175	Volume	Volume
Diameter	_STV0009	% >	%
um	_20.$ls		
	Volume		
	% <		
0.4	0.73	99.3	0.21
0.488	0.93	99.1	0.47
0.69	1.40	98.6	0.63
0.98	2.04	98.0	0.80
1.38	2.84	97.2	1.01
1.95	3.85	96.1	1.25
2.76	5.10	94.9	1.58
3.91	6.68	93.3	2.07
5.52	8.75	91.3	2.91
7.81	11.7	88.3	4.16
11.05	15.8	84.2	5.99
15.63	21.8	78.2	8.28
22.1	30.1	69.9	10.1
31.3	40.2	59.8	10.00
44.2	50.2	49.8	9.13
62.5	59.3	40.7	7.64
88.4	66.9	33.1	6.77
125	73.7	26.3	7.58
177	81.3	18.7	8.09
250	89.3	10.7	6.06
354	95.4	4.59	3.19
500	98.6	1.41	1.26
707	99.9	0.14	0.14
1000	100	0.00031	0.00031
1414	100	0	0
2000	100	0	0
2828	100	0	0
4000	100	0	

Channel	Channel	Channel	Diff.	Cum. <	Cum. >	Diff.
Diameter	Diameter	Diameter	Volume	Volume	Volume	Number
(Lower)	(Center)	(Upper)	%	%	%	%
um	um	um				
0.040	0.042	0.044	0.00028	0	100	1.74
0.044	0.046	0.048	0.00036	0.00028	100	1.74
0.048	0.050	0.053	0.00058	0.00064	99.999	2.10
0.053	0.055	0.058	0.0012	0.0012	99.999	3.18
0.058	0.061	0.064	0.0024	0.0024	99.998	5.02
0.064	0.067	0.070	0.0045	0.0048	99.995	7.09
0.070	0.073	0.077	0.0070	0.0093	99.99	8.33
0.077	0.080	0.084	0.0095	0.016	99.98	8.52
0.084	0.088	0.093	0.012	0.026	99.97	8.12
0.093	0.097	0.102	0.015	0.038	99.96	7.55
0.102	0.106	0.112	0.018	0.053	99.9	6.87
0.112	0.117	0.122	0.021	0.071	99.9	6.08
0.122	0.128	0.134	0.024	0.091	99.9	5.27
0.134	0.141	0.148	0.027	0.12	99.9	4.52
0.148	0.155	0.162	0.031	0.14	99.9	3.85
0.162	0.170	0.178	0.034	0.17	99.8	3.26
0.178	0.186	0.195	0.038	0.21	99.8	2.75
0.195	0.205	0.214	0.043	0.25	99.8	2.32
0.214	0.225	0.235	0.048	0.29	99.7	1.96
0.235	0.247	0.258	0.053	0.34	99.7	1.66
0.258	0.271	0.284	0.059	0.39	99.6	1.40
0.284	0.297	0.311	0.066	0.45	99.6	1.17
0.311	0.326	0.342	0.073	0.51	99.5	0.98
0.342	0.358	0.375	0.080	0.59	99.4	0.81
0.375	0.393	0.412	0.087	0.67	99.3	0.67
0.412	0.431	0.452	0.096	0.75	99.2	0.56
0.452	0.474	0.496	0.10	0.85	99.2	0.46
0.496	0.520	0.545	0.11	0.95	99.0	0.38
0.545	0.571	0.598	0.12	1.07	98.9	0.31
0.598	0.627	0.656	0.13	1.19	98.8	0.25
0.656	0.688	0.721	0.15	1.33	98.7	0.21
0.721	0.755	0.791	0.16	1.47	98.5	0.17
0.791	0.829	0.868	0.17	1.63	98.4	0.14
0.868	0.910	0.953	0.18	1.80	98.2	0.11
0.953	0.999	1.047	0.20	1.98	98.0	0.092
1.047	1.097	1.149	0.21	2.18	97.8	0.074
1.149	1.204	1.261	0.22	2.38	97.6	0.060
1.261	1.321	1.385	0.24	2.61	97.4	0.048
1.385	1.451	1.520	0.25	2.85	97.2	0.039
1.520	1.592	1.668	0.27	3.10	96.9	0.031
1.668	1.748	1.832	0.28	3.37	96.6	0.025
1.832	1.919	2.011	0.30	3.65	96.3	0.020
2.011	2.107	2.207	0.32	3.95	96.0	0.016
2.207	2.313	2.423	0.33	4.27	95.7	0.013
2.423	2.539	2.660	0.35	4.60	95.4	0.010
2.660	2.787	2.920	0.38	4.96	95.0	0.0081
2.920	3.059	3.205	0.40	5.33	94.7	0.0065
3.205	3.358	3.519	0.43	5.73	94.3	0.0052
3.519	3.687	3.863	0.46	6.16	93.8	0.0043
3.863	4.047	4.240	0.49	6.62	93.4	0.0035
4.240	4.443	4.655	0.53	7.11	92.9	0.0028
4.655	4.877	5.110	0.58	7.64	92.4	0.0023
5.110	5.354	5.610	0.64	8.23	91.8	0.0019
5.610	5.878	6.158	0.70	8.86	91.1	0.0016
6.158	6.452	6.760	0.76	9.56	90.4	0.0013
6.760	7.083	7.421	0.84	10.3	89.7	0.0011
7.421	7.775	8.147	0.92	11.2	88.8	0.00091
8.147	8.536	8.943	1.02	12.1	87.9	0.00076
8.943	9.370	9.817	1.12	13.1	86.9	0.00064
9.817	10.29	10.78	1.24	14.2	85.8	0.00053
10.78	11.29	11.83	1.37	15.5	84.5	0.00044
11.83	12.40	12.99	1.51	16.8	83.2	0.00037
12.99	13.61	14.26	1.67	18.3	81.7	0.00031
14.26	14.94	15.65	1.83	20.0	80.0	0.00026
15.65	16.40	17.18	2.00	21.8	78.2	0.00021
17.18	18.00	18.86	2.18	23.8	76.2	0.00017
18.86	19.76	20.70	2.35	26.0	74.0	0.00014
20.70	21.69	22.73	2.50	28.4	71.6	0.00011
22.73	23.81	24.95	2.63	30.9	69.1	0.000091
24.95	26.14	27.39	2.73	33.5	66.5	0.000071
27.39	28.70	30.07	2.77	36.2	63.8	0.000055
30.07	31.50	33.01	2.78	39.0	61.0	0.000041
33.01	34.58	36.24	2.74	41.8	58.2	0.000031
36.24	37.97	39.78	2.69	44.5	55.5	0.000023
39.78	41.68	43.67	2.63	47.2	52.8	0.000017
43.67	45.75	47.94	2.57	49.8	50.2	0.000013
47.94	50.22	52.62	2.50	52.4	47.6	0.000009
52.62	55.13	57.77	2.43	54.9	45.1	0.000007
57.77	60.52	63.41	2.33	57.3	42.7	0.000005
63.41	66.44	69.61	2.21	59.7	40.3	0.000004
69.61	72.94	76.42	2.08	61.9	38.1	0.000002
76.42	80.07	83.89	1.95	63.9	36.1	0.000002
83.89	87.90	92.09	1.86	65.9	34.1	0.000001
92.09	96.49	101.1	1.81	67.8	32.2	0.000001
101.1	105.9	111.0	1.80	69.6	30.4	0.000001
111.0	116.3	121.8	1.83	71.4	28.6	0.000001
121.8	127.6	133.7	1.89	73.2	26.8	4.23E-7
133.7	140.1	146.8	1.97	75.1	24.9	3.34E-7
146.8	153.8	161.2	2.06	77.0	23.0	2.64E-7
161.2	168.9	176.9	2.15	79.1	20.9	2.08E-7
176.9	185.4	194.2	2.21	81.3	18.7	1.62E-7
194.2	203.5	213.2	2.24	83.5	16.5	1.24E-7
213.2	223.4	234.1	2.20	85.7	14.3	9.19E-8
234.1	245.2	256.9	2.08	87.9	12.1	6.58E-8
256.9	269.2	282.1	1.89	90.0	10.0	4.52E-8
282.1	295.5	309.6	1.65	91.9	8.13	2.98E-8
309.6	324.4	339.9	1.39	93.5	6.48	1.9E-8
339.9	356.1	373.1	1.16	94.9	5.08	1.2E-8
373.1	390.9	409.6	0.96	96.1	3.93	7.52E-9
409.6	429.2	449.7	0.81	97.0	2.96	4.77E-9
449.7	471.1	493.6	0.68	97.8	2.15	3.01E-9
493.6	517.2	541.9	0.54	98.5	1.48	1.82E-9
541.9	567.7	594.9	0.40	99.1	0.94	1.01E-9
594.9	623.3	653.0	0.26	99.5	0.54	5.02E-10
653.0	684.2	716.8	0.16	99.7	0.28	2.31E-10
716.8	751.1	786.9	0.080	99.9	0.12	8.78E-11
786.9	824.5	863.9	0.033	99.96	0.040	2.74E-11
863.9	905.1	948.3	0.0068	99.99	0.0075	4.25E-12
948.3	993.6	1041	0.00072	99.999	0.00072	3.41E-13
1041	1091	1143	0	100	0	0
1143	1197	1255	0	100	0	0
1255	1314	1377	0	100	0	0
1377	1443	1512	0	100	0	0
1512	1584	1660	0	100	0	0
1660	1739	1822	0	100	0	0
1822	1909	2000	0	100	0	0
2000				100	0	

