LS	2022-02-23  16:07
File name:	IODP_1175_STV0011_41.$ls
File ID:	IODP_1175
Sample ID:	STV0011
Operator:	RG
Bar code:	
Comment 1:	
Comment 2:	
Instrument:	LS 230, VSM Plus
Run number:	41
Start time:	2022-02-23  16:06
Run length:	62
Optical model:	Fraunhofer.rfd   PIDS included
Obscuration:	10
PIDS Obscur:	40
Obscuration:	OK
Serial Number:	7205

From	0.0400
To	2000
Volume 	100
Mean:	44.70
Median:	32.51
D(0,0):	0.104
Mean/Median ratio:	1.375
Mode:	45.75
S.D.:	45.03
Variance:	2028
C.V.:	100.7
Skewness:	2.317
Kurtosis:	6.770
d10:	5.827
d50:	32.51
d90:	92.13
Specific Surf. Area:	7581

% <	Size 
10	5.83
25	15.4
50	32.5
75	57.7
90	92.1

% >	Size 
10	92.1
25	57.7
50	32.5
75	15.4
90	5.83

Size 	% <
1	2.07
10	16.5
100	91.5
1000	100

Size 	% >
1	97.9
10	83.5
100	8.51
1000	0

Particle	IODP_1175	Volume	Volume
Diameter	_STV0011	% >	%
um	_41.$ls		
	Volume		
	% <		
0.4	0.80	99.2	0.20
0.488	1.00	99.0	0.44
0.69	1.44	98.6	0.59
0.98	2.03	98.0	0.76
1.38	2.79	97.2	1.00
1.95	3.79	96.2	1.35
2.76	5.14	94.9	1.84
3.91	6.98	93.0	2.54
5.52	9.52	90.5	3.60
7.81	13.1	86.9	5.06
11.05	18.2	81.8	7.14
15.63	25.3	74.7	9.98
22.1	35.3	64.7	13.1
31.3	48.4	51.6	14.9
44.2	63.4	36.6	14.8
62.5	78.2	21.8	10.9
88.4	89.0	11.0	5.26
125	94.3	5.71	2.69
177	97.0	3.02	2.45
250	99.4	0.57	0.57
354	99.999	0.0010	0.0010
500	100	0	0
707	100	0	0
1000	100	0	0
1414	100	0	0
2000	100	0	0
2828	100	0	0
4000	100	0	

Channel	Channel	Channel	Diff.	Cum. <	Cum. >	Diff.
Diameter	Diameter	Diameter	Volume	Volume	Volume	Number
(Lower)	(Center)	(Upper)	%	%	%	%
um	um	um				
0.040	0.042	0.044	0.00036	0	100	1.87
0.044	0.046	0.048	0.00048	0.00036	100	1.88
0.048	0.050	0.053	0.00078	0.00084	99.999	2.28
0.053	0.055	0.058	0.0016	0.0016	99.998	3.49
0.058	0.061	0.064	0.0033	0.0032	99.997	5.50
0.064	0.067	0.070	0.0060	0.0065	99.99	7.70
0.070	0.073	0.077	0.0092	0.013	99.99	8.86
0.077	0.080	0.084	0.012	0.022	99.98	8.89
0.084	0.088	0.093	0.015	0.034	99.97	8.36
0.093	0.097	0.102	0.018	0.049	99.95	7.68
0.102	0.106	0.112	0.022	0.068	99.9	6.88
0.112	0.117	0.122	0.025	0.090	99.9	6.00
0.122	0.128	0.134	0.029	0.11	99.9	5.14
0.134	0.141	0.148	0.032	0.14	99.9	4.36
0.148	0.155	0.162	0.036	0.18	99.8	3.65
0.162	0.170	0.178	0.039	0.21	99.8	3.04
0.178	0.186	0.195	0.043	0.25	99.7	2.53
0.195	0.205	0.214	0.047	0.29	99.7	2.10
0.214	0.225	0.235	0.052	0.34	99.7	1.75
0.235	0.247	0.258	0.057	0.39	99.6	1.45
0.258	0.271	0.284	0.063	0.45	99.5	1.20
0.284	0.297	0.311	0.068	0.51	99.5	0.99
0.311	0.326	0.342	0.074	0.58	99.4	0.81
0.342	0.358	0.375	0.080	0.66	99.3	0.66
0.375	0.393	0.412	0.087	0.74	99.3	0.54
0.412	0.431	0.452	0.094	0.82	99.2	0.44
0.452	0.474	0.496	0.10	0.92	99.1	0.36
0.496	0.520	0.545	0.11	1.02	99.0	0.29
0.545	0.571	0.598	0.12	1.13	98.9	0.24
0.598	0.627	0.656	0.13	1.24	98.8	0.19
0.656	0.688	0.721	0.14	1.37	98.6	0.16
0.721	0.755	0.791	0.15	1.51	98.5	0.13
0.791	0.829	0.868	0.16	1.65	98.3	0.10
0.868	0.910	0.953	0.17	1.81	98.2	0.085
0.953	0.999	1.047	0.18	1.98	98.0	0.069
1.047	1.097	1.149	0.20	2.16	97.8	0.056
1.149	1.204	1.261	0.21	2.36	97.6	0.046
1.261	1.321	1.385	0.23	2.57	97.4	0.037
1.385	1.451	1.520	0.24	2.79	97.2	0.030
1.520	1.592	1.668	0.26	3.04	97.0	0.025
1.668	1.748	1.832	0.28	3.30	96.7	0.020
1.832	1.919	2.011	0.31	3.59	96.4	0.016
2.011	2.107	2.207	0.33	3.89	96.1	0.013
2.207	2.313	2.423	0.36	4.23	95.8	0.011
2.423	2.539	2.660	0.39	4.59	95.4	0.0090
2.660	2.787	2.920	0.42	4.97	95.0	0.0074
2.920	3.059	3.205	0.46	5.40	94.6	0.0061
3.205	3.358	3.519	0.50	5.86	94.1	0.0050
3.519	3.687	3.863	0.55	6.36	93.6	0.0041
3.863	4.047	4.240	0.60	6.90	93.1	0.0034
4.240	4.443	4.655	0.65	7.50	92.5	0.0028
4.655	4.877	5.110	0.72	8.15	91.8	0.0023
5.110	5.354	5.610	0.79	8.87	91.1	0.0019
5.610	5.878	6.158	0.86	9.66	90.3	0.0016
6.158	6.452	6.760	0.95	10.5	89.5	0.0013
6.760	7.083	7.421	1.04	11.5	88.5	0.0011
7.421	7.775	8.147	1.14	12.5	87.5	0.00092
8.147	8.536	8.943	1.24	13.6	86.4	0.00076
8.943	9.370	9.817	1.36	14.9	85.1	0.00063
9.817	10.29	10.78	1.50	16.2	83.8	0.00052
10.78	11.29	11.83	1.64	17.7	82.3	0.00043
11.83	12.40	12.99	1.80	19.4	80.6	0.00036
12.99	13.61	14.26	1.98	21.2	78.8	0.00030
14.26	14.94	15.65	2.17	23.2	76.8	0.00025
15.65	16.40	17.18	2.38	25.3	74.7	0.00020
17.18	18.00	18.86	2.61	27.7	72.3	0.00017
18.86	19.76	20.70	2.84	30.3	69.7	0.00014
20.70	21.69	22.73	3.08	33.2	66.8	0.00011
22.73	23.81	24.95	3.31	36.2	63.8	0.000093
24.95	26.14	27.39	3.52	39.6	60.4	0.000075
27.39	28.70	30.07	3.71	43.1	56.9	0.000060
30.07	31.50	33.01	3.87	46.8	53.2	0.000047
33.01	34.58	36.24	3.98	50.7	49.3	0.000037
36.24	37.97	39.78	4.07	54.6	45.4	0.000028
39.78	41.68	43.67	4.12	58.7	41.3	0.000022
43.67	45.75	47.94	4.13	62.8	37.2	0.000016
47.94	50.22	52.62	4.09	67.0	33.0	0.000012
52.62	55.13	57.77	3.97	71.1	28.9	0.000009
57.77	60.52	63.41	3.75	75.0	25.0	0.000006
63.41	66.44	69.61	3.44	78.8	21.2	0.000004
69.61	72.94	76.42	3.04	82.2	17.8	0.000003
76.42	80.07	83.89	2.59	85.3	14.7	0.000002
83.89	87.90	92.09	2.14	87.9	12.1	0.000001
92.09	96.49	101.1	1.71	90.0	10.0	0.000001
101.1	105.9	111.0	1.34	91.7	8.30	4.26E-7
111.0	116.3	121.8	1.04	93.0	6.96	2.5E-7
121.8	127.6	133.7	0.83	94.1	5.93	1.51E-7
133.7	140.1	146.8	0.71	94.9	5.10	9.78E-8
146.8	153.8	161.2	0.67	95.6	4.39	7E-8
161.2	168.9	176.9	0.69	96.3	3.72	5.46E-8
176.9	185.4	194.2	0.73	97.0	3.02	4.35E-8
194.2	203.5	213.2	0.73	97.7	2.29	3.28E-8
213.2	223.4	234.1	0.65	98.4	1.56	2.21E-8
234.1	245.2	256.9	0.49	99.1	0.91	1.27E-8
256.9	269.2	282.1	0.28	99.6	0.42	5.52E-9
282.1	295.5	309.6	0.11	99.9	0.14	1.65E-9
309.6	324.4	339.9	0.022	99.98	0.024	2.45E-10
339.9	356.1	373.1	0.0018	99.998	0.0018	1.51E-11
373.1	390.9	409.6	0	100	0	0
409.6	429.2	449.7	0	100	0	0
449.7	471.1	493.6	0	100	0	0
493.6	517.2	541.9	0	100	0	0
541.9	567.7	594.9	0	100	0	0
594.9	623.3	653.0	0	100	0	0
653.0	684.2	716.8	0	100	0	0
716.8	751.1	786.9	0	100	0	0
786.9	824.5	863.9	0	100	0	0
863.9	905.1	948.3	0	100	0	0
948.3	993.6	1041	0	100	0	0
1041	1091	1143	0	100	0	0
1143	1197	1255	0	100	0	0
1255	1314	1377	0	100	0	0
1377	1443	1512	0	100	0	0
1512	1584	1660	0	100	0	0
1660	1739	1822	0	100	0	0
1822	1909	2000	0	100	0	0
2000				100	0	

