LS	2022-02-23  16:46
File name:	IODP_1175_STV0012_50.$ls
File ID:	IODP_1175
Sample ID:	STV0012
Operator:	RG
Bar code:	
Comment 1:	
Comment 2:	
Instrument:	LS 230, VSM Plus
Run number:	50
Start time:	2022-02-23  16:45
Run length:	61
Optical model:	Fraunhofer.rfd   PIDS included
Obscuration:	10
PIDS Obscur:	40
Obscuration:	OK
Serial Number:	7205

From	0.0400
To	2000
Volume 	100
Mean:	84.48
Median:	57.08
D(0,0):	0.102
Mean/Median ratio:	1.480
Mode:	105.9
S.D.:	91.26
Variance:	8328
C.V.:	108.0
Skewness:	2.848
Kurtosis:	12.86
d10:	9.408
d50:	57.08
d90:	187.5
Specific Surf. Area:	5371

% <	Size 
10	9.41
25	24.3
50	57.1
75	117
90	187

% >	Size 
10	187
25	117
50	57.1
75	24.3
90	9.41

Size 	% <
1	1.43
10	10.6
100	69.6
1000	100

Size 	% >
1	98.6
10	89.4
100	30.4
1000	0.00045

Particle	IODP_1175	Volume	Volume
Diameter	_STV0012	% >	%
um	_50.$ls		
	Volume		
	% <		
0.4	0.60	99.4	0.14
0.488	0.74	99.3	0.30
0.69	1.03	99.0	0.38
0.98	1.41	98.6	0.47
1.38	1.88	98.1	0.62
1.95	2.51	97.5	0.84
2.76	3.35	96.7	1.15
3.91	4.50	95.5	1.61
5.52	6.10	93.9	2.29
7.81	8.40	91.6	3.25
11.05	11.6	88.4	4.64
15.63	16.3	83.7	6.55
22.1	22.8	77.2	8.71
31.3	31.5	68.5	10.2
44.2	41.7	58.3	11.4
62.5	53.1	46.9	12.1
88.4	65.1	34.9	12.3
125	77.5	22.5	11.1
177	88.6	11.4	7.09
250	95.6	4.36	2.57
354	98.2	1.79	0.84
500	99.1	0.95	0.79
707	99.8	0.16	0.16
1000	100	0.00045	0.00045
1414	100	0	0
2000	100	0	0
2828	100	0	0
4000	100	0	

Channel	Channel	Channel	Diff.	Cum. <	Cum. >	Diff.
Diameter	Diameter	Diameter	Volume	Volume	Volume	Number
(Lower)	(Center)	(Upper)	%	%	%	%
um	um	um				
0.040	0.042	0.044	0.00030	0	100	1.96
0.044	0.046	0.048	0.00040	0.00030	100	1.95
0.048	0.050	0.053	0.00064	0.00070	99.999	2.35
0.053	0.055	0.058	0.0013	0.0013	99.999	3.59
0.058	0.061	0.064	0.0027	0.0026	99.997	5.68
0.064	0.067	0.070	0.0050	0.0053	99.99	7.95
0.070	0.073	0.077	0.0075	0.010	99.99	9.11
0.077	0.080	0.084	0.0100	0.018	99.98	9.10
0.084	0.088	0.093	0.012	0.028	99.97	8.51
0.093	0.097	0.102	0.015	0.040	99.96	7.77
0.102	0.106	0.112	0.018	0.055	99.9	6.92
0.112	0.117	0.122	0.020	0.073	99.9	5.99
0.122	0.128	0.134	0.023	0.093	99.9	5.11
0.134	0.141	0.148	0.025	0.12	99.9	4.30
0.148	0.155	0.162	0.028	0.14	99.9	3.57
0.162	0.170	0.178	0.030	0.17	99.8	2.95
0.178	0.186	0.195	0.033	0.20	99.8	2.43
0.195	0.205	0.214	0.036	0.23	99.8	2.00
0.214	0.225	0.235	0.039	0.27	99.7	1.64
0.235	0.247	0.258	0.042	0.31	99.7	1.34
0.258	0.271	0.284	0.046	0.35	99.7	1.10
0.284	0.297	0.311	0.049	0.39	99.6	0.90
0.311	0.326	0.342	0.053	0.44	99.6	0.73
0.342	0.358	0.375	0.057	0.50	99.5	0.59
0.375	0.393	0.412	0.061	0.55	99.4	0.48
0.412	0.431	0.452	0.065	0.61	99.4	0.38
0.452	0.474	0.496	0.069	0.68	99.3	0.31
0.496	0.520	0.545	0.074	0.75	99.3	0.25
0.545	0.571	0.598	0.078	0.82	99.2	0.20
0.598	0.627	0.656	0.084	0.90	99.1	0.16
0.656	0.688	0.721	0.089	0.98	99.0	0.13
0.721	0.755	0.791	0.095	1.07	98.9	0.10
0.791	0.829	0.868	0.10	1.17	98.8	0.084
0.868	0.910	0.953	0.11	1.27	98.7	0.068
0.953	0.999	1.047	0.12	1.38	98.6	0.055
1.047	1.097	1.149	0.12	1.49	98.5	0.045
1.149	1.204	1.261	0.13	1.62	98.4	0.036
1.261	1.321	1.385	0.14	1.75	98.3	0.029
1.385	1.451	1.520	0.15	1.89	98.1	0.024
1.520	1.592	1.668	0.16	2.04	98.0	0.019
1.668	1.748	1.832	0.18	2.21	97.8	0.016
1.832	1.919	2.011	0.19	2.38	97.6	0.013
2.011	2.107	2.207	0.21	2.57	97.4	0.010
2.207	2.313	2.423	0.22	2.78	97.2	0.0086
2.423	2.539	2.660	0.24	3.00	97.0	0.0070
2.660	2.787	2.920	0.26	3.24	96.8	0.0058
2.920	3.059	3.205	0.29	3.51	96.5	0.0048
3.205	3.358	3.519	0.31	3.79	96.2	0.0039
3.519	3.687	3.863	0.34	4.11	95.9	0.0033
3.863	4.047	4.240	0.38	4.45	95.5	0.0027
4.240	4.443	4.655	0.41	4.83	95.2	0.0022
4.655	4.877	5.110	0.45	5.24	94.8	0.0019
5.110	5.354	5.610	0.50	5.69	94.3	0.0015
5.610	5.878	6.158	0.55	6.19	93.8	0.0013
6.158	6.452	6.760	0.60	6.74	93.3	0.0011
6.760	7.083	7.421	0.66	7.35	92.7	0.00089
7.421	7.775	8.147	0.73	8.01	92.0	0.00074
8.147	8.536	8.943	0.80	8.74	91.3	0.00061
8.943	9.370	9.817	0.88	9.53	90.5	0.00051
9.817	10.29	10.78	0.96	10.4	89.6	0.00042
10.78	11.29	11.83	1.06	11.4	88.6	0.00035
11.83	12.40	12.99	1.17	12.4	87.6	0.00029
12.99	13.61	14.26	1.29	13.6	86.4	0.00024
14.26	14.94	15.65	1.42	14.9	85.1	0.00020
15.65	16.40	17.18	1.56	16.3	83.7	0.00017
17.18	18.00	18.86	1.71	17.9	82.1	0.00014
18.86	19.76	20.70	1.87	19.6	80.4	0.00012
20.70	21.69	22.73	2.03	21.4	78.6	0.000095
22.73	23.81	24.95	2.19	23.5	76.5	0.000077
24.95	26.14	27.39	2.34	25.7	74.3	0.000062
27.39	28.70	30.07	2.47	28.0	72.0	0.000050
30.07	31.50	33.01	2.58	30.5	69.5	0.000039
33.01	34.58	36.24	2.68	33.0	67.0	0.000031
36.24	37.97	39.78	2.77	35.7	64.3	0.000024
39.78	41.68	43.67	2.85	38.5	61.5	0.000019
43.67	45.75	47.94	2.94	41.3	58.7	0.000015
47.94	50.22	52.62	3.03	44.3	55.7	0.000011
52.62	55.13	57.77	3.11	47.3	52.7	0.000009
57.77	60.52	63.41	3.17	50.4	49.6	0.000007
63.41	66.44	69.61	3.21	53.6	46.4	0.000005
69.61	72.94	76.42	3.25	56.8	43.2	0.000004
76.42	80.07	83.89	3.28	60.0	40.0	0.000003
83.89	87.90	92.09	3.31	63.3	36.7	0.000002
92.09	96.49	101.1	3.33	66.6	33.4	0.000002
101.1	105.9	111.0	3.34	70.0	30.0	0.000001
111.0	116.3	121.8	3.31	73.3	26.7	0.000001
121.8	127.6	133.7	3.24	76.6	23.4	0.000001
133.7	140.1	146.8	3.11	79.9	20.1	0.000001
146.8	153.8	161.2	2.91	83.0	17.0	3.81E-7
161.2	168.9	176.9	2.67	85.9	14.1	2.64E-7
176.9	185.4	194.2	2.38	88.5	11.5	1.78E-7
194.2	203.5	213.2	2.06	90.9	9.07	1.16E-7
213.2	223.4	234.1	1.72	93.0	7.01	7.32E-8
234.1	245.2	256.9	1.35	94.7	5.30	4.36E-8
256.9	269.2	282.1	0.99	96.1	3.95	2.4E-8
282.1	295.5	309.6	0.66	97.0	2.96	1.21E-8
309.6	324.4	339.9	0.41	97.7	2.31	5.69E-9
339.9	356.1	373.1	0.26	98.1	1.90	2.75E-9
373.1	390.9	409.6	0.20	98.4	1.64	1.62E-9
409.6	429.2	449.7	0.21	98.6	1.43	1.26E-9
449.7	471.1	493.6	0.24	98.8	1.22	1.11E-9
493.6	517.2	541.9	0.26	99.0	0.98	9.04E-10
541.9	567.7	594.9	0.25	99.3	0.72	6.38E-10
594.9	623.3	653.0	0.19	99.5	0.47	3.81E-10
653.0	684.2	716.8	0.14	99.7	0.28	2.12E-10
716.8	751.1	786.9	0.085	99.9	0.14	9.59E-11
786.9	824.5	863.9	0.041	99.9	0.051	3.45E-11
863.9	905.1	948.3	0.0091	99.99	0.010	5.85E-12
948.3	993.6	1041	0.0010	99.999	0.0010	4.93E-13
1041	1091	1143	0	100	0	0
1143	1197	1255	0	100	0	0
1255	1314	1377	0	100	0	0
1377	1443	1512	0	100	0	0
1512	1584	1660	0	100	0	0
1660	1739	1822	0	100	0	0
1822	1909	2000	0	100	0	0
2000				100	0	

