LS	2022-02-23  15:16
File name:	IODP_1175_STV0010_30.$ls
File ID:	IODP_1175
Sample ID:	STV0010
Operator:	RG
Bar code:	
Comment 1:	
Comment 2:	
Instrument:	LS 230, VSM Plus
Run number:	30
Start time:	2022-02-23  15:15
Run length:	62
Optical model:	Fraunhofer.rfd   PIDS included
Obscuration:	17
PIDS Obscur:	67
Obscuration:	HIGH
Serial Number:	7205

From	0.0400
To	2000
Volume 	100
Mean:	55.37
Median:	32.20
D(0,0):	0.104
Mean/Median ratio:	1.720
Mode:	45.75
S.D.:	75.73
Variance:	5735
C.V.:	136.8
Skewness:	3.463
Kurtosis:	15.69
d10:	4.462
d50:	32.20
d90:	126.5
Specific Surf. Area:	9349

% <	Size 
10	4.46
25	13.5
50	32.2
75	63.7
90	126

% >	Size 
10	126
25	63.7
50	32.2
75	13.5
90	4.46

Size 	% <
1	2.76
10	19.6
100	86.5
1000	100

Size 	% >
1	97.2
10	80.4
100	13.5
1000	0

Particle	IODP_1175	Volume	Volume
Diameter	_STV0010	% >	%
um	_30.$ls		
	Volume		
	% <		
0.4	1.12	98.9	0.27
0.488	1.39	98.6	0.57
0.69	1.96	98.0	0.75
0.98	2.71	97.3	0.95
1.38	3.66	96.3	1.28
1.95	4.94	95.1	1.71
2.76	6.65	93.4	2.30
3.91	8.94	91.1	3.02
5.52	12.0	88.0	4.02
7.81	16.0	84.0	5.28
11.05	21.3	78.7	6.97
15.63	28.2	71.8	9.20
22.1	37.4	62.6	11.6
31.3	49.0	51.0	12.7
44.2	61.7	38.3	12.6
62.5	74.3	25.7	9.67
88.4	84.0	16.0	5.86
125	89.9	10.1	3.98
177	93.8	6.17	3.04
250	96.9	3.13	1.68
354	98.6	1.45	0.94
500	99.5	0.51	0.50
707	99.995	0.0047	0.0047
1000	100	0	0
1414	100	0	0
2000	100	0	0
2828	100	0	0
4000	100	0	

Channel	Channel	Channel	Diff.	Cum. <	Cum. >	Diff.
Diameter	Diameter	Diameter	Volume	Volume	Volume	Number
(Lower)	(Center)	(Upper)	%	%	%	%
um	um	um				
0.040	0.042	0.044	0.00056	0	100	2.02
0.044	0.046	0.048	0.00070	0.00056	99.999	1.90
0.048	0.050	0.053	0.0011	0.0013	99.999	2.17
0.053	0.055	0.058	0.0020	0.0023	99.998	3.15
0.058	0.061	0.064	0.0043	0.0043	99.996	5.02
0.064	0.067	0.070	0.0082	0.0086	99.99	7.31
0.070	0.073	0.077	0.013	0.017	99.98	8.87
0.077	0.080	0.084	0.018	0.030	99.97	9.12
0.084	0.088	0.093	0.022	0.048	99.95	8.64
0.093	0.097	0.102	0.027	0.070	99.9	7.92
0.102	0.106	0.112	0.032	0.097	99.9	7.11
0.112	0.117	0.122	0.037	0.13	99.9	6.20
0.122	0.128	0.134	0.042	0.17	99.8	5.29
0.134	0.141	0.148	0.047	0.21	99.8	4.47
0.148	0.155	0.162	0.052	0.26	99.7	3.73
0.162	0.170	0.178	0.057	0.31	99.7	3.08
0.178	0.186	0.195	0.062	0.36	99.6	2.54
0.195	0.205	0.214	0.067	0.43	99.6	2.09
0.214	0.225	0.235	0.074	0.49	99.5	1.73
0.235	0.247	0.258	0.080	0.57	99.4	1.42
0.258	0.271	0.284	0.087	0.65	99.4	1.17
0.284	0.297	0.311	0.095	0.73	99.3	0.96
0.311	0.326	0.342	0.10	0.83	99.2	0.78
0.342	0.358	0.375	0.11	0.93	99.1	0.63
0.375	0.393	0.412	0.12	1.04	99.0	0.51
0.412	0.431	0.452	0.12	1.16	98.8	0.41
0.452	0.474	0.496	0.13	1.28	98.7	0.33
0.496	0.520	0.545	0.14	1.42	98.6	0.27
0.545	0.571	0.598	0.15	1.56	98.4	0.22
0.598	0.627	0.656	0.16	1.71	98.3	0.18
0.656	0.688	0.721	0.17	1.87	98.1	0.14
0.721	0.755	0.791	0.19	2.05	98.0	0.11
0.791	0.829	0.868	0.20	2.23	97.8	0.093
0.868	0.910	0.953	0.21	2.43	97.6	0.075
0.953	0.999	1.047	0.23	2.64	97.4	0.061
1.047	1.097	1.149	0.25	2.87	97.1	0.050
1.149	1.204	1.261	0.27	3.12	96.9	0.040
1.261	1.321	1.385	0.29	3.38	96.6	0.033
1.385	1.451	1.520	0.31	3.67	96.3	0.027
1.520	1.592	1.668	0.33	3.98	96.0	0.022
1.668	1.748	1.832	0.36	4.31	95.7	0.018
1.832	1.919	2.011	0.39	4.68	95.3	0.015
2.011	2.107	2.207	0.42	5.07	94.9	0.012
2.207	2.313	2.423	0.46	5.49	94.5	0.0098
2.423	2.539	2.660	0.49	5.95	94.1	0.0080
2.660	2.787	2.920	0.53	6.44	93.6	0.0066
2.920	3.059	3.205	0.58	6.98	93.0	0.0054
3.205	3.358	3.519	0.62	7.55	92.4	0.0044
3.519	3.687	3.863	0.67	8.18	91.8	0.0036
3.863	4.047	4.240	0.73	8.85	91.1	0.0029
4.240	4.443	4.655	0.79	9.58	90.4	0.0024
4.655	4.877	5.110	0.85	10.4	89.6	0.0019
5.110	5.354	5.610	0.92	11.2	88.8	0.0016
5.610	5.878	6.158	0.99	12.1	87.9	0.0013
6.158	6.452	6.760	1.06	13.1	86.9	0.0011
6.760	7.083	7.421	1.14	14.2	85.8	0.00086
7.421	7.775	8.147	1.23	15.3	84.7	0.00070
8.147	8.536	8.943	1.32	16.6	83.4	0.00057
8.943	9.370	9.817	1.42	17.9	82.1	0.00046
9.817	10.29	10.78	1.53	19.3	80.7	0.00037
10.78	11.29	11.83	1.65	20.8	79.2	0.00030
11.83	12.40	12.99	1.78	22.5	77.5	0.00025
12.99	13.61	14.26	1.92	24.3	75.7	0.00020
14.26	14.94	15.65	2.08	26.2	73.8	0.00017
15.65	16.40	17.18	2.24	28.3	71.7	0.00014
17.18	18.00	18.86	2.41	30.5	69.5	0.00011
18.86	19.76	20.70	2.60	32.9	67.1	0.000089
20.70	21.69	22.73	2.78	35.5	64.5	0.000072
22.73	23.81	24.95	2.95	38.3	61.7	0.000058
24.95	26.14	27.39	3.11	41.2	58.8	0.000046
27.39	28.70	30.07	3.24	44.3	55.7	0.000036
30.07	31.50	33.01	3.33	47.6	52.4	0.000028
33.01	34.58	36.24	3.41	50.9	49.1	0.000022
36.24	37.97	39.78	3.46	54.3	45.7	0.000017
39.78	41.68	43.67	3.49	57.8	42.2	0.000013
43.67	45.75	47.94	3.50	61.3	38.7	0.000010
47.94	50.22	52.62	3.47	64.8	35.2	0.000007
52.62	55.13	57.77	3.38	68.2	31.8	0.000005
57.77	60.52	63.41	3.22	71.6	28.4	0.000004
63.41	66.44	69.61	2.98	74.8	25.2	0.000003
69.61	72.94	76.42	2.69	77.8	22.2	0.000002
76.42	80.07	83.89	2.36	80.5	19.5	0.000001
83.89	87.90	92.09	2.04	82.9	17.1	0.000001
92.09	96.49	101.1	1.76	84.9	15.1	0.000001
101.1	105.9	111.0	1.52	86.7	13.3	3.4E-7
111.0	116.3	121.8	1.34	88.2	11.8	2.26E-7
121.8	127.6	133.7	1.20	89.5	10.5	1.54E-7
133.7	140.1	146.8	1.10	90.7	9.27	1.06E-7
146.8	153.8	161.2	1.03	91.8	8.17	7.49E-8
161.2	168.9	176.9	0.97	92.9	7.14	5.33E-8
176.9	185.4	194.2	0.91	93.8	6.18	3.82E-8
194.2	203.5	213.2	0.86	94.7	5.26	2.71E-8
213.2	223.4	234.1	0.79	95.6	4.40	1.88E-8
234.1	245.2	256.9	0.70	96.4	3.61	1.25E-8
256.9	269.2	282.1	0.58	97.1	2.92	7.84E-9
282.1	295.5	309.6	0.45	97.7	2.34	4.6E-9
309.6	324.4	339.9	0.34	98.1	1.90	2.62E-9
339.9	356.1	373.1	0.27	98.4	1.56	1.56E-9
373.1	390.9	409.6	0.24	98.7	1.29	1.07E-9
409.6	429.2	449.7	0.25	98.9	1.05	8.37E-10
449.7	471.1	493.6	0.26	99.2	0.80	6.72E-10
493.6	517.2	541.9	0.25	99.5	0.54	4.86E-10
541.9	567.7	594.9	0.18	99.7	0.29	2.62E-10
594.9	623.3	653.0	0.086	99.9	0.11	9.43E-11
653.0	684.2	716.8	0.019	99.98	0.021	1.58E-11
716.8	751.1	786.9	0.0018	99.998	0.0018	1.12E-12
786.9	824.5	863.9	0	100	0	0
863.9	905.1	948.3	0	100	0	0
948.3	993.6	1041	0	100	0	0
1041	1091	1143	0	100	0	0
1143	1197	1255	0	100	0	0
1255	1314	1377	0	100	0	0
1377	1443	1512	0	100	0	0
1512	1584	1660	0	100	0	0
1660	1739	1822	0	100	0	0
1822	1909	2000	0	100	0	0
2000				100	0	

