LS	2022-02-23  14:29
File name:	IODP_1175_STV0008_16.$ls
File ID:	IODP_1175
Sample ID:	STV0008
Operator:	RG
Bar code:	
Comment 1:	
Comment 2:	
Instrument:	LS 230, VSM Plus
Run number:	16
Start time:	2022-02-23  14:28
Run length:	62
Optical model:	Fraunhofer.rfd   PIDS included
Obscuration:	6
PIDS Obscur:	27
Obscuration:	Low
Serial Number:	7205

From	0.0400
To	2000
Volume 	100
Mean:	395.0
Median:	238.0
D(0,0):	0.0975
Mean/Median ratio:	1.660
Mode:	245.2
S.D.:	474.5
Variance:	225.1e3
C.V.:	120.1
Skewness:	2.146
Kurtosis:	3.342
d10:	68.10
d50:	238.0
d90:	1327
Specific Surf. Area:	1720

% <	Size 
10	68.1
25	153
50	238
75	355
90	1327

% >	Size 
10	1327
25	355
50	238
75	153
90	68.1

Size 	% <
1	0.50
10	2.20
100	14.5
1000	90.0

Size 	% >
1	99.5
10	97.8
100	85.5
1000	10.0

Particle	IODP_1175	Volume	Volume
Diameter	_STV0008	% >	%
um	_16.$ls		
	Volume		
	% <		
0.4	0.24	99.8	0.049
0.488	0.29	99.7	0.095
0.69	0.39	99.6	0.11
0.98	0.50	99.5	0.12
1.38	0.62	99.4	0.15
1.95	0.77	99.2	0.18
2.76	0.95	99.1	0.23
3.91	1.18	98.8	0.29
5.52	1.47	98.5	0.39
7.81	1.85	98.1	0.51
11.05	2.37	97.6	0.70
15.63	3.07	96.9	0.98
22.1	4.05	95.9	1.37
31.3	5.42	94.6	1.81
44.2	7.24	92.8	2.37
62.5	9.61	90.4	3.28
88.4	12.9	87.1	6.15
125	19.0	81.0	13.6
177	32.7	67.3	22.3
250	55.0	45.0	22.2
354	77.2	22.8	11.2
500	88.4	11.6	1.30
707	89.7	10.3	0.21
1000	90.0	10.0	3.92
1414	93.9	6.12	6.12
2000	100	0	0
2828	100	0	0
4000	100	0	

Channel	Channel	Channel	Diff.	Cum. <	Cum. >	Diff.
Diameter	Diameter	Diameter	Volume	Volume	Volume	Number
(Lower)	(Center)	(Upper)	%	%	%	%
um	um	um				
0.040	0.042	0.044	0.00014	0	100	2.06
0.044	0.046	0.048	0.00019	0.00014	100	2.07
0.048	0.050	0.053	0.00030	0.00033	100	2.54
0.053	0.055	0.058	0.00063	0.00063	99.999	3.95
0.058	0.061	0.064	0.0013	0.0013	99.999	6.25
0.064	0.067	0.070	0.0024	0.0026	99.997	8.59
0.070	0.073	0.077	0.0035	0.0050	99.995	9.58
0.077	0.080	0.084	0.0046	0.0085	99.99	9.38
0.084	0.088	0.093	0.0056	0.013	99.99	8.67
0.093	0.097	0.102	0.0067	0.019	99.98	7.83
0.102	0.106	0.112	0.0077	0.025	99.97	6.88
0.112	0.117	0.122	0.0087	0.033	99.97	5.87
0.122	0.128	0.134	0.0098	0.042	99.96	4.96
0.134	0.141	0.148	0.011	0.052	99.9	4.12
0.148	0.155	0.162	0.012	0.062	99.9	3.38
0.162	0.170	0.178	0.013	0.074	99.9	2.74
0.178	0.186	0.195	0.013	0.086	99.9	2.23
0.195	0.205	0.214	0.014	0.100	99.9	1.80
0.214	0.225	0.235	0.015	0.11	99.9	1.45
0.235	0.247	0.258	0.016	0.13	99.9	1.16
0.258	0.271	0.284	0.017	0.15	99.9	0.93
0.284	0.297	0.311	0.018	0.16	99.8	0.74
0.311	0.326	0.342	0.019	0.18	99.8	0.59
0.342	0.358	0.375	0.020	0.20	99.8	0.47
0.375	0.393	0.412	0.021	0.22	99.8	0.37
0.412	0.431	0.452	0.022	0.24	99.8	0.29
0.452	0.474	0.496	0.023	0.26	99.7	0.23
0.496	0.520	0.545	0.024	0.29	99.7	0.18
0.545	0.571	0.598	0.025	0.31	99.7	0.14
0.598	0.627	0.656	0.026	0.33	99.7	0.11
0.656	0.688	0.721	0.027	0.36	99.6	0.087
0.721	0.755	0.791	0.028	0.39	99.6	0.069
0.791	0.829	0.868	0.029	0.41	99.6	0.054
0.868	0.910	0.953	0.030	0.44	99.6	0.042
0.953	0.999	1.047	0.031	0.47	99.5	0.033
1.047	1.097	1.149	0.032	0.50	99.5	0.026
1.149	1.204	1.261	0.033	0.54	99.5	0.021
1.261	1.321	1.385	0.035	0.57	99.4	0.016
1.385	1.451	1.520	0.036	0.60	99.4	0.013
1.520	1.592	1.668	0.038	0.64	99.4	0.010
1.668	1.748	1.832	0.040	0.68	99.3	0.0080
1.832	1.919	2.011	0.042	0.72	99.3	0.0064
2.011	2.107	2.207	0.044	0.76	99.2	0.0051
2.207	2.313	2.423	0.047	0.80	99.2	0.0041
2.423	2.539	2.660	0.050	0.85	99.1	0.0033
2.660	2.787	2.920	0.053	0.90	99.1	0.0026
2.920	3.059	3.205	0.056	0.95	99.0	0.0021
3.205	3.358	3.519	0.060	1.01	99.0	0.0017
3.519	3.687	3.863	0.064	1.07	98.9	0.0014
3.863	4.047	4.240	0.069	1.13	98.9	0.0011
4.240	4.443	4.655	0.074	1.20	98.8	0.00090
4.655	4.877	5.110	0.079	1.28	98.7	0.00073
5.110	5.354	5.610	0.085	1.36	98.6	0.00060
5.610	5.878	6.158	0.092	1.44	98.6	0.00048
6.158	6.452	6.760	0.099	1.53	98.5	0.00039
6.760	7.083	7.421	0.11	1.63	98.4	0.00032
7.421	7.775	8.147	0.11	1.74	98.3	0.00026
8.147	8.536	8.943	0.12	1.85	98.1	0.00021
8.943	9.370	9.817	0.13	1.98	98.0	0.00018
9.817	10.29	10.78	0.15	2.11	97.9	0.00014
10.78	11.29	11.83	0.16	2.26	97.7	0.00012
11.83	12.40	12.99	0.17	2.42	97.6	0.000097
12.99	13.61	14.26	0.19	2.59	97.4	0.000080
14.26	14.94	15.65	0.21	2.78	97.2	0.000066
15.65	16.40	17.18	0.23	2.98	97.0	0.000055
17.18	18.00	18.86	0.25	3.21	96.8	0.000046
18.86	19.76	20.70	0.27	3.46	96.5	0.000038
20.70	21.69	22.73	0.30	3.73	96.3	0.000031
22.73	23.81	24.95	0.33	4.03	96.0	0.000026
24.95	26.14	27.39	0.35	4.35	95.6	0.000021
27.39	28.70	30.07	0.38	4.71	95.3	0.000017
30.07	31.50	33.01	0.42	5.09	94.9	0.000014
33.01	34.58	36.24	0.45	5.51	94.5	0.000012
36.24	37.97	39.78	0.48	5.95	94.0	0.000009
39.78	41.68	43.67	0.52	6.43	93.6	0.000008
43.67	45.75	47.94	0.56	6.95	93.0	0.000006
47.94	50.22	52.62	0.60	7.51	92.5	0.000005
52.62	55.13	57.77	0.64	8.11	91.9	0.000004
57.77	60.52	63.41	0.69	8.75	91.3	0.000003
63.41	66.44	69.61	0.75	9.44	90.6	0.000003
69.61	72.94	76.42	0.82	10.2	89.8	0.000002
76.42	80.07	83.89	0.92	11.0	89.0	0.000002
83.89	87.90	92.09	1.07	11.9	88.1	0.000002
92.09	96.49	101.1	1.28	13.0	87.0	0.000002
101.1	105.9	111.0	1.58	14.3	85.7	0.000001
111.0	116.3	121.8	1.98	15.8	84.2	0.000001
121.8	127.6	133.7	2.48	17.8	82.2	0.000001
133.7	140.1	146.8	3.09	20.3	79.7	0.000001
146.8	153.8	161.2	3.78	23.4	76.6	0.000001
161.2	168.9	176.9	4.50	27.2	72.8	0.000001
176.9	185.4	194.2	5.20	31.7	68.3	0.000001
194.2	203.5	213.2	5.80	36.9	63.1	0.000001
213.2	223.4	234.1	6.23	42.7	57.3	0.000001
234.1	245.2	256.9	6.43	48.9	51.1	4.67E-7
256.9	269.2	282.1	6.34	55.3	44.7	3.49E-7
282.1	295.5	309.6	5.97	61.7	38.3	2.48E-7
309.6	324.4	339.9	5.35	67.6	32.4	1.68E-7
339.9	356.1	373.1	4.55	73.0	27.0	1.08E-7
373.1	390.9	409.6	3.64	77.5	22.5	6.54E-8
409.6	429.2	449.7	2.71	81.2	18.8	3.67E-8
449.7	471.1	493.6	1.81	83.9	16.1	1.85E-8
493.6	517.2	541.9	0.96	85.7	14.3	7.43E-9
541.9	567.7	594.9	0.36	86.7	13.3	2.1E-9
594.9	623.3	653.0	0.067	87.0	13.0	2.97E-10
653.0	684.2	716.8	0.0052	87.1	12.9	1.74E-11
716.8	751.1	786.9	0	87.1	12.9	0
786.9	824.5	863.9	0.0048	87.1	12.9	9.26E-12
863.9	905.1	948.3	0.054	87.1	12.9	7.75E-11
948.3	993.6	1041	0.26	87.1	12.9	2.86E-10
1041	1091	1143	0.64	87.4	12.6	5.26E-10
1143	1197	1255	1.09	88.0	12.0	6.82E-10
1255	1314	1377	1.47	89.1	10.9	6.95E-10
1377	1443	1512	1.79	90.6	9.39	6.41E-10
1512	1584	1660	2.15	92.4	7.60	5.81E-10
1660	1739	1822	2.48	94.6	5.44	5.06E-10
1822	1909	2000	2.96	97.0	2.96	4.57E-10
2000				100	0	

