LS	2022-02-23  16:35
File name:	IODP_1175_STV0012_47.$ls
File ID:	IODP_1175
Sample ID:	STV0012
Operator:	RG
Bar code:	
Comment 1:	
Comment 2:	
Instrument:	LS 230, VSM Plus
Run number:	47
Start time:	2022-02-23  16:34
Run length:	61
Optical model:	Fraunhofer.rfd   PIDS included
Obscuration:	10
PIDS Obscur:	38
Obscuration:	OK
Serial Number:	7205

From	0.0400
To	2000
Volume 	100
Mean:	87.58
Median:	59.24
D(0,0):	0.102
Mean/Median ratio:	1.478
Mode:	105.9
S.D.:	98.64
Variance:	9729
C.V.:	112.6
Skewness:	3.168
Kurtosis:	14.81
d10:	9.504
d50:	59.24
d90:	189.0
Specific Surf. Area:	5250

% <	Size 
10	9.50
25	24.8
50	59.2
75	120
90	189

% >	Size 
10	189
25	120
50	59.2
75	24.8
90	9.50

Size 	% <
1	1.40
10	10.5
100	68.4
1000	99.999

Size 	% >
1	98.6
10	89.5
100	31.6
1000	0.00081

Particle	IODP_1175	Volume	Volume
Diameter	_STV0012	% >	%
um	_47.$ls		
	Volume		
	% <		
0.4	0.57	99.4	0.14
0.488	0.71	99.3	0.29
0.69	1.00	99.0	0.37
0.98	1.37	98.6	0.47
1.38	1.84	98.2	0.62
1.95	2.46	97.5	0.83
2.76	3.30	96.7	1.15
3.91	4.44	95.6	1.60
5.52	6.04	94.0	2.28
7.81	8.32	91.7	3.21
11.05	11.5	88.5	4.54
15.63	16.1	83.9	6.36
22.1	22.4	77.6	8.41
31.3	30.8	69.2	9.83
44.2	40.7	59.3	11.1
62.5	51.8	48.2	12.1
88.4	63.9	36.1	12.7
125	76.6	23.4	11.6
177	88.2	11.8	7.53
250	95.7	4.25	2.15
354	97.9	2.10	0.61
500	98.5	1.48	1.18
707	99.7	0.30	0.30
1000	99.999	0.00081	0.00081
1414	100	0	0
2000	100	0	0
2828	100	0	0
4000	100	0	

Channel	Channel	Channel	Diff.	Cum. <	Cum. >	Diff.
Diameter	Diameter	Diameter	Volume	Volume	Volume	Number
(Lower)	(Center)	(Upper)	%	%	%	%
um	um	um				
0.040	0.042	0.044	0.00029	0	100	1.95
0.044	0.046	0.048	0.00038	0.00029	100	1.94
0.048	0.050	0.053	0.00061	0.00067	99.999	2.36
0.053	0.055	0.058	0.0012	0.0013	99.999	3.61
0.058	0.061	0.064	0.0026	0.0025	99.997	5.70
0.064	0.067	0.070	0.0048	0.0051	99.99	7.96
0.070	0.073	0.077	0.0072	0.0099	99.99	9.09
0.077	0.080	0.084	0.0095	0.017	99.98	9.07
0.084	0.088	0.093	0.012	0.027	99.97	8.48
0.093	0.097	0.102	0.014	0.038	99.96	7.75
0.102	0.106	0.112	0.017	0.053	99.9	6.90
0.112	0.117	0.122	0.019	0.069	99.9	5.97
0.122	0.128	0.134	0.022	0.089	99.9	5.10
0.134	0.141	0.148	0.024	0.11	99.9	4.29
0.148	0.155	0.162	0.027	0.13	99.9	3.57
0.162	0.170	0.178	0.029	0.16	99.8	2.95
0.178	0.186	0.195	0.032	0.19	99.8	2.43
0.195	0.205	0.214	0.035	0.22	99.8	2.01
0.214	0.225	0.235	0.038	0.26	99.7	1.65
0.235	0.247	0.258	0.041	0.29	99.7	1.35
0.258	0.271	0.284	0.044	0.34	99.7	1.11
0.284	0.297	0.311	0.048	0.38	99.6	0.91
0.311	0.326	0.342	0.051	0.43	99.6	0.74
0.342	0.358	0.375	0.055	0.48	99.5	0.60
0.375	0.393	0.412	0.059	0.53	99.5	0.48
0.412	0.431	0.452	0.063	0.59	99.4	0.39
0.452	0.474	0.496	0.067	0.66	99.3	0.32
0.496	0.520	0.545	0.072	0.72	99.3	0.25
0.545	0.571	0.598	0.077	0.80	99.2	0.20
0.598	0.627	0.656	0.082	0.87	99.1	0.17
0.656	0.688	0.721	0.087	0.95	99.0	0.13
0.721	0.755	0.791	0.093	1.04	99.0	0.11
0.791	0.829	0.868	0.100	1.13	98.9	0.087
0.868	0.910	0.953	0.11	1.23	98.8	0.070
0.953	0.999	1.047	0.11	1.34	98.7	0.057
1.047	1.097	1.149	0.12	1.45	98.5	0.046
1.149	1.204	1.261	0.13	1.58	98.4	0.037
1.261	1.321	1.385	0.14	1.71	98.3	0.030
1.385	1.451	1.520	0.15	1.85	98.2	0.025
1.520	1.592	1.668	0.16	2.00	98.0	0.020
1.668	1.748	1.832	0.18	2.16	97.8	0.016
1.832	1.919	2.011	0.19	2.34	97.7	0.013
2.011	2.107	2.207	0.21	2.53	97.5	0.011
2.207	2.313	2.423	0.22	2.73	97.3	0.0089
2.423	2.539	2.660	0.24	2.95	97.0	0.0073
2.660	2.787	2.920	0.26	3.20	96.8	0.0060
2.920	3.059	3.205	0.29	3.46	96.5	0.0050
3.205	3.358	3.519	0.31	3.74	96.3	0.0041
3.519	3.687	3.863	0.34	4.06	95.9	0.0034
3.863	4.047	4.240	0.37	4.40	95.6	0.0028
4.240	4.443	4.655	0.41	4.77	95.2	0.0023
4.655	4.877	5.110	0.45	5.18	94.8	0.0019
5.110	5.354	5.610	0.50	5.64	94.4	0.0016
5.610	5.878	6.158	0.55	6.13	93.9	0.0013
6.158	6.452	6.760	0.60	6.68	93.3	0.0011
6.760	7.083	7.421	0.66	7.28	92.7	0.00092
7.421	7.775	8.147	0.72	7.93	92.1	0.00076
8.147	8.536	8.943	0.79	8.65	91.3	0.00063
8.943	9.370	9.817	0.87	9.44	90.6	0.00052
9.817	10.29	10.78	0.95	10.3	89.7	0.00043
10.78	11.29	11.83	1.04	11.3	88.7	0.00036
11.83	12.40	12.99	1.15	12.3	87.7	0.00030
12.99	13.61	14.26	1.26	13.4	86.6	0.00025
14.26	14.94	15.65	1.38	14.7	85.3	0.00021
15.65	16.40	17.18	1.52	16.1	83.9	0.00017
17.18	18.00	18.86	1.66	17.6	82.4	0.00014
18.86	19.76	20.70	1.81	19.3	80.7	0.00012
20.70	21.69	22.73	1.96	21.1	78.9	0.000095
22.73	23.81	24.95	2.11	23.0	77.0	0.000078
24.95	26.14	27.39	2.26	25.2	74.8	0.000063
27.39	28.70	30.07	2.38	27.4	72.6	0.000050
30.07	31.50	33.01	2.49	29.8	70.2	0.000040
33.01	34.58	36.24	2.59	32.3	67.7	0.000031
36.24	37.97	39.78	2.67	34.9	65.1	0.000024
39.78	41.68	43.67	2.76	37.6	62.4	0.000019
43.67	45.75	47.94	2.86	40.3	59.7	0.000015
47.94	50.22	52.62	2.96	43.2	56.8	0.000012
52.62	55.13	57.77	3.05	46.1	53.9	0.000009
57.77	60.52	63.41	3.13	49.2	50.8	0.000007
63.41	66.44	69.61	3.20	52.3	47.7	0.000005
69.61	72.94	76.42	3.26	55.5	44.5	0.000004
76.42	80.07	83.89	3.31	58.8	41.2	0.000003
83.89	87.90	92.09	3.36	62.1	37.9	0.000002
92.09	96.49	101.1	3.40	65.4	34.6	0.000002
101.1	105.9	111.0	3.43	68.8	31.2	0.000001
111.0	116.3	121.8	3.41	72.3	27.7	0.000001
121.8	127.6	133.7	3.35	75.7	24.3	0.000001
133.7	140.1	146.8	3.24	79.0	21.0	0.000001
146.8	153.8	161.2	3.08	82.3	17.7	4.2E-7
161.2	168.9	176.9	2.85	85.4	14.6	2.94E-7
176.9	185.4	194.2	2.57	88.2	11.8	2E-7
194.2	203.5	213.2	2.22	90.8	9.23	1.31E-7
213.2	223.4	234.1	1.81	93.0	7.01	8.06E-8
234.1	245.2	256.9	1.36	94.8	5.20	4.59E-8
256.9	269.2	282.1	0.92	96.2	3.84	2.33E-8
282.1	295.5	309.6	0.52	97.1	2.92	1E-8
309.6	324.4	339.9	0.25	97.6	2.40	3.64E-9
339.9	356.1	373.1	0.12	97.8	2.15	1.35E-9
373.1	390.9	409.6	0.10	98.0	2.03	8.35E-10
409.6	429.2	449.7	0.15	98.1	1.93	9.48E-10
449.7	471.1	493.6	0.25	98.2	1.78	1.18E-9
493.6	517.2	541.9	0.33	98.5	1.53	1.19E-9
541.9	567.7	594.9	0.36	98.8	1.20	9.65E-10
594.9	623.3	653.0	0.32	99.2	0.84	6.52E-10
653.0	684.2	716.8	0.26	99.5	0.52	4.02E-10
716.8	751.1	786.9	0.17	99.7	0.26	1.94E-10
786.9	824.5	863.9	0.079	99.9	0.098	7E-11
863.9	905.1	948.3	0.018	99.98	0.019	1.17E-11
948.3	993.6	1041	0.0018	99.998	0.0018	9.24E-13
1041	1091	1143	0	100	0	0
1143	1197	1255	0	100	0	0
1255	1314	1377	0	100	0	0
1377	1443	1512	0	100	0	0
1512	1584	1660	0	100	0	0
1660	1739	1822	0	100	0	0
1822	1909	2000	0	100	0	0
2000				100	0	

