LS	2022-02-23  16:45
File name:	IODP_1175_STV0012_49.$ls
File ID:	IODP_1175
Sample ID:	STV0012
Operator:	RG
Bar code:	
Comment 1:	
Comment 2:	
Instrument:	LS 230, VSM Plus
Run number:	49
Start time:	2022-02-23  16:44
Run length:	62
Optical model:	Fraunhofer.rfd   PIDS included
Obscuration:	9
PIDS Obscur:	39
Obscuration:	OK
Serial Number:	7205

From	0.0400
To	2000
Volume 	100
Mean:	86.94
Median:	58.57
D(0,0):	0.101
Mean/Median ratio:	1.484
Mode:	105.9
S.D.:	94.02
Variance:	8840
C.V.:	108.2
Skewness:	2.790
Kurtosis:	12.03
d10:	9.779
d50:	58.57
d90:	192.1
Specific Surf. Area:	5285

% <	Size 
10	9.78
25	25.1
50	58.6
75	119
90	192

% >	Size 
10	192
25	119
50	58.6
75	25.1
90	9.78

Size 	% <
1	1.41
10	10.2
100	68.8
1000	100

Size 	% >
1	98.6
10	89.8
100	31.2
1000	0.00049

Particle	IODP_1175	Volume	Volume
Diameter	_STV0012	% >	%
um	_49.$ls		
	Volume		
	% <		
0.4	0.59	99.4	0.14
0.488	0.73	99.3	0.29
0.69	1.02	99.0	0.37
0.98	1.39	98.6	0.46
1.38	1.84	98.2	0.60
1.95	2.44	97.6	0.80
2.76	3.25	96.8	1.11
3.91	4.35	95.6	1.54
5.52	5.89	94.1	2.20
7.81	8.10	91.9	3.13
11.05	11.2	88.8	4.49
15.63	15.7	84.3	6.39
22.1	22.1	77.9	8.55
31.3	30.7	69.3	10.1
44.2	40.8	59.2	11.5
62.5	52.2	47.8	12.1
88.4	64.4	35.6	12.3
125	76.7	23.3	11.2
177	87.9	12.1	7.26
250	95.1	4.87	2.81
354	97.9	2.05	1.04
500	99.0	1.01	0.84
707	99.8	0.17	0.17
1000	100	0.00049	0.00049
1414	100	0	0
2000	100	0	0
2828	100	0	0
4000	100	0	

Channel	Channel	Channel	Diff.	Cum. <	Cum. >	Diff.
Diameter	Diameter	Diameter	Volume	Volume	Volume	Number
(Lower)	(Center)	(Upper)	%	%	%	%
um	um	um				
0.040	0.042	0.044	0.00031	0	100	1.98
0.044	0.046	0.048	0.00041	0.00031	100	1.97
0.048	0.050	0.053	0.00065	0.00072	99.999	2.38
0.053	0.055	0.058	0.0013	0.0014	99.999	3.63
0.058	0.061	0.064	0.0028	0.0027	99.997	5.74
0.064	0.067	0.070	0.0051	0.0054	99.99	8.02
0.070	0.073	0.077	0.0077	0.011	99.99	9.17
0.077	0.080	0.084	0.010	0.018	99.98	9.14
0.084	0.088	0.093	0.013	0.028	99.97	8.54
0.093	0.097	0.102	0.015	0.041	99.96	7.78
0.102	0.106	0.112	0.018	0.056	99.9	6.92
0.112	0.117	0.122	0.020	0.074	99.9	5.98
0.122	0.128	0.134	0.023	0.094	99.9	5.09
0.134	0.141	0.148	0.025	0.12	99.9	4.27
0.148	0.155	0.162	0.028	0.14	99.9	3.55
0.162	0.170	0.178	0.030	0.17	99.8	2.92
0.178	0.186	0.195	0.033	0.20	99.8	2.40
0.195	0.205	0.214	0.036	0.23	99.8	1.97
0.214	0.225	0.235	0.039	0.27	99.7	1.62
0.235	0.247	0.258	0.042	0.31	99.7	1.32
0.258	0.271	0.284	0.045	0.35	99.6	1.08
0.284	0.297	0.311	0.049	0.40	99.6	0.88
0.311	0.326	0.342	0.052	0.45	99.6	0.71
0.342	0.358	0.375	0.056	0.50	99.5	0.57
0.375	0.393	0.412	0.060	0.55	99.4	0.46
0.412	0.431	0.452	0.064	0.61	99.4	0.37
0.452	0.474	0.496	0.068	0.68	99.3	0.30
0.496	0.520	0.545	0.072	0.74	99.3	0.24
0.545	0.571	0.598	0.076	0.82	99.2	0.19
0.598	0.627	0.656	0.081	0.89	99.1	0.16
0.656	0.688	0.721	0.086	0.97	99.0	0.12
0.721	0.755	0.791	0.092	1.06	98.9	0.10
0.791	0.829	0.868	0.098	1.15	98.8	0.081
0.868	0.910	0.953	0.10	1.25	98.7	0.065
0.953	0.999	1.047	0.11	1.35	98.6	0.052
1.047	1.097	1.149	0.12	1.47	98.5	0.042
1.149	1.204	1.261	0.13	1.58	98.4	0.034
1.261	1.321	1.385	0.14	1.71	98.3	0.028
1.385	1.451	1.520	0.15	1.85	98.2	0.023
1.520	1.592	1.668	0.16	1.99	98.0	0.018
1.668	1.748	1.832	0.17	2.15	97.8	0.015
1.832	1.919	2.011	0.18	2.32	97.7	0.012
2.011	2.107	2.207	0.20	2.50	97.5	0.0099
2.207	2.313	2.423	0.21	2.70	97.3	0.0081
2.423	2.539	2.660	0.23	2.92	97.1	0.0067
2.660	2.787	2.920	0.25	3.15	96.9	0.0055
2.920	3.059	3.205	0.28	3.40	96.6	0.0045
3.205	3.358	3.519	0.30	3.68	96.3	0.0037
3.519	3.687	3.863	0.33	3.98	96.0	0.0031
3.863	4.047	4.240	0.36	4.31	95.7	0.0026
4.240	4.443	4.655	0.40	4.67	95.3	0.0021
4.655	4.877	5.110	0.44	5.06	94.9	0.0018
5.110	5.354	5.610	0.48	5.50	94.5	0.0015
5.610	5.878	6.158	0.53	5.98	94.0	0.0012
6.158	6.452	6.760	0.58	6.51	93.5	0.0010
6.760	7.083	7.421	0.64	7.09	92.9	0.00084
7.421	7.775	8.147	0.70	7.72	92.3	0.00070
8.147	8.536	8.943	0.77	8.42	91.6	0.00058
8.943	9.370	9.817	0.84	9.19	90.8	0.00048
9.817	10.29	10.78	0.93	10.0	90.0	0.00040
10.78	11.29	11.83	1.02	11.0	89.0	0.00033
11.83	12.40	12.99	1.13	12.0	88.0	0.00028
12.99	13.61	14.26	1.25	13.1	86.9	0.00023
14.26	14.94	15.65	1.37	14.4	85.6	0.00019
15.65	16.40	17.18	1.51	15.7	84.3	0.00016
17.18	18.00	18.86	1.66	17.3	82.7	0.00013
18.86	19.76	20.70	1.82	18.9	81.1	0.00011
20.70	21.69	22.73	1.98	20.7	79.3	0.000091
22.73	23.81	24.95	2.14	22.7	77.3	0.000075
24.95	26.14	27.39	2.29	24.9	75.1	0.000060
27.39	28.70	30.07	2.43	27.2	72.8	0.000048
30.07	31.50	33.01	2.55	29.6	70.4	0.000038
33.01	34.58	36.24	2.65	32.1	67.9	0.000030
36.24	37.97	39.78	2.75	34.8	65.2	0.000024
39.78	41.68	43.67	2.85	37.5	62.5	0.000019
43.67	45.75	47.94	2.95	40.4	59.6	0.000014
47.94	50.22	52.62	3.05	43.4	56.6	0.000011
52.62	55.13	57.77	3.14	46.4	53.6	0.000009
57.77	60.52	63.41	3.20	49.5	50.5	0.000007
63.41	66.44	69.61	3.24	52.8	47.2	0.000005
69.61	72.94	76.42	3.27	56.0	44.0	0.000004
76.42	80.07	83.89	3.28	59.3	40.7	0.000003
83.89	87.90	92.09	3.30	62.5	37.5	0.000002
92.09	96.49	101.1	3.32	65.8	34.2	0.000002
101.1	105.9	111.0	3.33	69.2	30.8	0.000001
111.0	116.3	121.8	3.32	72.5	27.5	0.000001
121.8	127.6	133.7	3.25	75.8	24.2	0.000001
133.7	140.1	146.8	3.13	79.1	20.9	0.000001
146.8	153.8	161.2	2.95	82.2	17.8	3.81E-7
161.2	168.9	176.9	2.71	85.2	14.8	2.64E-7
176.9	185.4	194.2	2.43	87.9	12.1	1.79E-7
194.2	203.5	213.2	2.11	90.3	9.71	1.17E-7
213.2	223.4	234.1	1.76	92.4	7.60	7.41E-8
234.1	245.2	256.9	1.40	94.2	5.84	4.45E-8
256.9	269.2	282.1	1.04	95.6	4.44	2.51E-8
282.1	295.5	309.6	0.72	96.6	3.40	1.32E-8
309.6	324.4	339.9	0.48	97.3	2.68	6.62E-9
339.9	356.1	373.1	0.33	97.8	2.20	3.45E-9
373.1	390.9	409.6	0.27	98.1	1.86	2.11E-9
409.6	429.2	449.7	0.26	98.4	1.60	1.56E-9
449.7	471.1	493.6	0.28	98.7	1.33	1.27E-9
493.6	517.2	541.9	0.29	99.0	1.05	9.74E-10
541.9	567.7	594.9	0.26	99.2	0.76	6.63E-10
594.9	623.3	653.0	0.20	99.5	0.50	3.95E-10
653.0	684.2	716.8	0.15	99.7	0.30	2.23E-10
716.8	751.1	786.9	0.093	99.9	0.15	1.03E-10
786.9	824.5	863.9	0.045	99.9	0.056	3.73E-11
863.9	905.1	948.3	0.010	99.99	0.011	6.39E-12
948.3	993.6	1041	0.0011	99.999	0.0011	5.3E-13
1041	1091	1143	0	100	0	0
1143	1197	1255	0	100	0	0
1255	1314	1377	0	100	0	0
1377	1443	1512	0	100	0	0
1512	1584	1660	0	100	0	0
1660	1739	1822	0	100	0	0
1822	1909	2000	0	100	0	0
2000				100	0	

