LS	2022-02-23  15:52
File name:	IODP_1175_STV0011_37.$ls
File ID:	IODP_1175
Sample ID:	STV0011
Operator:	RG
Bar code:	
Comment 1:	
Comment 2:	
Instrument:	LS 230, VSM Plus
Run number:	37
Start time:	2022-02-23  15:51
Run length:	62
Optical model:	Fraunhofer.rfd   PIDS included
Obscuration:	9
PIDS Obscur:	39
Obscuration:	OK
Serial Number:	7205

From	0.0400
To	2000
Volume 	100
Mean:	46.64
Median:	33.88
D(0,0):	0.103
Mean/Median ratio:	1.377
Mode:	45.75
S.D.:	47.57
Variance:	2263
C.V.:	102.0
Skewness:	2.410
Kurtosis:	7.285
d10:	6.185
d50:	33.88
d90:	95.68
Specific Surf. Area:	7397

% <	Size 
10	6.19
25	16.4
50	33.9
75	59.4
90	95.7

% >	Size 
10	95.7
25	59.4
50	33.9
75	16.4
90	6.19

Size 	% <
1	2.03
10	15.6
100	90.8
1000	100

Size 	% >
1	98.0
10	84.4
100	9.15
1000	0

Particle	IODP_1175	Volume	Volume
Diameter	_STV0011	% >	%
um	_37.$ls		
	Volume		
	% <		
0.4	0.79	99.2	0.20
0.488	0.99	99.0	0.43
0.69	1.42	98.6	0.57
0.98	1.99	98.0	0.72
1.38	2.71	97.3	0.95
1.95	3.67	96.3	1.27
2.76	4.93	95.1	1.72
3.91	6.66	93.3	2.37
5.52	9.02	91.0	3.35
7.81	12.4	87.6	4.74
11.05	17.1	82.9	6.78
15.63	23.9	76.1	9.69
22.1	33.6	66.4	13.1
31.3	46.6	53.4	15.2
44.2	61.9	38.1	15.3
62.5	77.1	22.9	11.2
88.4	88.3	11.7	5.49
125	93.8	6.21	2.75
177	96.5	3.46	2.54
250	99.1	0.92	0.91
354	99.99	0.0089	0.0089
500	100	0	0
707	100	0	0
1000	100	0	0
1414	100	0	0
2000	100	0	0
2828	100	0	0
4000	100	0	

Channel	Channel	Channel	Diff.	Cum. <	Cum. >	Diff.
Diameter	Diameter	Diameter	Volume	Volume	Volume	Number
(Lower)	(Center)	(Upper)	%	%	%	%
um	um	um				
0.040	0.042	0.044	0.00037	0	100	1.89
0.044	0.046	0.048	0.00049	0.00037	100	1.89
0.048	0.050	0.053	0.00079	0.00086	99.999	2.31
0.053	0.055	0.058	0.0016	0.0017	99.998	3.53
0.058	0.061	0.064	0.0033	0.0033	99.997	5.57
0.064	0.067	0.070	0.0062	0.0066	99.99	7.78
0.070	0.073	0.077	0.0094	0.013	99.99	8.92
0.077	0.080	0.084	0.012	0.022	99.98	8.94
0.084	0.088	0.093	0.015	0.035	99.97	8.39
0.093	0.097	0.102	0.019	0.050	99.9	7.70
0.102	0.106	0.112	0.022	0.069	99.9	6.89
0.112	0.117	0.122	0.026	0.091	99.9	5.99
0.122	0.128	0.134	0.029	0.12	99.9	5.13
0.134	0.141	0.148	0.032	0.15	99.9	4.34
0.148	0.155	0.162	0.036	0.18	99.8	3.63
0.162	0.170	0.178	0.039	0.21	99.8	3.02
0.178	0.186	0.195	0.043	0.25	99.7	2.50
0.195	0.205	0.214	0.047	0.30	99.7	2.07
0.214	0.225	0.235	0.052	0.34	99.7	1.72
0.235	0.247	0.258	0.057	0.40	99.6	1.42
0.258	0.271	0.284	0.062	0.45	99.5	1.17
0.284	0.297	0.311	0.068	0.51	99.5	0.97
0.311	0.326	0.342	0.073	0.58	99.4	0.79
0.342	0.358	0.375	0.079	0.66	99.3	0.65
0.375	0.393	0.412	0.085	0.73	99.3	0.53
0.412	0.431	0.452	0.092	0.82	99.2	0.43
0.452	0.474	0.496	0.099	0.91	99.1	0.35
0.496	0.520	0.545	0.11	1.01	99.0	0.28
0.545	0.571	0.598	0.11	1.12	98.9	0.23
0.598	0.627	0.656	0.12	1.23	98.8	0.19
0.656	0.688	0.721	0.13	1.35	98.6	0.15
0.721	0.755	0.791	0.14	1.48	98.5	0.12
0.791	0.829	0.868	0.15	1.63	98.4	0.100
0.868	0.910	0.953	0.16	1.78	98.2	0.081
0.953	0.999	1.047	0.17	1.94	98.1	0.066
1.047	1.097	1.149	0.19	2.11	97.9	0.053
1.149	1.204	1.261	0.20	2.30	97.7	0.043
1.261	1.321	1.385	0.22	2.50	97.5	0.035
1.385	1.451	1.520	0.23	2.72	97.3	0.029
1.520	1.592	1.668	0.25	2.95	97.0	0.023
1.668	1.748	1.832	0.27	3.20	96.8	0.019
1.832	1.919	2.011	0.29	3.47	96.5	0.015
2.011	2.107	2.207	0.31	3.76	96.2	0.013
2.207	2.313	2.423	0.34	4.08	95.9	0.010
2.423	2.539	2.660	0.37	4.42	95.6	0.0084
2.660	2.787	2.920	0.40	4.78	95.2	0.0069
2.920	3.059	3.205	0.43	5.18	94.8	0.0056
3.205	3.358	3.519	0.47	5.61	94.4	0.0046
3.519	3.687	3.863	0.51	6.08	93.9	0.0038
3.863	4.047	4.240	0.56	6.59	93.4	0.0032
4.240	4.443	4.655	0.61	7.14	92.9	0.0026
4.655	4.877	5.110	0.67	7.75	92.2	0.0022
5.110	5.354	5.610	0.73	8.42	91.6	0.0018
5.610	5.878	6.158	0.80	9.16	90.8	0.0015
6.158	6.452	6.760	0.88	9.96	90.0	0.0012
6.760	7.083	7.421	0.97	10.8	89.2	0.0010
7.421	7.775	8.147	1.06	11.8	88.2	0.00085
8.147	8.536	8.943	1.16	12.9	87.1	0.00070
8.943	9.370	9.817	1.28	14.0	86.0	0.00058
9.817	10.29	10.78	1.41	15.3	84.7	0.00048
10.78	11.29	11.83	1.55	16.7	83.3	0.00040
11.83	12.40	12.99	1.71	18.3	81.7	0.00034
12.99	13.61	14.26	1.88	20.0	80.0	0.00028
14.26	14.94	15.65	2.08	21.9	78.1	0.00023
15.65	16.40	17.18	2.29	23.9	76.1	0.00019
17.18	18.00	18.86	2.52	26.2	73.8	0.00016
18.86	19.76	20.70	2.77	28.7	71.3	0.00013
20.70	21.69	22.73	3.02	31.5	68.5	0.00011
22.73	23.81	24.95	3.27	34.5	65.5	0.000091
24.95	26.14	27.39	3.50	37.8	62.2	0.000073
27.39	28.70	30.07	3.71	41.3	58.7	0.000059
30.07	31.50	33.01	3.90	45.0	55.0	0.000047
33.01	34.58	36.24	4.04	48.9	51.1	0.000037
36.24	37.97	39.78	4.15	52.9	47.1	0.000028
39.78	41.68	43.67	4.23	57.1	42.9	0.000022
43.67	45.75	47.94	4.26	61.3	38.7	0.000017
47.94	50.22	52.62	4.22	65.6	34.4	0.000012
52.62	55.13	57.77	4.10	69.8	30.2	0.000009
57.77	60.52	63.41	3.87	73.9	26.1	0.000007
63.41	66.44	69.61	3.54	77.8	22.2	0.000005
69.61	72.94	76.42	3.12	81.3	18.7	0.000003
76.42	80.07	83.89	2.66	84.4	15.6	0.000002
83.89	87.90	92.09	2.20	87.1	12.9	0.000001
92.09	96.49	101.1	1.76	89.3	10.7	0.000001
101.1	105.9	111.0	1.40	91.1	8.94	4.4E-7
111.0	116.3	121.8	1.10	92.5	7.54	2.63E-7
121.8	127.6	133.7	0.88	93.6	6.44	1.59E-7
133.7	140.1	146.8	0.75	94.4	5.56	1.01E-7
146.8	153.8	161.2	0.68	95.2	4.81	6.98E-8
161.2	168.9	176.9	0.67	95.9	4.13	5.22E-8
176.9	185.4	194.2	0.70	96.5	3.46	4.13E-8
194.2	203.5	213.2	0.73	97.2	2.76	3.24E-8
213.2	223.4	234.1	0.70	98.0	2.03	2.36E-8
234.1	245.2	256.9	0.60	98.7	1.33	1.51E-8
256.9	269.2	282.1	0.42	99.3	0.74	8.07E-9
282.1	295.5	309.6	0.22	99.7	0.31	3.22E-9
309.6	324.4	339.9	0.078	99.9	0.093	8.57E-10
339.9	356.1	373.1	0.014	99.99	0.015	1.14E-10
373.1	390.9	409.6	0.00093	99.999	0.00093	5.81E-12
409.6	429.2	449.7	0	100	0	0
449.7	471.1	493.6	0	100	0	0
493.6	517.2	541.9	0	100	0	0
541.9	567.7	594.9	0	100	0	0
594.9	623.3	653.0	0	100	0	0
653.0	684.2	716.8	0	100	0	0
716.8	751.1	786.9	0	100	0	0
786.9	824.5	863.9	0	100	0	0
863.9	905.1	948.3	0	100	0	0
948.3	993.6	1041	0	100	0	0
1041	1091	1143	0	100	0	0
1143	1197	1255	0	100	0	0
1255	1314	1377	0	100	0	0
1377	1443	1512	0	100	0	0
1512	1584	1660	0	100	0	0
1660	1739	1822	0	100	0	0
1822	1909	2000	0	100	0	0
2000				100	0	

