LS	2022-02-23  14:30
File name:	IODP_1175_STV0008_17.$ls
File ID:	IODP_1175
Sample ID:	STV0008
Operator:	RG
Bar code:	
Comment 1:	
Comment 2:	
Instrument:	LS 230, VSM Plus
Run number:	17
Start time:	2022-02-23  14:29
Run length:	62
Optical model:	Fraunhofer.rfd   PIDS included
Obscuration:	7
PIDS Obscur:	31
Obscuration:	Low
Serial Number:	7205

From	0.0400
To	2000
Volume 	100
Mean:	447.4
Median:	243.7
D(0,0):	0.0985
Mean/Median ratio:	1.836
Mode:	245.2
S.D.:	530.7
Variance:	281.7e3
C.V.:	118.6
Skewness:	1.752
Kurtosis:	1.589
d10:	65.87
d50:	243.7
d90:	1515
Specific Surf. Area:	1750

% <	Size 
10	65.9
25	154
50	244
75	379
90	1515

% >	Size 
10	1515
25	379
50	244
75	154
90	65.9

Size 	% <
1	0.52
10	2.53
100	14.8
1000	86.6

Size 	% >
1	99.5
10	97.5
100	85.2
1000	13.4

Particle	IODP_1175	Volume	Volume
Diameter	_STV0008	% >	%
um	_17.$ls		
	Volume		
	% <		
0.4	0.24	99.8	0.050
0.488	0.29	99.7	0.100
0.69	0.39	99.6	0.12
0.98	0.51	99.5	0.14
1.38	0.65	99.3	0.17
1.95	0.82	99.2	0.22
2.76	1.04	99.0	0.28
3.91	1.32	98.7	0.35
5.52	1.67	98.3	0.46
7.81	2.13	97.9	0.60
11.05	2.72	97.3	0.79
15.63	3.51	96.5	1.06
22.1	4.57	95.4	1.40
31.3	5.97	94.0	1.77
44.2	7.74	92.3	2.26
62.5	10.0	90.0	3.16
88.4	13.2	86.8	5.97
125	19.1	80.9	13.1
177	32.3	67.7	21.5
250	53.8	46.2	21.2
354	74.9	25.1	10.3
500	85.2	14.8	1.06
707	86.3	13.7	0.29
1000	86.6	13.4	5.20
1414	91.8	8.22	8.22
2000	100	0	0
2828	100	0	0
4000	100	0	

Channel	Channel	Channel	Diff.	Cum. <	Cum. >	Diff.
Diameter	Diameter	Diameter	Volume	Volume	Volume	Number
(Lower)	(Center)	(Upper)	%	%	%	%
um	um	um				
0.040	0.042	0.044	0.00013	0	100	2.04
0.044	0.046	0.048	0.00018	0.00013	100	2.05
0.048	0.050	0.053	0.00028	0.00031	100	2.49
0.053	0.055	0.058	0.00058	0.00059	99.999	3.86
0.058	0.061	0.064	0.0012	0.0012	99.999	6.10
0.064	0.067	0.070	0.0022	0.0024	99.998	8.43
0.070	0.073	0.077	0.0033	0.0046	99.995	9.47
0.077	0.080	0.084	0.0043	0.0079	99.99	9.33
0.084	0.088	0.093	0.0053	0.012	99.99	8.65
0.093	0.097	0.102	0.0063	0.018	99.98	7.83
0.102	0.106	0.112	0.0074	0.024	99.98	6.90
0.112	0.117	0.122	0.0084	0.031	99.97	5.91
0.122	0.128	0.134	0.0094	0.040	99.96	5.00
0.134	0.141	0.148	0.010	0.049	99.95	4.17
0.148	0.155	0.162	0.011	0.059	99.9	3.42
0.162	0.170	0.178	0.012	0.071	99.9	2.79
0.178	0.186	0.195	0.013	0.083	99.9	2.27
0.195	0.205	0.214	0.014	0.096	99.9	1.85
0.214	0.225	0.235	0.015	0.11	99.9	1.49
0.235	0.247	0.258	0.016	0.12	99.9	1.20
0.258	0.271	0.284	0.017	0.14	99.9	0.97
0.284	0.297	0.311	0.018	0.16	99.8	0.78
0.311	0.326	0.342	0.019	0.18	99.8	0.62
0.342	0.358	0.375	0.020	0.20	99.8	0.49
0.375	0.393	0.412	0.021	0.22	99.8	0.39
0.412	0.431	0.452	0.022	0.24	99.8	0.31
0.452	0.474	0.496	0.023	0.26	99.7	0.25
0.496	0.520	0.545	0.024	0.28	99.7	0.20
0.545	0.571	0.598	0.026	0.31	99.7	0.16
0.598	0.627	0.656	0.027	0.33	99.7	0.12
0.656	0.688	0.721	0.028	0.36	99.6	0.097
0.721	0.755	0.791	0.029	0.39	99.6	0.077
0.791	0.829	0.868	0.031	0.42	99.6	0.061
0.868	0.910	0.953	0.032	0.45	99.6	0.048
0.953	0.999	1.047	0.034	0.48	99.5	0.038
1.047	1.097	1.149	0.036	0.51	99.5	0.031
1.149	1.204	1.261	0.038	0.55	99.5	0.024
1.261	1.321	1.385	0.040	0.59	99.4	0.019
1.385	1.451	1.520	0.042	0.63	99.4	0.015
1.520	1.592	1.668	0.044	0.67	99.3	0.012
1.668	1.748	1.832	0.047	0.71	99.3	0.0098
1.832	1.919	2.011	0.049	0.76	99.2	0.0079
2.011	2.107	2.207	0.052	0.81	99.2	0.0063
2.207	2.313	2.423	0.056	0.86	99.1	0.0051
2.423	2.539	2.660	0.059	0.92	99.1	0.0041
2.660	2.787	2.920	0.063	0.98	99.0	0.0033
2.920	3.059	3.205	0.067	1.04	99.0	0.0026
3.205	3.358	3.519	0.072	1.11	98.9	0.0021
3.519	3.687	3.863	0.077	1.18	98.8	0.0017
3.863	4.047	4.240	0.082	1.26	98.7	0.0014
4.240	4.443	4.655	0.088	1.34	98.7	0.0011
4.655	4.877	5.110	0.094	1.43	98.6	0.00092
5.110	5.354	5.610	0.10	1.52	98.5	0.00074
5.610	5.878	6.158	0.11	1.62	98.4	0.00060
6.158	6.452	6.760	0.12	1.73	98.3	0.00049
6.760	7.083	7.421	0.12	1.85	98.2	0.00040
7.421	7.775	8.147	0.13	1.97	98.0	0.00032
8.147	8.536	8.943	0.14	2.11	97.9	0.00026
8.943	9.370	9.817	0.15	2.25	97.8	0.00021
9.817	10.29	10.78	0.17	2.40	97.6	0.00017
10.78	11.29	11.83	0.18	2.57	97.4	0.00014
11.83	12.40	12.99	0.19	2.75	97.3	0.00011
12.99	13.61	14.26	0.21	2.94	97.1	0.000093
14.26	14.94	15.65	0.23	3.15	96.8	0.000076
15.65	16.40	17.18	0.25	3.38	96.6	0.000063
17.18	18.00	18.86	0.27	3.62	96.4	0.000051
18.86	19.76	20.70	0.29	3.89	96.1	0.000042
20.70	21.69	22.73	0.31	4.18	95.8	0.000034
22.73	23.81	24.95	0.34	4.49	95.5	0.000028
24.95	26.14	27.39	0.36	4.82	95.2	0.000023
27.39	28.70	30.07	0.39	5.18	94.8	0.000018
30.07	31.50	33.01	0.41	5.57	94.4	0.000015
33.01	34.58	36.24	0.44	5.98	94.0	0.000012
36.24	37.97	39.78	0.46	6.42	93.6	0.000010
39.78	41.68	43.67	0.49	6.88	93.1	0.000008
43.67	45.75	47.94	0.53	7.37	92.6	0.000006
47.94	50.22	52.62	0.56	7.90	92.1	0.000005
52.62	55.13	57.77	0.60	8.46	91.5	0.000004
57.77	60.52	63.41	0.65	9.07	90.9	0.000003
63.41	66.44	69.61	0.71	9.72	90.3	0.000003
69.61	72.94	76.42	0.78	10.4	89.6	0.000002
76.42	80.07	83.89	0.88	11.2	88.8	0.000002
83.89	87.90	92.09	1.03	12.1	87.9	0.000002
92.09	96.49	101.1	1.23	13.1	86.9	0.000002
101.1	105.9	111.0	1.52	14.3	85.7	0.000001
111.0	116.3	121.8	1.90	15.9	84.1	0.000001
121.8	127.6	133.7	2.38	17.8	82.2	0.000001
133.7	140.1	146.8	2.95	20.1	79.9	0.000001
146.8	153.8	161.2	3.61	23.1	76.9	0.000001
161.2	168.9	176.9	4.29	26.7	73.3	0.000001
176.9	185.4	194.2	4.96	31.0	69.0	0.000001
194.2	203.5	213.2	5.53	36.0	64.0	0.000001
213.2	223.4	234.1	5.94	41.5	58.5	0.000001
234.1	245.2	256.9	6.12	47.4	52.6	4.67E-7
256.9	269.2	282.1	6.02	53.5	46.5	3.47E-7
282.1	295.5	309.6	5.64	59.6	40.4	2.46E-7
309.6	324.4	339.9	5.03	65.2	34.8	1.66E-7
339.9	356.1	373.1	4.23	70.2	29.8	1.06E-7
373.1	390.9	409.6	3.35	74.5	25.5	6.31E-8
409.6	429.2	449.7	2.44	77.8	22.2	3.47E-8
449.7	471.1	493.6	1.57	80.2	19.8	1.69E-8
493.6	517.2	541.9	0.79	81.8	18.2	6.46E-9
541.9	567.7	594.9	0.28	82.6	17.4	1.71E-9
594.9	623.3	653.0	0.049	82.9	17.1	2.27E-10
653.0	684.2	716.8	0.0034	82.9	17.1	1.19E-11
716.8	751.1	786.9	0	82.9	17.1	0
786.9	824.5	863.9	0.0067	82.9	17.1	1.34E-11
863.9	905.1	948.3	0.073	82.9	17.1	1.11E-10
948.3	993.6	1041	0.35	83.0	17.0	4.06E-10
1041	1091	1143	0.84	83.4	16.6	7.31E-10
1143	1197	1255	1.43	84.2	15.8	9.39E-10
1255	1314	1377	1.92	85.6	14.4	9.53E-10
1377	1443	1512	2.37	87.6	12.4	8.88E-10
1512	1584	1660	2.86	89.9	10.1	8.12E-10
1660	1739	1822	3.31	92.8	7.21	7.1E-10
1822	1909	2000	3.89	96.1	3.89	6.31E-10
2000				100	0	

