LS	2022-02-23  16:57
File name:	IODP_1175_STV0012_53.$ls
File ID:	IODP_1175
Sample ID:	STV0012
Operator:	RG
Bar code:	
Comment 1:	
Comment 2:	
Instrument:	LS 230, VSM Plus
Run number:	53
Start time:	2022-02-23  16:56
Run length:	61
Optical model:	Fraunhofer.rfd   PIDS included
Obscuration:	10
PIDS Obscur:	40
Obscuration:	OK
Serial Number:	7205

From	0.0400
To	2000
Volume 	100
Mean:	87.36
Median:	60.08
D(0,0):	0.101
Mean/Median ratio:	1.454
Mode:	105.9
S.D.:	92.93
Variance:	8637
C.V.:	106.4
Skewness:	2.849
Kurtosis:	13.09
d10:	10.02
d50:	60.08
d90:	191.9
Specific Surf. Area:	5187

% <	Size 
10	10.0
25	25.7
50	60.1
75	121
90	192

% >	Size 
10	192
25	121
50	60.1
75	25.7
90	10.0

Size 	% <
1	1.38
10	9.98
100	68.1
1000	99.999

Size 	% >
1	98.6
10	90.0
100	31.9
1000	0.00071

Particle	IODP_1175	Volume	Volume
Diameter	_STV0012	% >	%
um	_53.$ls		
	Volume		
	% <		
0.4	0.58	99.4	0.13
0.488	0.72	99.3	0.28
0.69	1.00	99.0	0.36
0.98	1.36	98.6	0.45
1.38	1.81	98.2	0.59
1.95	2.39	97.6	0.79
2.76	3.18	96.8	1.08
3.91	4.26	95.7	1.50
5.52	5.76	94.2	2.15
7.81	7.91	92.1	3.06
11.05	11.0	89.0	4.38
15.63	15.4	84.6	6.24
22.1	21.6	78.4	8.39
31.3	30.0	70.0	9.98
44.2	40.0	60.0	11.4
62.5	51.4	48.6	12.2
88.4	63.6	36.4	12.7
125	76.3	23.7	11.6
177	87.8	12.2	7.48
250	95.3	4.67	2.86
354	98.2	1.81	0.85
500	99.0	0.96	0.75
707	99.8	0.21	0.21
1000	99.999	0.00071	0.00071
1414	100	0	0
2000	100	0	0
2828	100	0	0
4000	100	0	

Channel	Channel	Channel	Diff.	Cum. <	Cum. >	Diff.
Diameter	Diameter	Diameter	Volume	Volume	Volume	Number
(Lower)	(Center)	(Upper)	%	%	%	%
um	um	um				
0.040	0.042	0.044	0.00030	0	100	1.98
0.044	0.046	0.048	0.00040	0.00030	100	1.97
0.048	0.050	0.053	0.00064	0.00070	99.999	2.37
0.053	0.055	0.058	0.0013	0.0013	99.999	3.62
0.058	0.061	0.064	0.0027	0.0026	99.997	5.73
0.064	0.067	0.070	0.0050	0.0053	99.99	8.01
0.070	0.073	0.077	0.0076	0.010	99.99	9.18
0.077	0.080	0.084	0.0100	0.018	99.98	9.15
0.084	0.088	0.093	0.012	0.028	99.97	8.55
0.093	0.097	0.102	0.015	0.040	99.96	7.79
0.102	0.106	0.112	0.017	0.055	99.9	6.92
0.112	0.117	0.122	0.020	0.072	99.9	5.98
0.122	0.128	0.134	0.022	0.092	99.9	5.09
0.134	0.141	0.148	0.025	0.11	99.9	4.28
0.148	0.155	0.162	0.027	0.14	99.9	3.55
0.162	0.170	0.178	0.030	0.17	99.8	2.92
0.178	0.186	0.195	0.032	0.20	99.8	2.40
0.195	0.205	0.214	0.035	0.23	99.8	1.97
0.214	0.225	0.235	0.038	0.26	99.7	1.61
0.235	0.247	0.258	0.041	0.30	99.7	1.32
0.258	0.271	0.284	0.045	0.34	99.7	1.08
0.284	0.297	0.311	0.048	0.39	99.6	0.88
0.311	0.326	0.342	0.051	0.44	99.6	0.71
0.342	0.358	0.375	0.055	0.49	99.5	0.57
0.375	0.393	0.412	0.058	0.54	99.5	0.46
0.412	0.431	0.452	0.062	0.60	99.4	0.37
0.452	0.474	0.496	0.066	0.66	99.3	0.30
0.496	0.520	0.545	0.070	0.73	99.3	0.24
0.545	0.571	0.598	0.075	0.80	99.2	0.19
0.598	0.627	0.656	0.080	0.87	99.1	0.15
0.656	0.688	0.721	0.085	0.95	99.0	0.12
0.721	0.755	0.791	0.090	1.04	99.0	0.10
0.791	0.829	0.868	0.096	1.13	98.9	0.081
0.868	0.910	0.953	0.10	1.22	98.8	0.065
0.953	0.999	1.047	0.11	1.33	98.7	0.052
1.047	1.097	1.149	0.12	1.44	98.6	0.042
1.149	1.204	1.261	0.12	1.55	98.4	0.034
1.261	1.321	1.385	0.13	1.68	98.3	0.028
1.385	1.451	1.520	0.14	1.81	98.2	0.022
1.520	1.592	1.668	0.15	1.95	98.0	0.018
1.668	1.748	1.832	0.17	2.11	97.9	0.015
1.832	1.919	2.011	0.18	2.27	97.7	0.012
2.011	2.107	2.207	0.19	2.45	97.5	0.0099
2.207	2.313	2.423	0.21	2.65	97.4	0.0081
2.423	2.539	2.660	0.23	2.85	97.1	0.0066
2.660	2.787	2.920	0.25	3.08	96.9	0.0055
2.920	3.059	3.205	0.27	3.33	96.7	0.0045
3.205	3.358	3.519	0.29	3.60	96.4	0.0037
3.519	3.687	3.863	0.32	3.89	96.1	0.0031
3.863	4.047	4.240	0.35	4.21	95.8	0.0025
4.240	4.443	4.655	0.39	4.57	95.4	0.0021
4.655	4.877	5.110	0.43	4.95	95.0	0.0018
5.110	5.354	5.610	0.47	5.38	94.6	0.0015
5.610	5.878	6.158	0.51	5.85	94.2	0.0012
6.158	6.452	6.760	0.57	6.36	93.6	0.0010
6.760	7.083	7.421	0.62	6.93	93.1	0.00084
7.421	7.775	8.147	0.68	7.55	92.5	0.00070
8.147	8.536	8.943	0.75	8.23	91.8	0.00058
8.943	9.370	9.817	0.82	8.98	91.0	0.00048
9.817	10.29	10.78	0.91	9.81	90.2	0.00040
10.78	11.29	11.83	1.00	10.7	89.3	0.00033
11.83	12.40	12.99	1.10	11.7	88.3	0.00028
12.99	13.61	14.26	1.22	12.8	87.2	0.00023
14.26	14.94	15.65	1.34	14.0	86.0	0.00019
15.65	16.40	17.18	1.48	15.4	84.6	0.00016
17.18	18.00	18.86	1.63	16.9	83.1	0.00013
18.86	19.76	20.70	1.78	18.5	81.5	0.00011
20.70	21.69	22.73	1.94	20.3	79.7	0.000091
22.73	23.81	24.95	2.10	22.2	77.8	0.000074
24.95	26.14	27.39	2.25	24.3	75.7	0.000060
27.39	28.70	30.07	2.39	26.5	73.5	0.000048
30.07	31.50	33.01	2.51	28.9	71.1	0.000038
33.01	34.58	36.24	2.62	31.4	68.6	0.000030
36.24	37.97	39.78	2.72	34.1	65.9	0.000024
39.78	41.68	43.67	2.82	36.8	63.2	0.000019
43.67	45.75	47.94	2.93	39.6	60.4	0.000015
47.94	50.22	52.62	3.03	42.5	57.5	0.000011
52.62	55.13	57.77	3.13	45.6	54.4	0.000009
57.77	60.52	63.41	3.20	48.7	51.3	0.000007
63.41	66.44	69.61	3.25	51.9	48.1	0.000005
69.61	72.94	76.42	3.29	55.1	44.9	0.000004
76.42	80.07	83.89	3.33	58.4	41.6	0.000003
83.89	87.90	92.09	3.37	61.8	38.2	0.000002
92.09	96.49	101.1	3.40	65.1	34.9	0.000002
101.1	105.9	111.0	3.43	68.5	31.5	0.000001
111.0	116.3	121.8	3.42	72.0	28.0	0.000001
121.8	127.6	133.7	3.36	75.4	24.6	0.000001
133.7	140.1	146.8	3.24	78.7	21.3	0.000001
146.8	153.8	161.2	3.05	82.0	18.0	4.01E-7
161.2	168.9	176.9	2.80	85.0	15.0	2.78E-7
176.9	185.4	194.2	2.50	87.8	12.2	1.88E-7
194.2	203.5	213.2	2.17	90.3	9.67	1.23E-7
213.2	223.4	234.1	1.82	92.5	7.50	7.8E-8
234.1	245.2	256.9	1.45	94.3	5.68	4.7E-8
256.9	269.2	282.1	1.08	95.8	4.24	2.65E-8
282.1	295.5	309.6	0.74	96.8	3.16	1.38E-8
309.6	324.4	339.9	0.47	97.6	2.42	6.65E-9
339.9	356.1	373.1	0.30	98.1	1.94	3.2E-9
373.1	390.9	409.6	0.22	98.4	1.64	1.77E-9
409.6	429.2	449.7	0.21	98.6	1.42	1.25E-9
449.7	471.1	493.6	0.22	98.8	1.21	1.02E-9
493.6	517.2	541.9	0.23	99.0	0.99	8.13E-10
541.9	567.7	594.9	0.22	99.2	0.76	5.85E-10
594.9	623.3	653.0	0.19	99.5	0.53	3.75E-10
653.0	684.2	716.8	0.16	99.7	0.34	2.38E-10
716.8	751.1	786.9	0.11	99.8	0.18	1.24E-10
786.9	824.5	863.9	0.058	99.9	0.074	4.98E-11
863.9	905.1	948.3	0.014	99.98	0.016	9.05E-12
948.3	993.6	1041	0.0016	99.998	0.0016	7.84E-13
1041	1091	1143	0	100	0	0
1143	1197	1255	0	100	0	0
1255	1314	1377	0	100	0	0
1377	1443	1512	0	100	0	0
1512	1584	1660	0	100	0	0
1660	1739	1822	0	100	0	0
1822	1909	2000	0	100	0	0
2000				100	0	

