LS	2022-02-23  15:53
File name:	IODP_1175_STV0011_38.$ls
File ID:	IODP_1175
Sample ID:	STV0011
Operator:	RG
Bar code:	
Comment 1:	
Comment 2:	
Instrument:	LS 230, VSM Plus
Run number:	38
Start time:	2022-02-23  15:52
Run length:	61
Optical model:	Fraunhofer.rfd   PIDS included
Obscuration:	10
PIDS Obscur:	41
Obscuration:	OK
Serial Number:	7205

From	0.0400
To	2000
Volume 	100
Mean:	45.97
Median:	33.30
D(0,0):	0.104
Mean/Median ratio:	1.380
Mode:	45.75
S.D.:	47.06
Variance:	2215
C.V.:	102.4
Skewness:	2.430
Kurtosis:	7.493
d10:	6.004
d50:	33.30
d90:	94.41
Specific Surf. Area:	7470

% <	Size 
10	6.00
25	15.9
50	33.3
75	58.8
90	94.4

% >	Size 
10	94.4
25	58.8
50	33.3
75	15.9
90	6.00

Size 	% <
1	2.05
10	16.0
100	91.1
1000	100

Size 	% >
1	98.0
10	84.0
100	8.92
1000	0

Particle	IODP_1175	Volume	Volume
Diameter	_STV0011	% >	%
um	_38.$ls		
	Volume		
	% <		
0.4	0.79	99.2	0.20
0.488	0.99	99.0	0.44
0.69	1.43	98.6	0.58
0.98	2.01	98.0	0.74
1.38	2.75	97.3	0.98
1.95	3.73	96.3	1.31
2.76	5.04	95.0	1.78
3.91	6.82	93.2	2.45
5.52	9.27	90.7	3.46
7.81	12.7	87.3	4.88
11.05	17.6	82.4	6.93
15.63	24.5	75.5	9.80
22.1	34.3	65.7	13.0
31.3	47.4	52.6	15.1
44.2	62.4	37.6	15.1
62.5	77.5	22.5	11.0
88.4	88.6	11.4	5.43
125	94.0	6.00	2.70
177	96.7	3.30	2.42
250	99.1	0.88	0.87
354	99.99	0.0089	0.0089
500	100	0	0
707	100	0	0
1000	100	0	0
1414	100	0	0
2000	100	0	0
2828	100	0	0
4000	100	0	

Channel	Channel	Channel	Diff.	Cum. <	Cum. >	Diff.
Diameter	Diameter	Diameter	Volume	Volume	Volume	Number
(Lower)	(Center)	(Upper)	%	%	%	%
um	um	um				
0.040	0.042	0.044	0.00036	0	100	1.88
0.044	0.046	0.048	0.00048	0.00036	100	1.88
0.048	0.050	0.053	0.00077	0.00084	99.999	2.28
0.053	0.055	0.058	0.0016	0.0016	99.998	3.48
0.058	0.061	0.064	0.0033	0.0032	99.997	5.50
0.064	0.067	0.070	0.0060	0.0064	99.99	7.69
0.070	0.073	0.077	0.0092	0.012	99.99	8.87
0.077	0.080	0.084	0.012	0.022	99.98	8.91
0.084	0.088	0.093	0.015	0.034	99.97	8.38
0.093	0.097	0.102	0.018	0.049	99.95	7.69
0.102	0.106	0.112	0.022	0.067	99.9	6.89
0.112	0.117	0.122	0.025	0.089	99.9	6.00
0.122	0.128	0.134	0.029	0.11	99.9	5.15
0.134	0.141	0.148	0.032	0.14	99.9	4.36
0.148	0.155	0.162	0.035	0.18	99.8	3.65
0.162	0.170	0.178	0.039	0.21	99.8	3.04
0.178	0.186	0.195	0.043	0.25	99.8	2.52
0.195	0.205	0.214	0.047	0.29	99.7	2.10
0.214	0.225	0.235	0.052	0.34	99.7	1.74
0.235	0.247	0.258	0.057	0.39	99.6	1.44
0.258	0.271	0.284	0.062	0.45	99.6	1.19
0.284	0.297	0.311	0.068	0.51	99.5	0.98
0.311	0.326	0.342	0.074	0.58	99.4	0.81
0.342	0.358	0.375	0.080	0.65	99.3	0.66
0.375	0.393	0.412	0.086	0.73	99.3	0.54
0.412	0.431	0.452	0.093	0.82	99.2	0.44
0.452	0.474	0.496	0.100	0.91	99.1	0.36
0.496	0.520	0.545	0.11	1.01	99.0	0.29
0.545	0.571	0.598	0.12	1.12	98.9	0.24
0.598	0.627	0.656	0.12	1.23	98.8	0.19
0.656	0.688	0.721	0.13	1.36	98.6	0.16
0.721	0.755	0.791	0.14	1.49	98.5	0.13
0.791	0.829	0.868	0.15	1.64	98.4	0.10
0.868	0.910	0.953	0.17	1.79	98.2	0.084
0.953	0.999	1.047	0.18	1.96	98.0	0.068
1.047	1.097	1.149	0.19	2.14	97.9	0.055
1.149	1.204	1.261	0.21	2.33	97.7	0.045
1.261	1.321	1.385	0.22	2.53	97.5	0.037
1.385	1.451	1.520	0.24	2.76	97.2	0.030
1.520	1.592	1.668	0.26	3.00	97.0	0.024
1.668	1.748	1.832	0.28	3.25	96.7	0.020
1.832	1.919	2.011	0.30	3.53	96.5	0.016
2.011	2.107	2.207	0.32	3.83	96.2	0.013
2.207	2.313	2.423	0.35	4.15	95.8	0.011
2.423	2.539	2.660	0.38	4.50	95.5	0.0088
2.660	2.787	2.920	0.41	4.88	95.1	0.0072
2.920	3.059	3.205	0.44	5.29	94.7	0.0059
3.205	3.358	3.519	0.48	5.74	94.3	0.0049
3.519	3.687	3.863	0.53	6.22	93.8	0.0040
3.863	4.047	4.240	0.58	6.75	93.3	0.0033
4.240	4.443	4.655	0.63	7.32	92.7	0.0027
4.655	4.877	5.110	0.69	7.95	92.0	0.0023
5.110	5.354	5.610	0.76	8.65	91.4	0.0019
5.610	5.878	6.158	0.83	9.40	90.6	0.0016
6.158	6.452	6.760	0.91	10.2	89.8	0.0013
6.760	7.083	7.421	1.00	11.1	88.9	0.0011
7.421	7.775	8.147	1.09	12.1	87.9	0.00089
8.147	8.536	8.943	1.20	13.2	86.8	0.00073
8.943	9.370	9.817	1.32	14.4	85.6	0.00061
9.817	10.29	10.78	1.44	15.8	84.2	0.00051
10.78	11.29	11.83	1.59	17.2	82.8	0.00042
11.83	12.40	12.99	1.75	18.8	81.2	0.00035
12.99	13.61	14.26	1.92	20.5	79.5	0.00029
14.26	14.94	15.65	2.12	22.5	77.5	0.00024
15.65	16.40	17.18	2.33	24.6	75.4	0.00020
17.18	18.00	18.86	2.55	26.9	73.1	0.00017
18.86	19.76	20.70	2.79	29.5	70.5	0.00014
20.70	21.69	22.73	3.04	32.2	67.8	0.00011
22.73	23.81	24.95	3.28	35.3	64.7	0.000092
24.95	26.14	27.39	3.50	38.6	61.4	0.000075
27.39	28.70	30.07	3.70	42.1	57.9	0.000060
30.07	31.50	33.01	3.87	45.8	54.2	0.000047
33.01	34.58	36.24	4.01	49.6	50.4	0.000037
36.24	37.97	39.78	4.11	53.6	46.4	0.000029
39.78	41.68	43.67	4.18	57.7	42.3	0.000022
43.67	45.75	47.94	4.20	61.9	38.1	0.000017
47.94	50.22	52.62	4.16	66.1	33.9	0.000013
52.62	55.13	57.77	4.04	70.3	29.7	0.000009
57.77	60.52	63.41	3.82	74.3	25.7	0.000007
63.41	66.44	69.61	3.50	78.2	21.8	0.000005
69.61	72.94	76.42	3.09	81.6	18.4	0.000003
76.42	80.07	83.89	2.64	84.7	15.3	0.000002
83.89	87.90	92.09	2.17	87.4	12.6	0.000001
92.09	96.49	101.1	1.75	89.5	10.5	0.000001
101.1	105.9	111.0	1.38	91.3	8.70	4.42E-7
111.0	116.3	121.8	1.09	92.7	7.32	2.64E-7
121.8	127.6	133.7	0.87	93.8	6.23	1.6E-7
133.7	140.1	146.8	0.74	94.6	5.36	1.02E-7
146.8	153.8	161.2	0.66	95.4	4.62	6.96E-8
161.2	168.9	176.9	0.65	96.0	3.96	5.15E-8
176.9	185.4	194.2	0.67	96.7	3.31	4.03E-8
194.2	203.5	213.2	0.69	97.4	2.63	3.13E-8
213.2	223.4	234.1	0.67	98.1	1.94	2.27E-8
234.1	245.2	256.9	0.57	98.7	1.28	1.46E-8
256.9	269.2	282.1	0.40	99.3	0.71	7.86E-9
282.1	295.5	309.6	0.22	99.7	0.31	3.18E-9
309.6	324.4	339.9	0.077	99.9	0.092	8.62E-10
339.9	356.1	373.1	0.014	99.99	0.015	1.17E-10
373.1	390.9	409.6	0.00097	99.999	0.00097	6.15E-12
409.6	429.2	449.7	0	100	0	0
449.7	471.1	493.6	0	100	0	0
493.6	517.2	541.9	0	100	0	0
541.9	567.7	594.9	0	100	0	0
594.9	623.3	653.0	0	100	0	0
653.0	684.2	716.8	0	100	0	0
716.8	751.1	786.9	0	100	0	0
786.9	824.5	863.9	0	100	0	0
863.9	905.1	948.3	0	100	0	0
948.3	993.6	1041	0	100	0	0
1041	1091	1143	0	100	0	0
1143	1197	1255	0	100	0	0
1255	1314	1377	0	100	0	0
1377	1443	1512	0	100	0	0
1512	1584	1660	0	100	0	0
1660	1739	1822	0	100	0	0
1822	1909	2000	0	100	0	0
2000				100	0	

