LS	2022-02-23  15:41
File name:	IODP_1175_STV0010_34.$ls
File ID:	IODP_1175
Sample ID:	STV0010
Operator:	RG
Bar code:	
Comment 1:	
Comment 2:	
Instrument:	LS 230, VSM Plus
Run number:	34
Start time:	2022-02-23  15:40
Run length:	61
Optical model:	Fraunhofer.rfd   PIDS included
Obscuration:	10
PIDS Obscur:	46
Obscuration:	OK
Serial Number:	7205

From	0.0400
To	2000
Volume 	100
Mean:	49.64
Median:	32.45
D(0,0):	0.103
Mean/Median ratio:	1.530
Mode:	45.75
S.D.:	53.97
Variance:	2913
C.V.:	108.7
Skewness:	2.000
Kurtosis:	4.092
d10:	4.581
d50:	32.45
d90:	118.8
Specific Surf. Area:	9041

% <	Size 
10	4.58
25	13.7
50	32.4
75	62.8
90	119

% >	Size 
10	119
25	62.8
50	32.4
75	13.7
90	4.58

Size 	% <
1	2.62
10	19.3
100	87.3
1000	100

Size 	% >
1	97.4
10	80.7
100	12.7
1000	0

Particle	IODP_1175	Volume	Volume
Diameter	_STV0010	% >	%
um	_34.$ls		
	Volume		
	% <		
0.4	1.05	99.0	0.26
0.488	1.30	98.7	0.55
0.69	1.85	98.1	0.72
0.98	2.58	97.4	0.93
1.38	3.51	96.5	1.26
1.95	4.76	95.2	1.69
2.76	6.46	93.5	2.27
3.91	8.73	91.3	2.99
5.52	11.7	88.3	3.97
7.81	15.7	84.3	5.22
11.05	20.9	79.1	6.91
15.63	27.8	72.2	9.18
22.1	37.0	63.0	11.7
31.3	48.7	51.3	13.1
44.2	61.8	38.2	13.1
62.5	74.8	25.2	10.0
88.4	84.8	15.2	5.82
125	90.7	9.35	4.12
177	94.8	5.23	4.29
250	99.1	0.94	0.94
354	99.999	0.0014	0.0014
500	100	0	0
707	100	0	0
1000	100	0	0
1414	100	0	0
2000	100	0	0
2828	100	0	0
4000	100	0	

Channel	Channel	Channel	Diff.	Cum. <	Cum. >	Diff.
Diameter	Diameter	Diameter	Volume	Volume	Volume	Number
(Lower)	(Center)	(Upper)	%	%	%	%
um	um	um				
0.040	0.042	0.044	0.00051	0	100	1.95
0.044	0.046	0.048	0.00067	0.00051	99.999	1.92
0.048	0.050	0.053	0.0011	0.0012	99.999	2.29
0.053	0.055	0.058	0.0021	0.0022	99.998	3.47
0.058	0.061	0.064	0.0044	0.0044	99.996	5.48
0.064	0.067	0.070	0.0083	0.0088	99.99	7.73
0.070	0.073	0.077	0.013	0.017	99.98	8.98
0.077	0.080	0.084	0.017	0.030	99.97	9.04
0.084	0.088	0.093	0.021	0.047	99.95	8.49
0.093	0.097	0.102	0.025	0.068	99.9	7.77
0.102	0.106	0.112	0.030	0.093	99.9	6.95
0.112	0.117	0.122	0.035	0.12	99.9	6.03
0.122	0.128	0.134	0.039	0.16	99.8	5.15
0.134	0.141	0.148	0.044	0.20	99.8	4.35
0.148	0.155	0.162	0.048	0.24	99.8	3.63
0.162	0.170	0.178	0.053	0.29	99.7	3.00
0.178	0.186	0.195	0.058	0.34	99.7	2.48
0.195	0.205	0.214	0.063	0.40	99.6	2.05
0.214	0.225	0.235	0.069	0.46	99.5	1.69
0.235	0.247	0.258	0.075	0.53	99.5	1.39
0.258	0.271	0.284	0.081	0.61	99.4	1.15
0.284	0.297	0.311	0.088	0.69	99.3	0.94
0.311	0.326	0.342	0.095	0.77	99.2	0.77
0.342	0.358	0.375	0.10	0.87	99.1	0.62
0.375	0.393	0.412	0.11	0.97	99.0	0.51
0.412	0.431	0.452	0.12	1.08	98.9	0.41
0.452	0.474	0.496	0.13	1.20	98.8	0.33
0.496	0.520	0.545	0.14	1.33	98.7	0.27
0.545	0.571	0.598	0.15	1.46	98.5	0.22
0.598	0.627	0.656	0.16	1.61	98.4	0.18
0.656	0.688	0.721	0.17	1.76	98.2	0.14
0.721	0.755	0.791	0.18	1.93	98.1	0.12
0.791	0.829	0.868	0.19	2.11	97.9	0.094
0.868	0.910	0.953	0.21	2.30	97.7	0.077
0.953	0.999	1.047	0.22	2.51	97.5	0.062
1.047	1.097	1.149	0.24	2.73	97.3	0.051
1.149	1.204	1.261	0.26	2.98	97.0	0.042
1.261	1.321	1.385	0.28	3.24	96.8	0.034
1.385	1.451	1.520	0.30	3.52	96.5	0.028
1.520	1.592	1.668	0.33	3.82	96.2	0.023
1.668	1.748	1.832	0.36	4.15	95.8	0.019
1.832	1.919	2.011	0.39	4.51	95.5	0.015
2.011	2.107	2.207	0.42	4.89	95.1	0.012
2.207	2.313	2.423	0.45	5.31	94.7	0.010
2.423	2.539	2.660	0.49	5.77	94.2	0.0083
2.660	2.787	2.920	0.53	6.25	93.7	0.0068
2.920	3.059	3.205	0.57	6.78	93.2	0.0056
3.205	3.358	3.519	0.62	7.35	92.6	0.0045
3.519	3.687	3.863	0.67	7.97	92.0	0.0037
3.863	4.047	4.240	0.72	8.64	91.4	0.0030
4.240	4.443	4.655	0.78	9.36	90.6	0.0025
4.655	4.877	5.110	0.84	10.1	89.9	0.0020
5.110	5.354	5.610	0.90	11.0	89.0	0.0016
5.610	5.878	6.158	0.98	11.9	88.1	0.0013
6.158	6.452	6.760	1.05	12.9	87.1	0.0011
6.760	7.083	7.421	1.13	13.9	86.1	0.00089
7.421	7.775	8.147	1.22	15.0	85.0	0.00072
8.147	8.536	8.943	1.31	16.3	83.7	0.00059
8.943	9.370	9.817	1.41	17.6	82.4	0.00048
9.817	10.29	10.78	1.52	19.0	81.0	0.00039
10.78	11.29	11.83	1.63	20.5	79.5	0.00032
11.83	12.40	12.99	1.76	22.1	77.9	0.00026
12.99	13.61	14.26	1.91	23.9	76.1	0.00021
14.26	14.94	15.65	2.06	25.8	74.2	0.00017
15.65	16.40	17.18	2.23	27.8	72.2	0.00014
17.18	18.00	18.86	2.41	30.1	69.9	0.00012
18.86	19.76	20.70	2.59	32.5	67.5	0.000094
20.70	21.69	22.73	2.78	35.1	64.9	0.000076
22.73	23.81	24.95	2.97	37.9	62.1	0.000061
24.95	26.14	27.39	3.14	40.8	59.2	0.000049
27.39	28.70	30.07	3.28	44.0	56.0	0.000039
30.07	31.50	33.01	3.40	47.2	52.8	0.000030
33.01	34.58	36.24	3.49	50.6	49.4	0.000024
36.24	37.97	39.78	3.56	54.1	45.9	0.000018
39.78	41.68	43.67	3.61	57.7	42.3	0.000014
43.67	45.75	47.94	3.62	61.3	38.7	0.000011
47.94	50.22	52.62	3.60	64.9	35.1	0.000008
52.62	55.13	57.77	3.50	68.5	31.5	0.000006
57.77	60.52	63.41	3.34	72.0	28.0	0.000004
63.41	66.44	69.61	3.09	75.4	24.6	0.000003
69.61	72.94	76.42	2.78	78.5	21.5	0.000002
76.42	80.07	83.89	2.44	81.2	18.8	0.000001
83.89	87.90	92.09	2.10	83.7	16.3	0.000001
92.09	96.49	101.1	1.79	85.8	14.2	0.000001
101.1	105.9	111.0	1.51	87.6	12.4	3.54E-7
111.0	116.3	121.8	1.28	89.1	10.9	2.27E-7
121.8	127.6	133.7	1.12	90.4	9.65	1.5E-7
133.7	140.1	146.8	1.05	91.5	8.53	1.06E-7
146.8	153.8	161.2	1.07	92.5	7.48	8.23E-8
161.2	168.9	176.9	1.17	93.6	6.40	6.79E-8
176.9	185.4	194.2	1.27	94.8	5.23	5.58E-8
194.2	203.5	213.2	1.29	96.0	3.96	4.26E-8
213.2	223.4	234.1	1.14	97.3	2.67	2.86E-8
234.1	245.2	256.9	0.85	98.5	1.53	1.6E-8
256.9	269.2	282.1	0.47	99.3	0.68	6.71E-9
282.1	295.5	309.6	0.18	99.8	0.21	1.9E-9
309.6	324.4	339.9	0.033	99.96	0.035	2.68E-10
339.9	356.1	373.1	0.0024	99.998	0.0024	1.51E-11
373.1	390.9	409.6	0	100	0	0
409.6	429.2	449.7	0	100	0	0
449.7	471.1	493.6	0	100	0	0
493.6	517.2	541.9	0	100	0	0
541.9	567.7	594.9	0	100	0	0
594.9	623.3	653.0	0	100	0	0
653.0	684.2	716.8	0	100	0	0
716.8	751.1	786.9	0	100	0	0
786.9	824.5	863.9	0	100	0	0
863.9	905.1	948.3	0	100	0	0
948.3	993.6	1041	0	100	0	0
1041	1091	1143	0	100	0	0
1143	1197	1255	0	100	0	0
1255	1314	1377	0	100	0	0
1377	1443	1512	0	100	0	0
1512	1584	1660	0	100	0	0
1660	1739	1822	0	100	0	0
1822	1909	2000	0	100	0	0
2000				100	0	

