LS	2022-02-23  11:28
File name:	low_pump_MZPB1_04.$ls
File ID:	low_pump
Sample ID:	MZPB1
Operator:	RG
Bar code:	
Comment 1:	
Comment 2:	
Instrument:	LS 230, VSM Plus
Run number:	4
Start time:	2022-02-23  11:27
Run length:	62
Optical model:	Fraunhofer.rfd   PIDS included
Obscuration:	10
PIDS Obscur:	42
Obscuration:	OK
Serial Number:	7205

From	0.0400
To	2000
Volume 	100
Mean:	68.15
Median:	33.84
D(0,0):	0.106
Mean/Median ratio:	2.014
Mode:	34.58
S.D.:	93.93
Variance:	8823
C.V.:	137.8
Skewness:	2.701
Kurtosis:	8.368
d10:	5.138
d50:	33.84
d90:	183.7
Specific Surf. Area:	7856

% <	Size 
10	5.14
25	14.5
50	33.8
75	74.8
90	184

% >	Size 
10	184
25	74.8
50	33.8
75	14.5
90	5.14

Size 	% <
1	2.24
10	18.0
100	81.1
1000	100

Size 	% >
1	97.8
10	82.0
100	18.9
1000	0

Particle	low_pump	Volume	Volume
Diameter	_MZPB1_04	% >	%
um	.$ls		
	Volume		
	% <		
0.4	0.81	99.2	0.22
0.488	1.03	99.0	0.49
0.69	1.52	98.5	0.67
0.98	2.20	97.8	0.88
1.38	3.07	96.9	1.17
1.95	4.25	95.8	1.55
2.76	5.80	94.2	2.07
3.91	7.88	92.1	2.78
5.52	10.7	89.3	3.82
7.81	14.5	85.5	5.20
11.05	19.7	80.3	7.06
15.63	26.7	73.3	9.30
22.1	36.0	64.0	11.3
31.3	47.3	52.7	11.7
44.2	59.1	40.9	11.1
62.5	70.1	29.9	8.58
88.4	78.7	21.3	5.90
125	84.6	15.4	4.89
177	89.5	10.5	4.45
250	94.0	6.03	3.35
354	97.3	2.69	1.96
500	99.3	0.73	0.72
707	99.99	0.0064	0.0064
1000	100	0	0
1414	100	0	0
2000	100	0	0
2828	100	0	0
4000	100	0	

Channel	Channel	Channel	Diff.	Cum. <	Cum. >	Diff.
Diameter	Diameter	Diameter	Volume	Volume	Volume	Number
(Lower)	(Center)	(Upper)	%	%	%	%
um	um	um				
0.040	0.042	0.044	0.00035	0	100	1.83
0.044	0.046	0.048	0.00046	0.00035	100	1.83
0.048	0.050	0.053	0.00074	0.00081	99.999	2.22
0.053	0.055	0.058	0.0015	0.0015	99.998	3.39
0.058	0.061	0.064	0.0031	0.0030	99.997	5.35
0.064	0.067	0.070	0.0058	0.0061	99.99	7.50
0.070	0.073	0.077	0.0088	0.012	99.99	8.67
0.077	0.080	0.084	0.012	0.021	99.98	8.75
0.084	0.088	0.093	0.015	0.033	99.97	8.26
0.093	0.097	0.102	0.018	0.047	99.95	7.62
0.102	0.106	0.112	0.021	0.065	99.9	6.86
0.112	0.117	0.122	0.025	0.087	99.9	6.01
0.122	0.128	0.134	0.028	0.11	99.9	5.17
0.134	0.141	0.148	0.032	0.14	99.9	4.40
0.148	0.155	0.162	0.035	0.17	99.8	3.71
0.162	0.170	0.178	0.039	0.21	99.8	3.11
0.178	0.186	0.195	0.043	0.25	99.8	2.60
0.195	0.205	0.214	0.048	0.29	99.7	2.17
0.214	0.225	0.235	0.053	0.34	99.7	1.82
0.235	0.247	0.258	0.059	0.39	99.6	1.52
0.258	0.271	0.284	0.065	0.45	99.6	1.27
0.284	0.297	0.311	0.071	0.51	99.5	1.05
0.311	0.326	0.342	0.078	0.59	99.4	0.87
0.342	0.358	0.375	0.085	0.66	99.3	0.72
0.375	0.393	0.412	0.093	0.75	99.3	0.59
0.412	0.431	0.452	0.10	0.84	99.2	0.49
0.452	0.474	0.496	0.11	0.94	99.1	0.40
0.496	0.520	0.545	0.12	1.05	98.9	0.33
0.545	0.571	0.598	0.13	1.17	98.8	0.27
0.598	0.627	0.656	0.14	1.30	98.7	0.22
0.656	0.688	0.721	0.15	1.44	98.6	0.18
0.721	0.755	0.791	0.17	1.60	98.4	0.15
0.791	0.829	0.868	0.18	1.76	98.2	0.12
0.868	0.910	0.953	0.19	1.94	98.1	0.100
0.953	0.999	1.047	0.21	2.14	97.9	0.082
1.047	1.097	1.149	0.23	2.35	97.7	0.067
1.149	1.204	1.261	0.25	2.57	97.4	0.055
1.261	1.321	1.385	0.27	2.82	97.2	0.045
1.385	1.451	1.520	0.29	3.08	96.9	0.036
1.520	1.592	1.668	0.31	3.37	96.6	0.030
1.668	1.748	1.832	0.33	3.68	96.3	0.024
1.832	1.919	2.011	0.36	4.01	96.0	0.020
2.011	2.107	2.207	0.39	4.37	95.6	0.016
2.207	2.313	2.423	0.42	4.76	95.2	0.013
2.423	2.539	2.660	0.45	5.17	94.8	0.011
2.660	2.787	2.920	0.48	5.62	94.4	0.0086
2.920	3.059	3.205	0.52	6.10	93.9	0.0070
3.205	3.358	3.519	0.56	6.62	93.4	0.0058
3.519	3.687	3.863	0.61	7.18	92.8	0.0047
3.863	4.047	4.240	0.66	7.79	92.2	0.0039
4.240	4.443	4.655	0.72	8.45	91.5	0.0032
4.655	4.877	5.110	0.78	9.17	90.8	0.0026
5.110	5.354	5.610	0.85	9.95	90.0	0.0021
5.610	5.878	6.158	0.93	10.8	89.2	0.0018
6.158	6.452	6.760	1.01	11.7	88.3	0.0015
6.760	7.083	7.421	1.09	12.7	87.3	0.0012
7.421	7.775	8.147	1.19	13.8	86.2	0.00098
8.147	8.536	8.943	1.29	15.0	85.0	0.00080
8.943	9.370	9.817	1.40	16.3	83.7	0.00066
9.817	10.29	10.78	1.52	17.7	82.3	0.00054
10.78	11.29	11.83	1.66	19.2	80.8	0.00045
11.83	12.40	12.99	1.80	20.9	79.1	0.00037
12.99	13.61	14.26	1.95	22.7	77.3	0.00030
14.26	14.94	15.65	2.11	24.6	75.4	0.00025
15.65	16.40	17.18	2.28	26.8	73.2	0.00020
17.18	18.00	18.86	2.45	29.0	71.0	0.00016
18.86	19.76	20.70	2.62	31.5	68.5	0.00013
20.70	21.69	22.73	2.78	34.1	65.9	0.00011
22.73	23.81	24.95	2.93	36.9	63.1	0.000084
24.95	26.14	27.39	3.05	39.8	60.2	0.000066
27.39	28.70	30.07	3.13	42.9	57.1	0.000051
30.07	31.50	33.01	3.17	46.0	54.0	0.000039
33.01	34.58	36.24	3.18	49.2	50.8	0.000030
36.24	37.97	39.78	3.17	52.4	47.6	0.000022
39.78	41.68	43.67	3.15	55.5	44.5	0.000017
43.67	45.75	47.94	3.11	58.7	41.3	0.000013
47.94	50.22	52.62	3.05	61.8	38.2	0.000009
52.62	55.13	57.77	2.95	64.8	35.2	0.000007
57.77	60.52	63.41	2.80	67.8	32.2	0.000005
63.41	66.44	69.61	2.60	70.6	29.4	0.000003
69.61	72.94	76.42	2.37	73.2	26.8	0.000002
76.42	80.07	83.89	2.12	75.6	24.4	0.000002
83.89	87.90	92.09	1.89	77.7	22.3	0.000001
92.09	96.49	101.1	1.69	79.6	20.4	0.000001
101.1	105.9	111.0	1.55	81.3	18.7	0.000001
111.0	116.3	121.8	1.44	82.8	17.2	3.56E-7
121.8	127.6	133.7	1.37	84.3	15.7	2.56E-7
133.7	140.1	146.8	1.33	85.6	14.4	1.87E-7
146.8	153.8	161.2	1.29	87.0	13.0	1.37E-7
161.2	168.9	176.9	1.27	88.2	11.8	1.02E-7
176.9	185.4	194.2	1.25	89.5	10.5	7.57E-8
194.2	203.5	213.2	1.23	90.8	9.24	5.63E-8
213.2	223.4	234.1	1.19	92.0	8.02	4.15E-8
234.1	245.2	256.9	1.13	93.2	6.82	2.98E-8
256.9	269.2	282.1	1.04	94.3	5.69	2.06E-8
282.1	295.5	309.6	0.91	95.3	4.65	1.37E-8
309.6	324.4	339.9	0.78	96.3	3.74	8.81E-9
339.9	356.1	373.1	0.66	97.0	2.96	5.63E-9
373.1	390.9	409.6	0.57	97.7	2.31	3.68E-9
409.6	429.2	449.7	0.51	98.3	1.74	2.48E-9
449.7	471.1	493.6	0.45	98.8	1.23	1.68E-9
493.6	517.2	541.9	0.38	99.2	0.78	1.07E-9
541.9	567.7	594.9	0.25	99.6	0.40	5.35E-10
594.9	623.3	653.0	0.12	99.9	0.14	1.87E-10
653.0	684.2	716.8	0.026	99.97	0.028	3.1E-11
716.8	751.1	786.9	0.0024	99.998	0.0024	2.21E-12
786.9	824.5	863.9	0	100	0	0
863.9	905.1	948.3	0	100	0	0
948.3	993.6	1041	0	100	0	0
1041	1091	1143	0	100	0	0
1143	1197	1255	0	100	0	0
1255	1314	1377	0	100	0	0
1377	1443	1512	0	100	0	0
1512	1584	1660	0	100	0	0
1660	1739	1822	0	100	0	0
1822	1909	2000	0	100	0	0
2000				100	0	

