LS	2022-02-23  11:30
File name:	low_pump_MZPB1_06.$ls
File ID:	low_pump
Sample ID:	MZPB1
Operator:	RG
Bar code:	
Comment 1:	
Comment 2:	
Instrument:	LS 230, VSM Plus
Run number:	6
Start time:	2022-02-23  11:29
Run length:	61
Optical model:	Fraunhofer.rfd   PIDS included
Obscuration:	11
PIDS Obscur:	46
Obscuration:	OK
Serial Number:	7205

From	0.0400
To	2000
Volume 	100
Mean:	69.98
Median:	33.45
D(0,0):	0.108
Mean/Median ratio:	2.092
Mode:	31.50
S.D.:	99.60
Variance:	9919
C.V.:	142.3
Skewness:	2.793
Kurtosis:	8.885
d10:	4.842
d50:	33.45
d90:	188.9
Specific Surf. Area:	7851

% <	Size 
10	4.84
25	14.0
50	33.5
75	75.8
90	189

% >	Size 
10	189
25	75.8
50	33.5
75	14.0
90	4.84

Size 	% <
1	2.24
10	18.8
100	80.6
1000	100

Size 	% >
1	97.8
10	81.2
100	19.4
1000	0

Particle	low_pump	Volume	Volume
Diameter	_MZPB1_06	% >	%
um	.$ls		
	Volume		
	% <		
0.4	0.77	99.2	0.22
0.488	0.99	99.0	0.50
0.69	1.49	98.5	0.70
0.98	2.19	97.8	0.93
1.38	3.13	96.9	1.26
1.95	4.39	95.6	1.68
2.76	6.07	93.9	2.22
3.91	8.29	91.7	2.93
5.52	11.2	88.8	3.95
7.81	15.2	84.8	5.29
11.05	20.5	79.5	7.05
15.63	27.5	72.5	9.19
22.1	36.7	63.3	11.1
31.3	47.8	52.2	11.4
44.2	59.2	40.8	10.7
62.5	69.9	30.1	8.41
88.4	78.3	21.7	5.82
125	84.1	15.9	4.95
177	89.1	10.9	4.74
250	93.8	6.18	3.06
354	96.9	3.13	1.97
500	98.8	1.15	1.14
707	99.99	0.013	0.013
1000	100	0	0
1414	100	0	0
2000	100	0	0
2828	100	0	0
4000	100	0	

Channel	Channel	Channel	Diff.	Cum. <	Cum. >	Diff.
Diameter	Diameter	Diameter	Volume	Volume	Volume	Number
(Lower)	(Center)	(Upper)	%	%	%	%
um	um	um				
0.040	0.042	0.044	0.00030	0	100	1.77
0.044	0.046	0.048	0.00040	0.00030	100	1.76
0.048	0.050	0.053	0.00064	0.00070	99.999	2.14
0.053	0.055	0.058	0.0013	0.0013	99.999	3.25
0.058	0.061	0.064	0.0027	0.0026	99.997	5.12
0.064	0.067	0.070	0.0050	0.0053	99.99	7.22
0.070	0.073	0.077	0.0077	0.010	99.99	8.43
0.077	0.080	0.084	0.010	0.018	99.98	8.58
0.084	0.088	0.093	0.013	0.028	99.97	8.15
0.093	0.097	0.102	0.016	0.042	99.96	7.56
0.102	0.106	0.112	0.019	0.058	99.9	6.85
0.112	0.117	0.122	0.022	0.077	99.9	6.04
0.122	0.128	0.134	0.026	0.099	99.9	5.22
0.134	0.141	0.148	0.029	0.12	99.9	4.47
0.148	0.155	0.162	0.033	0.15	99.8	3.79
0.162	0.170	0.178	0.036	0.19	99.8	3.20
0.178	0.186	0.195	0.041	0.22	99.8	2.69
0.195	0.205	0.214	0.045	0.26	99.7	2.27
0.214	0.225	0.235	0.050	0.31	99.7	1.91
0.235	0.247	0.258	0.056	0.36	99.6	1.61
0.258	0.271	0.284	0.063	0.41	99.6	1.36
0.284	0.297	0.311	0.069	0.48	99.5	1.14
0.311	0.326	0.342	0.077	0.55	99.5	0.95
0.342	0.358	0.375	0.084	0.62	99.4	0.79
0.375	0.393	0.412	0.092	0.71	99.3	0.65
0.412	0.431	0.452	0.10	0.80	99.2	0.54
0.452	0.474	0.496	0.11	0.90	99.1	0.45
0.496	0.520	0.545	0.12	1.01	99.0	0.37
0.545	0.571	0.598	0.13	1.13	98.9	0.31
0.598	0.627	0.656	0.14	1.27	98.7	0.25
0.656	0.688	0.721	0.16	1.41	98.6	0.21
0.721	0.755	0.791	0.17	1.57	98.4	0.17
0.791	0.829	0.868	0.19	1.74	98.3	0.14
0.868	0.910	0.953	0.20	1.93	98.1	0.12
0.953	0.999	1.047	0.22	2.13	97.9	0.096
1.047	1.097	1.149	0.24	2.35	97.6	0.079
1.149	1.204	1.261	0.26	2.59	97.4	0.064
1.261	1.321	1.385	0.28	2.85	97.1	0.053
1.385	1.451	1.520	0.31	3.14	96.9	0.043
1.520	1.592	1.668	0.33	3.45	96.6	0.035
1.668	1.748	1.832	0.36	3.78	96.2	0.029
1.832	1.919	2.011	0.39	4.14	95.9	0.024
2.011	2.107	2.207	0.42	4.52	95.5	0.019
2.207	2.313	2.423	0.45	4.94	95.1	0.016
2.423	2.539	2.660	0.48	5.39	94.6	0.013
2.660	2.787	2.920	0.52	5.87	94.1	0.010
2.920	3.059	3.205	0.56	6.39	93.6	0.0084
3.205	3.358	3.519	0.60	6.95	93.1	0.0068
3.519	3.687	3.863	0.65	7.55	92.5	0.0056
3.863	4.047	4.240	0.70	8.20	91.8	0.0046
4.240	4.443	4.655	0.76	8.90	91.1	0.0037
4.655	4.877	5.110	0.82	9.66	90.3	0.0031
5.110	5.354	5.610	0.89	10.5	89.5	0.0025
5.610	5.878	6.158	0.96	11.4	88.6	0.0020
6.158	6.452	6.760	1.04	12.3	87.7	0.0017
6.760	7.083	7.421	1.13	13.4	86.6	0.0014
7.421	7.775	8.147	1.22	14.5	85.5	0.0011
8.147	8.536	8.943	1.32	15.7	84.3	0.00091
8.943	9.370	9.817	1.43	17.1	82.9	0.00075
9.817	10.29	10.78	1.54	18.5	81.5	0.00061
10.78	11.29	11.83	1.67	20.0	80.0	0.00050
11.83	12.40	12.99	1.80	21.7	78.3	0.00041
12.99	13.61	14.26	1.95	23.5	76.5	0.00033
14.26	14.94	15.65	2.10	25.4	74.6	0.00027
15.65	16.40	17.18	2.26	27.5	72.5	0.00022
17.18	18.00	18.86	2.42	29.8	70.2	0.00018
18.86	19.76	20.70	2.59	32.2	67.8	0.00014
20.70	21.69	22.73	2.74	34.8	65.2	0.00012
22.73	23.81	24.95	2.88	37.5	62.5	0.000092
24.95	26.14	27.39	2.99	40.4	59.6	0.000072
27.39	28.70	30.07	3.06	43.4	56.6	0.000056
30.07	31.50	33.01	3.09	46.5	53.5	0.000043
33.01	34.58	36.24	3.09	49.6	50.4	0.000032
36.24	37.97	39.78	3.07	52.7	47.3	0.000024
39.78	41.68	43.67	3.05	55.7	44.3	0.000018
43.67	45.75	47.94	3.01	58.8	41.2	0.000014
47.94	50.22	52.62	2.96	61.8	38.2	0.000010
52.62	55.13	57.77	2.87	64.7	35.3	0.000007
57.77	60.52	63.41	2.73	67.6	32.4	0.000005
63.41	66.44	69.61	2.54	70.3	29.7	0.000004
69.61	72.94	76.42	2.32	72.9	27.1	0.000003
76.42	80.07	83.89	2.08	75.2	24.8	0.000002
83.89	87.90	92.09	1.86	77.3	22.7	0.000001
92.09	96.49	101.1	1.67	79.2	20.8	0.000001
101.1	105.9	111.0	1.53	80.8	19.2	0.000001
111.0	116.3	121.8	1.42	82.4	17.6	3.88E-7
121.8	127.6	133.7	1.35	83.8	16.2	2.79E-7
133.7	140.1	146.8	1.32	85.1	14.9	2.06E-7
146.8	153.8	161.2	1.31	86.4	13.6	1.55E-7
161.2	168.9	176.9	1.32	87.7	12.3	1.18E-7
176.9	185.4	194.2	1.34	89.1	10.9	9.03E-8
194.2	203.5	213.2	1.33	90.4	9.59	6.77E-8
213.2	223.4	234.1	1.27	91.7	8.26	4.91E-8
234.1	245.2	256.9	1.16	93.0	6.99	3.39E-8
256.9	269.2	282.1	1.00	94.2	5.83	2.21E-8
282.1	295.5	309.6	0.82	95.2	4.83	1.36E-8
309.6	324.4	339.9	0.66	96.0	4.01	8.25E-9
339.9	356.1	373.1	0.55	96.6	3.36	5.2E-9
373.1	390.9	409.6	0.51	97.2	2.81	3.65E-9
409.6	429.2	449.7	0.52	97.7	2.30	2.84E-9
449.7	471.1	493.6	0.56	98.2	1.78	2.29E-9
493.6	517.2	541.9	0.55	98.8	1.23	1.71E-9
541.9	567.7	594.9	0.41	99.3	0.68	9.69E-10
594.9	623.3	653.0	0.21	99.7	0.26	3.74E-10
653.0	684.2	716.8	0.049	99.9	0.054	6.63E-11
716.8	751.1	786.9	0.0050	99.99	0.0050	5.12E-12
786.9	824.5	863.9	0	100	0	0
863.9	905.1	948.3	0	100	0	0
948.3	993.6	1041	0	100	0	0
1041	1091	1143	0	100	0	0
1143	1197	1255	0	100	0	0
1255	1314	1377	0	100	0	0
1377	1443	1512	0	100	0	0
1512	1584	1660	0	100	0	0
1660	1739	1822	0	100	0	0
1822	1909	2000	0	100	0	0
2000				100	0	

