LS	2022-02-23  11:29
File name:	low_pump_MZPB1_05.$ls
File ID:	low_pump
Sample ID:	MZPB1
Operator:	RG
Bar code:	
Comment 1:	
Comment 2:	
Instrument:	LS 230, VSM Plus
Run number:	5
Start time:	2022-02-23  11:28
Run length:	61
Optical model:	Fraunhofer.rfd   PIDS included
Obscuration:	11
PIDS Obscur:	45
Obscuration:	OK
Serial Number:	7205

From	0.0400
To	2000
Volume 	100
Mean:	68.48
Median:	33.51
D(0,0):	0.107
Mean/Median ratio:	2.043
Mode:	34.58
S.D.:	95.76
Variance:	9169
C.V.:	139.8
Skewness:	2.755
Kurtosis:	8.722
d10:	4.939
d50:	33.51
d90:	184.0
Specific Surf. Area:	7894

% <	Size 
10	4.94
25	14.1
50	33.5
75	75.0
90	184

% >	Size 
10	184
25	75.0
50	33.5
75	14.1
90	4.94

Size 	% <
1	2.25
10	18.5
100	80.9
1000	100

Size 	% >
1	97.7
10	81.5
100	19.1
1000	0

Particle	low_pump	Volume	Volume
Diameter	_MZPB1_05	% >	%
um	.$ls		
	Volume		
	% <		
0.4	0.80	99.2	0.22
0.488	1.02	99.0	0.50
0.69	1.52	98.5	0.69
0.98	2.21	97.8	0.91
1.38	3.12	96.9	1.23
1.95	4.35	95.6	1.63
2.76	5.98	94.0	2.17
3.91	8.15	91.9	2.88
5.52	11.0	89.0	3.91
7.81	14.9	85.1	5.26
11.05	20.2	79.8	7.07
15.63	27.3	72.7	9.25
22.1	36.5	63.5	11.2
31.3	47.7	52.3	11.5
44.2	59.2	40.8	10.9
62.5	70.1	29.9	8.48
88.4	78.6	21.4	5.90
125	84.5	15.5	4.97
177	89.5	10.5	4.53
250	94.0	5.99	3.15
354	97.2	2.84	1.96
500	99.1	0.88	0.87
707	99.99	0.0082	0.0082
1000	100	0	0
1414	100	0	0
2000	100	0	0
2828	100	0	0
4000	100	0	

Channel	Channel	Channel	Diff.	Cum. <	Cum. >	Diff.
Diameter	Diameter	Diameter	Volume	Volume	Volume	Number
(Lower)	(Center)	(Upper)	%	%	%	%
um	um	um				
0.040	0.042	0.044	0.00033	0	100	1.80
0.044	0.046	0.048	0.00043	0.00033	100	1.80
0.048	0.050	0.053	0.00069	0.00076	99.999	2.18
0.053	0.055	0.058	0.0014	0.0014	99.999	3.31
0.058	0.061	0.064	0.0029	0.0028	99.997	5.22
0.064	0.067	0.070	0.0054	0.0057	99.99	7.34
0.070	0.073	0.077	0.0083	0.011	99.99	8.55
0.077	0.080	0.084	0.011	0.019	99.98	8.67
0.084	0.088	0.093	0.014	0.031	99.97	8.21
0.093	0.097	0.102	0.017	0.044	99.96	7.59
0.102	0.106	0.112	0.020	0.062	99.9	6.86
0.112	0.117	0.122	0.024	0.082	99.9	6.03
0.122	0.128	0.134	0.027	0.11	99.9	5.20
0.134	0.141	0.148	0.031	0.13	99.9	4.44
0.148	0.155	0.162	0.034	0.16	99.8	3.75
0.162	0.170	0.178	0.038	0.20	99.8	3.16
0.178	0.186	0.195	0.042	0.24	99.8	2.65
0.195	0.205	0.214	0.047	0.28	99.7	2.22
0.214	0.225	0.235	0.052	0.32	99.7	1.87
0.235	0.247	0.258	0.058	0.38	99.6	1.57
0.258	0.271	0.284	0.064	0.43	99.6	1.31
0.284	0.297	0.311	0.071	0.50	99.5	1.10
0.311	0.326	0.342	0.078	0.57	99.4	0.91
0.342	0.358	0.375	0.085	0.65	99.4	0.76
0.375	0.393	0.412	0.093	0.73	99.3	0.62
0.412	0.431	0.452	0.10	0.83	99.2	0.51
0.452	0.474	0.496	0.11	0.93	99.1	0.42
0.496	0.520	0.545	0.12	1.04	99.0	0.35
0.545	0.571	0.598	0.13	1.16	98.8	0.29
0.598	0.627	0.656	0.14	1.29	98.7	0.24
0.656	0.688	0.721	0.16	1.43	98.6	0.20
0.721	0.755	0.791	0.17	1.59	98.4	0.16
0.791	0.829	0.868	0.18	1.76	98.2	0.13
0.868	0.910	0.953	0.20	1.95	98.1	0.11
0.953	0.999	1.047	0.22	2.15	97.9	0.089
1.047	1.097	1.149	0.24	2.36	97.6	0.073
1.149	1.204	1.261	0.26	2.60	97.4	0.060
1.261	1.321	1.385	0.28	2.85	97.1	0.049
1.385	1.451	1.520	0.30	3.13	96.9	0.040
1.520	1.592	1.668	0.32	3.43	96.6	0.033
1.668	1.748	1.832	0.35	3.75	96.2	0.027
1.832	1.919	2.011	0.38	4.10	95.9	0.022
2.011	2.107	2.207	0.40	4.48	95.5	0.018
2.207	2.313	2.423	0.44	4.88	95.1	0.014
2.423	2.539	2.660	0.47	5.32	94.7	0.012
2.660	2.787	2.920	0.51	5.79	94.2	0.0095
2.920	3.059	3.205	0.54	6.29	93.7	0.0077
3.205	3.358	3.519	0.59	6.84	93.2	0.0063
3.519	3.687	3.863	0.64	7.43	92.6	0.0052
3.863	4.047	4.240	0.69	8.06	91.9	0.0042
4.240	4.443	4.655	0.75	8.75	91.3	0.0035
4.655	4.877	5.110	0.81	9.49	90.5	0.0028
5.110	5.354	5.610	0.88	10.3	89.7	0.0023
5.610	5.878	6.158	0.95	11.2	88.8	0.0019
6.158	6.452	6.760	1.03	12.1	87.9	0.0016
6.760	7.083	7.421	1.12	13.2	86.8	0.0013
7.421	7.775	8.147	1.21	14.3	85.7	0.0010
8.147	8.536	8.943	1.31	15.5	84.5	0.00086
8.943	9.370	9.817	1.42	16.8	83.2	0.00070
9.817	10.29	10.78	1.54	18.2	81.8	0.00057
10.78	11.29	11.83	1.67	19.8	80.2	0.00047
11.83	12.40	12.99	1.80	21.4	78.6	0.00038
12.99	13.61	14.26	1.95	23.2	76.8	0.00031
14.26	14.94	15.65	2.11	25.2	74.8	0.00026
15.65	16.40	17.18	2.27	27.3	72.7	0.00021
17.18	18.00	18.86	2.44	29.6	70.4	0.00017
18.86	19.76	20.70	2.60	32.0	68.0	0.00014
20.70	21.69	22.73	2.76	34.6	65.4	0.00011
22.73	23.81	24.95	2.90	37.4	62.6	0.000087
24.95	26.14	27.39	3.02	40.3	59.7	0.000069
27.39	28.70	30.07	3.09	43.3	56.7	0.000053
30.07	31.50	33.01	3.13	46.4	53.6	0.000041
33.01	34.58	36.24	3.13	49.5	50.5	0.000031
36.24	37.97	39.78	3.12	52.6	47.4	0.000023
39.78	41.68	43.67	3.09	55.8	44.2	0.000017
43.67	45.75	47.94	3.06	58.9	41.1	0.000013
47.94	50.22	52.62	3.00	61.9	38.1	0.000010
52.62	55.13	57.77	2.91	64.9	35.1	0.000007
57.77	60.52	63.41	2.76	67.8	32.2	0.000005
63.41	66.44	69.61	2.57	70.6	29.4	0.000004
69.61	72.94	76.42	2.34	73.2	26.8	0.000002
76.42	80.07	83.89	2.10	75.5	24.5	0.000002
83.89	87.90	92.09	1.87	77.6	22.4	0.000001
92.09	96.49	101.1	1.69	79.5	20.5	0.000001
101.1	105.9	111.0	1.55	81.1	18.9	0.000001
111.0	116.3	121.8	1.45	82.7	17.3	3.74E-7
121.8	127.6	133.7	1.38	84.1	15.9	2.7E-7
133.7	140.1	146.8	1.34	85.5	14.5	1.98E-7
146.8	153.8	161.2	1.31	86.9	13.1	1.47E-7
161.2	168.9	176.9	1.30	88.2	11.8	1.09E-7
176.9	185.4	194.2	1.28	89.5	10.5	8.19E-8
194.2	203.5	213.2	1.26	90.8	9.24	6.07E-8
213.2	223.4	234.1	1.21	92.0	7.98	4.41E-8
234.1	245.2	256.9	1.12	93.2	6.77	3.1E-8
256.9	269.2	282.1	1.00	94.4	5.65	2.08E-8
282.1	295.5	309.6	0.85	95.3	4.65	1.34E-8
309.6	324.4	339.9	0.71	96.2	3.80	8.42E-9
339.9	356.1	373.1	0.60	96.9	3.10	5.4E-9
373.1	390.9	409.6	0.54	97.5	2.50	3.68E-9
409.6	429.2	449.7	0.52	98.0	1.95	2.66E-9
449.7	471.1	493.6	0.50	98.6	1.44	1.94E-9
493.6	517.2	541.9	0.45	99.1	0.94	1.31E-9
541.9	567.7	594.9	0.31	99.5	0.49	6.86E-10
594.9	623.3	653.0	0.15	99.8	0.18	2.47E-10
653.0	684.2	716.8	0.033	99.96	0.036	4.17E-11
716.8	751.1	786.9	0.0032	99.997	0.0032	3.02E-12
786.9	824.5	863.9	0	100	0	0
863.9	905.1	948.3	0	100	0	0
948.3	993.6	1041	0	100	0	0
1041	1091	1143	0	100	0	0
1143	1197	1255	0	100	0	0
1255	1314	1377	0	100	0	0
1377	1443	1512	0	100	0	0
1512	1584	1660	0	100	0	0
1660	1739	1822	0	100	0	0
1822	1909	2000	0	100	0	0
2000				100	0	

