LS	2022-02-24  14:53
File name:	IODP_1176_STV0020_49.$ls
File ID:	IODP_1176
Sample ID:	STV0020
Operator:	RG
Bar code:	
Comment 1:	
Comment 2:	
Instrument:	LS 230, VSM Plus
Run number:	49
Start time:	2022-02-24  14:52
Run length:	63
Optical model:	Fraunhofer.rfd   PIDS included
Obscuration:	9
PIDS Obscur:	36
Obscuration:	OK
Serial Number:	7205

From	0.0400
To	2000
Volume 	100
Mean:	78.29
Median:	48.33
D(0,0):	0.102
Mean/Median ratio:	1.620
Mode:	60.52
S.D.:	90.75
Variance:	8236
C.V.:	115.9
Skewness:	2.711
Kurtosis:	10.14
d10:	7.887
d50:	48.33
d90:	181.9
Specific Surf. Area:	5890

% <	Size 
10	7.89
25	20.5
50	48.3
75	104
90	182

% >	Size 
10	182
25	104
50	48.3
75	20.5
90	7.89

Size 	% <
1	1.55
10	12.6
100	73.9
1000	100

Size 	% >
1	98.5
10	87.4
100	26.1
1000	0

Particle	IODP_1176	Volume	Volume
Diameter	_STV0020	% >	%
um	_49.$ls		
	Volume		
	% <		
0.4	0.63	99.4	0.15
0.488	0.78	99.2	0.32
0.69	1.10	98.9	0.42
0.98	1.52	98.5	0.53
1.38	2.05	97.9	0.72
1.95	2.77	97.2	0.98
2.76	3.75	96.2	1.38
3.91	5.14	94.9	1.96
5.52	7.10	92.9	2.81
7.81	9.91	90.1	3.95
11.05	13.9	86.1	5.50
15.63	19.4	80.6	7.50
22.1	26.9	73.1	9.56
31.3	36.4	63.6	10.7
44.2	47.1	52.9	11.5
62.5	58.6	41.4	11.4
88.4	70.0	30.0	10.5
125	80.5	19.5	8.95
177	89.4	10.6	5.94
250	95.4	4.62	2.46
354	97.8	2.16	1.25
500	99.1	0.91	0.88
707	99.97	0.032	0.032
1000	100	0	0
1414	100	0	0
2000	100	0	0
2828	100	0	0
4000	100	0	

Channel	Channel	Channel	Diff.	Cum. <	Cum. >	Diff.
Diameter	Diameter	Diameter	Volume	Volume	Volume	Number
(Lower)	(Center)	(Upper)	%	%	%	%
um	um	um				
0.040	0.042	0.044	0.00031	0	100	1.93
0.044	0.046	0.048	0.00041	0.00031	100	1.93
0.048	0.050	0.053	0.00066	0.00072	99.999	2.35
0.053	0.055	0.058	0.0013	0.0014	99.999	3.62
0.058	0.061	0.064	0.0028	0.0027	99.997	5.71
0.064	0.067	0.070	0.0052	0.0056	99.99	7.95
0.070	0.073	0.077	0.0078	0.011	99.99	9.06
0.077	0.080	0.084	0.010	0.019	99.98	9.03
0.084	0.088	0.093	0.013	0.029	99.97	8.45
0.093	0.097	0.102	0.015	0.042	99.96	7.73
0.102	0.106	0.112	0.018	0.057	99.9	6.89
0.112	0.117	0.122	0.021	0.075	99.9	5.97
0.122	0.128	0.134	0.024	0.096	99.9	5.09
0.134	0.141	0.148	0.026	0.12	99.9	4.29
0.148	0.155	0.162	0.029	0.15	99.9	3.58
0.162	0.170	0.178	0.032	0.17	99.8	2.96
0.178	0.186	0.195	0.035	0.21	99.8	2.44
0.195	0.205	0.214	0.038	0.24	99.8	2.02
0.214	0.225	0.235	0.041	0.28	99.7	1.66
0.235	0.247	0.258	0.045	0.32	99.7	1.37
0.258	0.271	0.284	0.049	0.37	99.6	1.12
0.284	0.297	0.311	0.053	0.41	99.6	0.92
0.311	0.326	0.342	0.057	0.47	99.5	0.75
0.342	0.358	0.375	0.061	0.52	99.5	0.61
0.375	0.393	0.412	0.065	0.58	99.4	0.49
0.412	0.431	0.452	0.070	0.65	99.4	0.40
0.452	0.474	0.496	0.075	0.72	99.3	0.32
0.496	0.520	0.545	0.080	0.79	99.2	0.26
0.545	0.571	0.598	0.085	0.87	99.1	0.21
0.598	0.627	0.656	0.091	0.96	99.0	0.17
0.656	0.688	0.721	0.098	1.05	98.9	0.14
0.721	0.755	0.791	0.10	1.15	98.9	0.11
0.791	0.829	0.868	0.11	1.25	98.7	0.090
0.868	0.910	0.953	0.12	1.36	98.6	0.073
0.953	0.999	1.047	0.13	1.48	98.5	0.059
1.047	1.097	1.149	0.14	1.61	98.4	0.048
1.149	1.204	1.261	0.15	1.75	98.2	0.039
1.261	1.321	1.385	0.16	1.90	98.1	0.032
1.385	1.451	1.520	0.17	2.06	97.9	0.026
1.520	1.592	1.668	0.19	2.23	97.8	0.021
1.668	1.748	1.832	0.20	2.42	97.6	0.017
1.832	1.919	2.011	0.22	2.62	97.4	0.014
2.011	2.107	2.207	0.24	2.84	97.2	0.012
2.207	2.313	2.423	0.26	3.08	96.9	0.0097
2.423	2.539	2.660	0.29	3.35	96.7	0.0080
2.660	2.787	2.920	0.31	3.63	96.4	0.0066
2.920	3.059	3.205	0.34	3.94	96.1	0.0055
3.205	3.358	3.519	0.38	4.29	95.7	0.0045
3.519	3.687	3.863	0.41	4.66	95.3	0.0038
3.863	4.047	4.240	0.46	5.08	94.9	0.0031
4.240	4.443	4.655	0.50	5.54	94.5	0.0026
4.655	4.877	5.110	0.55	6.04	94.0	0.0022
5.110	5.354	5.610	0.61	6.59	93.4	0.0018
5.610	5.878	6.158	0.67	7.21	92.8	0.0015
6.158	6.452	6.760	0.74	7.88	92.1	0.0013
6.760	7.083	7.421	0.81	8.62	91.4	0.0010
7.421	7.775	8.147	0.89	9.43	90.6	0.00086
8.147	8.536	8.943	0.97	10.3	89.7	0.00072
8.943	9.370	9.817	1.07	11.3	88.7	0.00059
9.817	10.29	10.78	1.17	12.4	87.6	0.00049
10.78	11.29	11.83	1.28	13.5	86.5	0.00040
11.83	12.40	12.99	1.39	14.8	85.2	0.00033
12.99	13.61	14.26	1.52	16.2	83.8	0.00028
14.26	14.94	15.65	1.66	17.7	82.3	0.00023
15.65	16.40	17.18	1.81	19.4	80.6	0.00019
17.18	18.00	18.86	1.96	21.2	78.8	0.00015
18.86	19.76	20.70	2.12	23.2	76.8	0.00013
20.70	21.69	22.73	2.28	25.3	74.7	0.00010
22.73	23.81	24.95	2.43	27.6	72.4	0.000082
24.95	26.14	27.39	2.57	30.0	70.0	0.000066
27.39	28.70	30.07	2.68	32.6	67.4	0.000052
30.07	31.50	33.01	2.77	35.2	64.8	0.000040
33.01	34.58	36.24	2.84	38.0	62.0	0.000031
36.24	37.97	39.78	2.90	40.9	59.1	0.000024
39.78	41.68	43.67	2.96	43.8	56.2	0.000019
43.67	45.75	47.94	3.02	46.7	53.3	0.000014
47.94	50.22	52.62	3.08	49.7	50.3	0.000011
52.62	55.13	57.77	3.12	52.8	47.2	0.000009
57.77	60.52	63.41	3.14	55.9	44.1	0.000006
63.41	66.44	69.61	3.13	59.1	40.9	0.000005
69.61	72.94	76.42	3.09	62.2	37.8	0.000004
76.42	80.07	83.89	3.04	65.3	34.7	0.000003
83.89	87.90	92.09	2.98	68.3	31.7	0.000002
92.09	96.49	101.1	2.91	71.3	28.7	0.000001
101.1	105.9	111.0	2.83	74.2	25.8	0.000001
111.0	116.3	121.8	2.74	77.1	22.9	0.000001
121.8	127.6	133.7	2.63	79.8	20.2	0.000001
133.7	140.1	146.8	2.50	82.4	17.6	4.14E-7
146.8	153.8	161.2	2.34	84.9	15.1	2.94E-7
161.2	168.9	176.9	2.17	87.3	12.7	2.06E-7
176.9	185.4	194.2	1.96	89.4	10.6	1.41E-7
194.2	203.5	213.2	1.72	91.4	8.60	9.34E-8
213.2	223.4	234.1	1.45	93.1	6.88	5.94E-8
234.1	245.2	256.9	1.16	94.6	5.43	3.59E-8
256.9	269.2	282.1	0.88	95.7	4.27	2.05E-8
282.1	295.5	309.6	0.63	96.6	3.39	1.11E-8
309.6	324.4	339.9	0.45	97.2	2.76	6.04E-9
339.9	356.1	373.1	0.35	97.7	2.31	3.55E-9
373.1	390.9	409.6	0.32	98.0	1.96	2.43E-9
409.6	429.2	449.7	0.33	98.4	1.64	1.91E-9
449.7	471.1	493.6	0.36	98.7	1.31	1.55E-9
493.6	517.2	541.9	0.35	99.0	0.96	1.17E-9
541.9	567.7	594.9	0.30	99.4	0.60	7.59E-10
594.9	623.3	653.0	0.19	99.7	0.30	3.67E-10
653.0	684.2	716.8	0.084	99.9	0.10	1.2E-10
716.8	751.1	786.9	0.017	99.98	0.019	1.87E-11
786.9	824.5	863.9	0.0015	99.998	0.0015	1.22E-12
863.9	905.1	948.3	0	100	0	0
948.3	993.6	1041	0	100	0	0
1041	1091	1143	0	100	0	0
1143	1197	1255	0	100	0	0
1255	1314	1377	0	100	0	0
1377	1443	1512	0	100	0	0
1512	1584	1660	0	100	0	0
1660	1739	1822	0	100	0	0
1822	1909	2000	0	100	0	0
2000				100	0	

