LS	2022-02-24  13:31
File name:	IODP_1176_STV0018_33.$ls
File ID:	IODP_1176
Sample ID:	STV0018
Operator:	RG
Bar code:	
Comment 1:	
Comment 2:	
Instrument:	LS 230, VSM Plus
Run number:	33
Start time:	2022-02-24  13:30
Run length:	62
Optical model:	Fraunhofer.rfd   PIDS included
Obscuration:	10
PIDS Obscur:	45
Obscuration:	OK
Serial Number:	7205

From	0.0400
To	2000
Volume 	100
Mean:	46.47
Median:	30.23
D(0,0):	0.105
Mean/Median ratio:	1.537
Mode:	37.97
S.D.:	50.82
Variance:	2582
C.V.:	109.4
Skewness:	2.118
Kurtosis:	4.908
d10:	4.487
d50:	30.23
d90:	106.1
Specific Surf. Area:	8843

% <	Size 
10	4.49
25	12.9
50	30.2
75	59.9
90	106

% >	Size 
10	106
25	59.9
50	30.2
75	12.9
90	4.49

Size 	% <
1	2.53
10	20.2
100	89.0
1000	100

Size 	% >
1	97.5
10	79.8
100	11.0
1000	0

Particle	IODP_1176	Volume	Volume
Diameter	_STV0018	% >	%
um	_33.$ls		
	Volume		
	% <		
0.4	0.96	99.0	0.25
0.488	1.20	98.8	0.54
0.69	1.75	98.3	0.73
0.98	2.48	97.5	0.95
1.38	3.43	96.6	1.29
1.95	4.72	95.3	1.75
2.76	6.47	93.5	2.38
3.91	8.84	91.2	3.18
5.52	12.0	88.0	4.28
7.81	16.3	83.7	5.66
11.05	22.0	78.0	7.46
15.63	29.4	70.6	9.76
22.1	39.2	60.8	12.1
31.3	51.3	48.7	12.8
44.2	64.1	35.9	12.4
62.5	76.4	23.6	9.87
88.4	86.3	13.7	6.02
125	92.3	7.68	3.33
177	95.7	4.35	3.60
250	99.3	0.75	0.74
354	99.999	0.00088	0.00088
500	100	0	0
707	100	0	0
1000	100	0	0
1414	100	0	0
2000	100	0	0
2828	100	0	0
4000	100	0	

Channel	Channel	Channel	Diff.	Cum. <	Cum. >	Diff.
Diameter	Diameter	Diameter	Volume	Volume	Volume	Number
(Lower)	(Center)	(Upper)	%	%	%	%
um	um	um				
0.040	0.042	0.044	0.00042	0	100	1.86
0.044	0.046	0.048	0.00056	0.00042	100	1.85
0.048	0.050	0.053	0.00089	0.00098	99.999	2.23
0.053	0.055	0.058	0.0018	0.0019	99.998	3.38
0.058	0.061	0.064	0.0037	0.0036	99.996	5.34
0.064	0.067	0.070	0.0069	0.0074	99.99	7.52
0.070	0.073	0.077	0.011	0.014	99.99	8.74
0.077	0.080	0.084	0.014	0.025	99.98	8.83
0.084	0.088	0.093	0.018	0.039	99.96	8.34
0.093	0.097	0.102	0.022	0.057	99.9	7.68
0.102	0.106	0.112	0.026	0.079	99.9	6.91
0.112	0.117	0.122	0.030	0.10	99.9	6.04
0.122	0.128	0.134	0.034	0.13	99.9	5.19
0.134	0.141	0.148	0.038	0.17	99.8	4.41
0.148	0.155	0.162	0.042	0.21	99.8	3.71
0.162	0.170	0.178	0.047	0.25	99.8	3.10
0.178	0.186	0.195	0.052	0.30	99.7	2.58
0.195	0.205	0.214	0.057	0.35	99.7	2.15
0.214	0.225	0.235	0.063	0.40	99.6	1.79
0.235	0.247	0.258	0.069	0.47	99.5	1.49
0.258	0.271	0.284	0.076	0.54	99.5	1.24
0.284	0.297	0.311	0.083	0.61	99.4	1.02
0.311	0.326	0.342	0.090	0.69	99.3	0.84
0.342	0.358	0.375	0.098	0.79	99.2	0.69
0.375	0.393	0.412	0.11	0.88	99.1	0.56
0.412	0.431	0.452	0.11	0.99	99.0	0.46
0.452	0.474	0.496	0.12	1.10	98.9	0.38
0.496	0.520	0.545	0.13	1.23	98.8	0.31
0.545	0.571	0.598	0.14	1.36	98.6	0.25
0.598	0.627	0.656	0.16	1.51	98.5	0.20
0.656	0.688	0.721	0.17	1.66	98.3	0.17
0.721	0.755	0.791	0.18	1.83	98.2	0.14
0.791	0.829	0.868	0.19	2.01	98.0	0.11
0.868	0.910	0.953	0.21	2.20	97.8	0.090
0.953	0.999	1.047	0.23	2.41	97.6	0.074
1.047	1.097	1.149	0.25	2.64	97.4	0.060
1.149	1.204	1.261	0.27	2.88	97.1	0.049
1.261	1.321	1.385	0.29	3.15	96.9	0.040
1.385	1.451	1.520	0.31	3.44	96.6	0.033
1.520	1.592	1.668	0.34	3.75	96.3	0.027
1.668	1.748	1.832	0.37	4.09	95.9	0.022
1.832	1.919	2.011	0.40	4.45	95.5	0.018
2.011	2.107	2.207	0.43	4.85	95.1	0.015
2.207	2.313	2.423	0.47	5.28	94.7	0.012
2.423	2.539	2.660	0.51	5.75	94.3	0.010
2.660	2.787	2.920	0.55	6.26	93.7	0.0082
2.920	3.059	3.205	0.60	6.81	93.2	0.0067
3.205	3.358	3.519	0.65	7.40	92.6	0.0055
3.519	3.687	3.863	0.70	8.05	92.0	0.0045
3.863	4.047	4.240	0.76	8.75	91.3	0.0037
4.240	4.443	4.655	0.82	9.51	90.5	0.0030
4.655	4.877	5.110	0.89	10.3	89.7	0.0025
5.110	5.354	5.610	0.97	11.2	88.8	0.0020
5.610	5.878	6.158	1.05	12.2	87.8	0.0017
6.158	6.452	6.760	1.13	13.2	86.8	0.0014
6.760	7.083	7.421	1.22	14.4	85.6	0.0011
7.421	7.775	8.147	1.32	15.6	84.4	0.00091
8.147	8.536	8.943	1.42	16.9	83.1	0.00074
8.943	9.370	9.817	1.53	18.3	81.7	0.00060
9.817	10.29	10.78	1.64	19.9	80.1	0.00049
10.78	11.29	11.83	1.77	21.5	78.5	0.00040
11.83	12.40	12.99	1.91	23.3	76.7	0.00032
12.99	13.61	14.26	2.06	25.2	74.8	0.00026
14.26	14.94	15.65	2.22	27.2	72.8	0.00022
15.65	16.40	17.18	2.39	29.5	70.5	0.00017
17.18	18.00	18.86	2.56	31.8	68.2	0.00014
18.86	19.76	20.70	2.75	34.4	65.6	0.00012
20.70	21.69	22.73	2.94	37.2	62.8	0.000093
22.73	23.81	24.95	3.11	40.1	59.9	0.000074
24.95	26.14	27.39	3.26	43.2	56.8	0.000059
27.39	28.70	30.07	3.36	46.5	53.5	0.000046
30.07	31.50	33.01	3.43	49.8	50.2	0.000035
33.01	34.58	36.24	3.46	53.2	46.8	0.000027
36.24	37.97	39.78	3.47	56.7	43.3	0.000020
39.78	41.68	43.67	3.46	60.2	39.8	0.000015
43.67	45.75	47.94	3.44	63.6	36.4	0.000012
47.94	50.22	52.62	3.40	67.1	32.9	0.000009
52.62	55.13	57.77	3.31	70.5	29.5	0.000006
57.77	60.52	63.41	3.17	73.8	26.2	0.000005
63.41	66.44	69.61	2.96	76.9	23.1	0.000003
69.61	72.94	76.42	2.72	79.9	20.1	0.000002
76.42	80.07	83.89	2.46	82.6	17.4	0.000002
83.89	87.90	92.09	2.19	85.1	14.9	0.000001
92.09	96.49	101.1	1.90	87.3	12.7	0.000001
101.1	105.9	111.0	1.59	89.2	10.8	4.33E-7
111.0	116.3	121.8	1.27	90.8	9.22	2.62E-7
121.8	127.6	133.7	1.01	92.1	7.94	1.57E-7
133.7	140.1	146.8	0.85	93.1	6.94	9.96E-8
146.8	153.8	161.2	0.82	93.9	6.09	7.31E-8
161.2	168.9	176.9	0.91	94.7	5.27	6.14E-8
176.9	185.4	194.2	1.04	95.6	4.35	5.3E-8
194.2	203.5	213.2	1.09	96.7	3.31	4.2E-8
213.2	223.4	234.1	0.98	97.8	2.21	2.83E-8
234.1	245.2	256.9	0.71	98.8	1.24	1.55E-8
256.9	269.2	282.1	0.38	99.5	0.53	6.22E-9
282.1	295.5	309.6	0.13	99.8	0.16	1.64E-9
309.6	324.4	339.9	0.023	99.98	0.024	2.17E-10
339.9	356.1	373.1	0.0015	99.998	0.0015	1.08E-11
373.1	390.9	409.6	0	100	0	0
409.6	429.2	449.7	0	100	0	0
449.7	471.1	493.6	0	100	0	0
493.6	517.2	541.9	0	100	0	0
541.9	567.7	594.9	0	100	0	0
594.9	623.3	653.0	0	100	0	0
653.0	684.2	716.8	0	100	0	0
716.8	751.1	786.9	0	100	0	0
786.9	824.5	863.9	0	100	0	0
863.9	905.1	948.3	0	100	0	0
948.3	993.6	1041	0	100	0	0
1041	1091	1143	0	100	0	0
1143	1197	1255	0	100	0	0
1255	1314	1377	0	100	0	0
1377	1443	1512	0	100	0	0
1512	1584	1660	0	100	0	0
1660	1739	1822	0	100	0	0
1822	1909	2000	0	100	0	0
2000				100	0	

