LS	2022-02-24  12:12
File name:	IODP_1176_STV0017_24.$ls
File ID:	IODP_1176
Sample ID:	STV0017
Operator:	RG
Bar code:	
Comment 1:	
Comment 2:	
Instrument:	LS 230, VSM Plus
Run number:	24
Start time:	2022-02-24  12:11
Run length:	61
Optical model:	Fraunhofer.rfd   PIDS included
Obscuration:	11
PIDS Obscur:	45
Obscuration:	OK
Serial Number:	7205

From	0.0400
To	2000
Volume 	100
Mean:	46.65
Median:	26.15
D(0,0):	0.105
Mean/Median ratio:	1.784
Mode:	28.70
S.D.:	60.00
Variance:	3600
C.V.:	128.6
Skewness:	2.432
Kurtosis:	5.824
d10:	3.944
d50:	26.15
d90:	108.4
Specific Surf. Area:	9944

% <	Size 
10	3.94
25	11.5
50	26.1
75	53.2
90	108

% >	Size 
10	108
25	53.2
50	26.1
75	11.5
90	3.94

Size 	% <
1	2.94
10	22.2
100	89.0
1000	100

Size 	% >
1	97.1
10	77.8
100	11.0
1000	0

Particle	IODP_1176	Volume	Volume
Diameter	_STV0017	% >	%
um	_24.$ls		
	Volume		
	% <		
0.4	1.11	98.9	0.29
0.488	1.40	98.6	0.63
0.69	2.04	98.0	0.85
0.98	2.89	97.1	1.10
1.38	3.99	96.0	1.46
1.95	5.45	94.6	1.93
2.76	7.38	92.6	2.55
3.91	9.93	90.1	3.39
5.52	13.3	86.7	4.63
7.81	17.9	82.1	6.28
11.05	24.2	75.8	8.49
15.63	32.7	67.3	11.1
22.1	43.8	56.2	13.0
31.3	56.8	43.2	12.3
44.2	69.1	30.9	10.4
62.5	79.6	20.4	7.49
88.4	87.1	12.9	4.30
125	91.4	8.65	1.97
177	93.3	6.67	4.37
250	97.7	2.30	2.27
354	99.97	0.027	0.027
500	100	0	0
707	100	0	0
1000	100	0	0
1414	100	0	0
2000	100	0	0
2828	100	0	0
4000	100	0	

Channel	Channel	Channel	Diff.	Cum. <	Cum. >	Diff.
Diameter	Diameter	Diameter	Volume	Volume	Volume	Number
(Lower)	(Center)	(Upper)	%	%	%	%
um	um	um				
0.040	0.042	0.044	0.00050	0	100	1.87
0.044	0.046	0.048	0.00065	0.00050	100	1.85
0.048	0.050	0.053	0.0010	0.0011	99.999	2.24
0.053	0.055	0.058	0.0021	0.0022	99.998	3.40
0.058	0.061	0.064	0.0044	0.0043	99.996	5.36
0.064	0.067	0.070	0.0081	0.0086	99.99	7.55
0.070	0.073	0.077	0.012	0.017	99.98	8.76
0.077	0.080	0.084	0.017	0.029	99.97	8.85
0.084	0.088	0.093	0.021	0.046	99.95	8.35
0.093	0.097	0.102	0.025	0.067	99.9	7.68
0.102	0.106	0.112	0.030	0.092	99.9	6.90
0.112	0.117	0.122	0.035	0.12	99.9	6.03
0.122	0.128	0.134	0.040	0.16	99.8	5.18
0.134	0.141	0.148	0.044	0.20	99.8	4.40
0.148	0.155	0.162	0.049	0.24	99.8	3.69
0.162	0.170	0.178	0.054	0.29	99.7	3.08
0.178	0.186	0.195	0.060	0.34	99.7	2.57
0.195	0.205	0.214	0.066	0.40	99.6	2.14
0.214	0.225	0.235	0.073	0.47	99.5	1.78
0.235	0.247	0.258	0.080	0.54	99.5	1.48
0.258	0.271	0.284	0.088	0.62	99.4	1.23
0.284	0.297	0.311	0.096	0.71	99.3	1.02
0.311	0.326	0.342	0.11	0.81	99.2	0.84
0.342	0.358	0.375	0.11	0.91	99.1	0.69
0.375	0.393	0.412	0.12	1.03	99.0	0.56
0.412	0.431	0.452	0.13	1.15	98.8	0.46
0.452	0.474	0.496	0.14	1.28	98.7	0.38
0.496	0.520	0.545	0.16	1.43	98.6	0.31
0.545	0.571	0.598	0.17	1.58	98.4	0.25
0.598	0.627	0.656	0.18	1.75	98.2	0.20
0.656	0.688	0.721	0.20	1.93	98.1	0.17
0.721	0.755	0.791	0.21	2.13	97.9	0.14
0.791	0.829	0.868	0.23	2.34	97.7	0.11
0.868	0.910	0.953	0.24	2.57	97.4	0.090
0.953	0.999	1.047	0.26	2.81	97.2	0.073
1.047	1.097	1.149	0.28	3.08	96.9	0.060
1.149	1.204	1.261	0.31	3.36	96.6	0.049
1.261	1.321	1.385	0.33	3.67	96.3	0.040
1.385	1.451	1.520	0.36	4.00	96.0	0.032
1.520	1.592	1.668	0.38	4.36	95.6	0.026
1.668	1.748	1.832	0.41	4.74	95.3	0.021
1.832	1.919	2.011	0.45	5.15	94.8	0.017
2.011	2.107	2.207	0.48	5.60	94.4	0.014
2.207	2.313	2.423	0.51	6.08	93.9	0.012
2.423	2.539	2.660	0.55	6.59	93.4	0.0094
2.660	2.787	2.920	0.60	7.15	92.9	0.0076
2.920	3.059	3.205	0.64	7.74	92.3	0.0062
3.205	3.358	3.519	0.69	8.38	91.6	0.0051
3.519	3.687	3.863	0.75	9.08	90.9	0.0041
3.863	4.047	4.240	0.81	9.83	90.2	0.0034
4.240	4.443	4.655	0.88	10.6	89.4	0.0028
4.655	4.877	5.110	0.95	11.5	88.5	0.0023
5.110	5.354	5.610	1.04	12.5	87.5	0.0019
5.610	5.878	6.158	1.12	13.5	86.5	0.0015
6.158	6.452	6.760	1.22	14.6	85.4	0.0013
6.760	7.083	7.421	1.33	15.8	84.2	0.0010
7.421	7.775	8.147	1.44	17.2	82.8	0.00085
8.147	8.536	8.943	1.56	18.6	81.4	0.00070
8.943	9.370	9.817	1.69	20.2	79.8	0.00057
9.817	10.29	10.78	1.84	21.9	78.1	0.00047
10.78	11.29	11.83	2.00	23.7	76.3	0.00038
11.83	12.40	12.99	2.17	25.7	74.3	0.00031
12.99	13.61	14.26	2.35	27.9	72.1	0.00026
14.26	14.94	15.65	2.54	30.2	69.8	0.00021
15.65	16.40	17.18	2.73	32.8	67.2	0.00017
17.18	18.00	18.86	2.93	35.5	64.5	0.00014
18.86	19.76	20.70	3.12	38.4	61.6	0.00011
20.70	21.69	22.73	3.30	41.5	58.5	0.000089
22.73	23.81	24.95	3.44	44.8	55.2	0.000071
24.95	26.14	27.39	3.54	48.3	51.7	0.000055
27.39	28.70	30.07	3.56	51.8	48.2	0.000042
30.07	31.50	33.01	3.52	55.4	44.6	0.000031
33.01	34.58	36.24	3.42	58.9	41.1	0.000023
36.24	37.97	39.78	3.29	62.3	37.7	0.000017
39.78	41.68	43.67	3.16	65.6	34.4	0.000012
43.67	45.75	47.94	3.04	68.8	31.2	0.000009
47.94	50.22	52.62	2.90	71.8	28.2	0.000006
52.62	55.13	57.77	2.74	74.7	25.3	0.000005
57.77	60.52	63.41	2.54	77.4	22.6	0.000003
63.41	66.44	69.61	2.31	80.0	20.0	0.000002
69.61	72.94	76.42	2.07	82.3	17.7	0.000001
76.42	80.07	83.89	1.83	84.4	15.6	0.000001
83.89	87.90	92.09	1.60	86.2	13.8	0.000001
92.09	96.49	101.1	1.38	87.8	12.2	4.26E-7
101.1	105.9	111.0	1.14	89.2	10.8	2.66E-7
111.0	116.3	121.8	0.88	90.3	9.70	1.55E-7
121.8	127.6	133.7	0.64	91.2	8.81	8.46E-8
133.7	140.1	146.8	0.48	91.8	8.18	4.78E-8
146.8	153.8	161.2	0.45	92.3	7.70	3.41E-8
161.2	168.9	176.9	0.58	92.7	7.26	3.34E-8
176.9	185.4	194.2	0.86	93.3	6.67	3.75E-8
194.2	203.5	213.2	1.19	94.2	5.81	3.91E-8
213.2	223.4	234.1	1.39	95.4	4.62	3.46E-8
234.1	245.2	256.9	1.34	96.8	3.23	2.51E-8
256.9	269.2	282.1	1.03	98.1	1.89	1.47E-8
282.1	295.5	309.6	0.59	99.1	0.86	6.31E-9
309.6	324.4	339.9	0.22	99.7	0.27	1.81E-9
339.9	356.1	373.1	0.042	99.95	0.045	2.58E-10
373.1	390.9	409.6	0.0032	99.997	0.0032	1.47E-11
409.6	429.2	449.7	0	100	0	0
449.7	471.1	493.6	0	100	0	0
493.6	517.2	541.9	0	100	0	0
541.9	567.7	594.9	0	100	0	0
594.9	623.3	653.0	0	100	0	0
653.0	684.2	716.8	0	100	0	0
716.8	751.1	786.9	0	100	0	0
786.9	824.5	863.9	0	100	0	0
863.9	905.1	948.3	0	100	0	0
948.3	993.6	1041	0	100	0	0
1041	1091	1143	0	100	0	0
1143	1197	1255	0	100	0	0
1255	1314	1377	0	100	0	0
1377	1443	1512	0	100	0	0
1512	1584	1660	0	100	0	0
1660	1739	1822	0	100	0	0
1822	1909	2000	0	100	0	0
2000				100	0	

