LS	2022-02-24  14:39
File name:	IODP_1176_STV0020_46.$ls
File ID:	IODP_1176
Sample ID:	STV0020
Operator:	RG
Bar code:	
Comment 1:	
Comment 2:	
Instrument:	LS 230, VSM Plus
Run number:	46
Start time:	2022-02-24  14:37
Run length:	63
Optical model:	Fraunhofer.rfd   PIDS included
Obscuration:	10
PIDS Obscur:	38
Obscuration:	OK
Serial Number:	7205

From	0.0400
To	2000
Volume 	100
Mean:	77.97
Median:	48.64
D(0,0):	0.103
Mean/Median ratio:	1.603
Mode:	60.52
S.D.:	88.97
Variance:	7915
C.V.:	114.1
Skewness:	2.635
Kurtosis:	9.686
d10:	7.792
d50:	48.64
d90:	182.2
Specific Surf. Area:	5876

% <	Size 
10	7.79
25	20.3
50	48.6
75	105
90	182

% >	Size 
10	182
25	105
50	48.6
75	20.3
90	7.79

Size 	% <
1	1.54
10	12.7
100	73.6
1000	100

Size 	% >
1	98.5
10	87.3
100	26.4
1000	0

Particle	IODP_1176	Volume	Volume
Diameter	_STV0020	% >	%
um	_46.$ls		
	Volume		
	% <		
0.4	0.62	99.4	0.15
0.488	0.77	99.2	0.32
0.69	1.09	98.9	0.42
0.98	1.52	98.5	0.54
1.38	2.06	97.9	0.73
1.95	2.78	97.2	1.00
2.76	3.78	96.2	1.40
3.91	5.19	94.8	1.99
5.52	7.17	92.8	2.85
7.81	10.0	90.0	3.99
11.05	14.0	86.0	5.53
15.63	19.5	80.5	7.46
22.1	27.0	73.0	9.44
31.3	36.4	63.6	10.5
44.2	46.9	53.1	11.3
62.5	58.3	41.7	11.4
88.4	69.7	30.3	10.6
125	80.3	19.7	9.07
177	89.4	10.6	6.24
250	95.6	4.37	2.37
354	98.0	2.01	1.16
500	99.2	0.85	0.83
707	99.98	0.017	0.017
1000	100	0	0
1414	100	0	0
2000	100	0	0
2828	100	0	0
4000	100	0	

Channel	Channel	Channel	Diff.	Cum. <	Cum. >	Diff.
Diameter	Diameter	Diameter	Volume	Volume	Volume	Number
(Lower)	(Center)	(Upper)	%	%	%	%
um	um	um				
0.040	0.042	0.044	0.00030	0	100	1.92
0.044	0.046	0.048	0.00040	0.00030	100	1.92
0.048	0.050	0.053	0.00064	0.00070	99.999	2.34
0.053	0.055	0.058	0.0013	0.0013	99.999	3.58
0.058	0.061	0.064	0.0027	0.0026	99.997	5.66
0.064	0.067	0.070	0.0050	0.0054	99.99	7.89
0.070	0.073	0.077	0.0076	0.010	99.99	9.02
0.077	0.080	0.084	0.010	0.018	99.98	9.00
0.084	0.088	0.093	0.012	0.028	99.97	8.43
0.093	0.097	0.102	0.015	0.040	99.96	7.72
0.102	0.106	0.112	0.018	0.055	99.9	6.89
0.112	0.117	0.122	0.020	0.073	99.9	5.98
0.122	0.128	0.134	0.023	0.094	99.9	5.11
0.134	0.141	0.148	0.026	0.12	99.9	4.31
0.148	0.155	0.162	0.028	0.14	99.9	3.60
0.162	0.170	0.178	0.031	0.17	99.8	2.98
0.178	0.186	0.195	0.034	0.20	99.8	2.46
0.195	0.205	0.214	0.037	0.24	99.8	2.04
0.214	0.225	0.235	0.041	0.27	99.7	1.68
0.235	0.247	0.258	0.044	0.31	99.7	1.38
0.258	0.271	0.284	0.048	0.36	99.6	1.14
0.284	0.297	0.311	0.052	0.41	99.6	0.93
0.311	0.326	0.342	0.056	0.46	99.5	0.76
0.342	0.358	0.375	0.061	0.51	99.5	0.62
0.375	0.393	0.412	0.065	0.57	99.4	0.50
0.412	0.431	0.452	0.070	0.64	99.4	0.41
0.452	0.474	0.496	0.075	0.71	99.3	0.33
0.496	0.520	0.545	0.080	0.78	99.2	0.27
0.545	0.571	0.598	0.086	0.86	99.1	0.22
0.598	0.627	0.656	0.092	0.95	99.0	0.17
0.656	0.688	0.721	0.098	1.04	99.0	0.14
0.721	0.755	0.791	0.11	1.14	98.9	0.11
0.791	0.829	0.868	0.11	1.25	98.8	0.093
0.868	0.910	0.953	0.12	1.36	98.6	0.075
0.953	0.999	1.047	0.13	1.48	98.5	0.061
1.047	1.097	1.149	0.14	1.61	98.4	0.050
1.149	1.204	1.261	0.15	1.75	98.3	0.041
1.261	1.321	1.385	0.16	1.90	98.1	0.033
1.385	1.451	1.520	0.18	2.06	97.9	0.027
1.520	1.592	1.668	0.19	2.24	97.8	0.022
1.668	1.748	1.832	0.21	2.43	97.6	0.018
1.832	1.919	2.011	0.22	2.64	97.4	0.015
2.011	2.107	2.207	0.24	2.86	97.1	0.012
2.207	2.313	2.423	0.27	3.10	96.9	0.010
2.423	2.539	2.660	0.29	3.37	96.6	0.0083
2.660	2.787	2.920	0.32	3.66	96.3	0.0069
2.920	3.059	3.205	0.35	3.98	96.0	0.0057
3.205	3.358	3.519	0.38	4.33	95.7	0.0047
3.519	3.687	3.863	0.42	4.71	95.3	0.0039
3.863	4.047	4.240	0.46	5.13	94.9	0.0033
4.240	4.443	4.655	0.51	5.59	94.4	0.0027
4.655	4.877	5.110	0.56	6.10	93.9	0.0023
5.110	5.354	5.610	0.62	6.67	93.3	0.0019
5.610	5.878	6.158	0.68	7.29	92.7	0.0016
6.158	6.452	6.760	0.75	7.97	92.0	0.0013
6.760	7.083	7.421	0.82	8.72	91.3	0.0011
7.421	7.775	8.147	0.90	9.54	90.5	0.00090
8.147	8.536	8.943	0.99	10.4	89.6	0.00074
8.943	9.370	9.817	1.08	11.4	88.6	0.00061
9.817	10.29	10.78	1.18	12.5	87.5	0.00051
10.78	11.29	11.83	1.28	13.7	86.3	0.00042
11.83	12.40	12.99	1.40	15.0	85.0	0.00035
12.99	13.61	14.26	1.53	16.4	83.6	0.00028
14.26	14.94	15.65	1.67	17.9	82.1	0.00023
15.65	16.40	17.18	1.81	19.6	80.4	0.00019
17.18	18.00	18.86	1.96	21.4	78.6	0.00016
18.86	19.76	20.70	2.11	23.3	76.7	0.00013
20.70	21.69	22.73	2.26	25.4	74.6	0.00010
22.73	23.81	24.95	2.41	27.7	72.3	0.000084
24.95	26.14	27.39	2.54	30.1	69.9	0.000067
27.39	28.70	30.07	2.65	32.7	67.3	0.000052
30.07	31.50	33.01	2.73	35.3	64.7	0.000041
33.01	34.58	36.24	2.79	38.0	62.0	0.000032
36.24	37.97	39.78	2.85	40.8	59.2	0.000024
39.78	41.68	43.67	2.91	43.7	56.3	0.000019
43.67	45.75	47.94	2.97	46.6	53.4	0.000015
47.94	50.22	52.62	3.04	49.5	50.5	0.000011
52.62	55.13	57.77	3.09	52.6	47.4	0.000009
57.77	60.52	63.41	3.12	55.7	44.3	0.000007
63.41	66.44	69.61	3.12	58.8	41.2	0.000005
69.61	72.94	76.42	3.09	61.9	38.1	0.000004
76.42	80.07	83.89	3.05	65.0	35.0	0.000003
83.89	87.90	92.09	3.00	68.1	31.9	0.000002
92.09	96.49	101.1	2.94	71.1	28.9	0.000002
101.1	105.9	111.0	2.86	74.0	26.0	0.000001
111.0	116.3	121.8	2.76	76.8	23.2	0.000001
121.8	127.6	133.7	2.65	79.6	20.4	0.000001
133.7	140.1	146.8	2.52	82.3	17.7	4.29E-7
146.8	153.8	161.2	2.38	84.8	15.2	3.06E-7
161.2	168.9	176.9	2.22	87.2	12.8	2.16E-7
176.9	185.4	194.2	2.04	89.4	10.6	1.5E-7
194.2	203.5	213.2	1.82	91.4	8.58	1.01E-7
213.2	223.4	234.1	1.54	93.2	6.76	6.48E-8
234.1	245.2	256.9	1.22	94.8	5.22	3.88E-8
256.9	269.2	282.1	0.89	96.0	4.00	2.14E-8
282.1	295.5	309.6	0.60	96.9	3.11	1.08E-8
309.6	324.4	339.9	0.39	97.5	2.52	5.35E-9
339.9	356.1	373.1	0.29	97.9	2.13	2.97E-9
373.1	390.9	409.6	0.27	98.2	1.84	2.12E-9
409.6	429.2	449.7	0.31	98.4	1.57	1.85E-9
449.7	471.1	493.6	0.37	98.7	1.26	1.64E-9
493.6	517.2	541.9	0.37	99.1	0.89	1.26E-9
541.9	567.7	594.9	0.30	99.5	0.52	7.57E-10
594.9	623.3	653.0	0.16	99.8	0.23	3.17E-10
653.0	684.2	716.8	0.053	99.9	0.062	7.81E-11
716.8	751.1	786.9	0.0084	99.99	0.0088	9.28E-12
786.9	824.5	863.9	0.00037	100	0.00037	3.08E-13
863.9	905.1	948.3	0	100	0	0
948.3	993.6	1041	0	100	0	0
1041	1091	1143	0	100	0	0
1143	1197	1255	0	100	0	0
1255	1314	1377	0	100	0	0
1377	1443	1512	0	100	0	0
1512	1584	1660	0	100	0	0
1660	1739	1822	0	100	0	0
1822	1909	2000	0	100	0	0
2000				100	0	

