LS	2022-02-24  15:08
File name:	IODP_1176_STV0020_54.$ls
File ID:	IODP_1176
Sample ID:	STV0020
Operator:	RG
Bar code:	
Comment 1:	
Comment 2:	
Instrument:	LS 230, VSM Plus
Run number:	54
Start time:	2022-02-24  15:07
Run length:	61
Optical model:	Fraunhofer.rfd   PIDS included
Obscuration:	11
PIDS Obscur:	41
Obscuration:	OK
Serial Number:	7205

From	0.0400
To	2000
Volume 	100
Mean:	81.15
Median:	53.24
D(0,0):	0.103
Mean/Median ratio:	1.524
Mode:	80.07
S.D.:	90.70
Variance:	8226
C.V.:	111.8
Skewness:	2.722
Kurtosis:	10.57
d10:	8.293
d50:	53.24
d90:	183.4
Specific Surf. Area:	5553

% <	Size 
10	8.29
25	21.9
50	53.2
75	109
90	183

% >	Size 
10	183
25	109
50	53.2
75	21.9
90	8.29

Size 	% <
1	1.45
10	12.0
100	71.9
1000	100

Size 	% >
1	98.5
10	88.0
100	28.1
1000	0

Particle	IODP_1176	Volume	Volume
Diameter	_STV0020	% >	%
um	_54.$ls		
	Volume		
	% <		
0.4	0.58	99.4	0.14
0.488	0.72	99.3	0.30
0.69	1.03	99.0	0.40
0.98	1.43	98.6	0.51
1.38	1.94	98.1	0.69
1.95	2.63	97.4	0.95
2.76	3.57	96.4	1.33
3.91	4.90	95.1	1.87
5.52	6.77	93.2	2.67
7.81	9.44	90.6	3.72
11.05	13.2	86.8	5.11
15.63	18.3	81.7	6.88
22.1	25.2	74.8	8.81
31.3	34.0	66.0	10.1
44.2	44.0	56.0	11.4
62.5	55.4	44.6	12.2
88.4	67.6	32.4	11.7
125	79.3	20.7	9.86
177	89.2	10.8	6.48
250	95.7	4.32	2.25
354	97.9	2.07	1.06
500	99.0	1.02	0.98
707	99.96	0.035	0.035
1000	100	0	0
1414	100	0	0
2000	100	0	0
2828	100	0	0
4000	100	0	

Channel	Channel	Channel	Diff.	Cum. <	Cum. >	Diff.
Diameter	Diameter	Diameter	Volume	Volume	Volume	Number
(Lower)	(Center)	(Upper)	%	%	%	%
um	um	um				
0.040	0.042	0.044	0.00028	0	100	1.93
0.044	0.046	0.048	0.00037	0.00028	100	1.92
0.048	0.050	0.053	0.00059	0.00065	99.999	2.32
0.053	0.055	0.058	0.0012	0.0012	99.999	3.54
0.058	0.061	0.064	0.0025	0.0024	99.998	5.59
0.064	0.067	0.070	0.0046	0.0049	99.995	7.82
0.070	0.073	0.077	0.0071	0.0096	99.99	8.99
0.077	0.080	0.084	0.0093	0.017	99.98	9.01
0.084	0.088	0.093	0.012	0.026	99.97	8.45
0.093	0.097	0.102	0.014	0.038	99.96	7.73
0.102	0.106	0.112	0.017	0.052	99.9	6.90
0.112	0.117	0.122	0.019	0.068	99.9	6.00
0.122	0.128	0.134	0.022	0.087	99.9	5.13
0.134	0.141	0.148	0.024	0.11	99.9	4.33
0.148	0.155	0.162	0.027	0.13	99.9	3.61
0.162	0.170	0.178	0.029	0.16	99.8	2.99
0.178	0.186	0.195	0.032	0.19	99.8	2.47
0.195	0.205	0.214	0.035	0.22	99.8	2.05
0.214	0.225	0.235	0.038	0.26	99.7	1.69
0.235	0.247	0.258	0.041	0.29	99.7	1.39
0.258	0.271	0.284	0.045	0.33	99.7	1.15
0.284	0.297	0.311	0.049	0.38	99.6	0.94
0.311	0.326	0.342	0.053	0.43	99.6	0.77
0.342	0.358	0.375	0.057	0.48	99.5	0.62
0.375	0.393	0.412	0.061	0.54	99.5	0.51
0.412	0.431	0.452	0.066	0.60	99.4	0.41
0.452	0.474	0.496	0.070	0.67	99.3	0.33
0.496	0.520	0.545	0.075	0.74	99.3	0.27
0.545	0.571	0.598	0.081	0.81	99.2	0.22
0.598	0.627	0.656	0.087	0.89	99.1	0.18
0.656	0.688	0.721	0.093	0.98	99.0	0.14
0.721	0.755	0.791	0.099	1.07	98.9	0.12
0.791	0.829	0.868	0.11	1.17	98.8	0.094
0.868	0.910	0.953	0.11	1.28	98.7	0.076
0.953	0.999	1.047	0.12	1.39	98.6	0.062
1.047	1.097	1.149	0.13	1.51	98.5	0.050
1.149	1.204	1.261	0.14	1.65	98.4	0.041
1.261	1.321	1.385	0.15	1.79	98.2	0.034
1.385	1.451	1.520	0.17	1.94	98.1	0.027
1.520	1.592	1.668	0.18	2.11	97.9	0.022
1.668	1.748	1.832	0.20	2.29	97.7	0.018
1.832	1.919	2.011	0.21	2.49	97.5	0.015
2.011	2.107	2.207	0.23	2.70	97.3	0.012
2.207	2.313	2.423	0.25	2.93	97.1	0.010
2.423	2.539	2.660	0.28	3.18	96.8	0.0085
2.660	2.787	2.920	0.30	3.46	96.5	0.0070
2.920	3.059	3.205	0.33	3.76	96.2	0.0058
3.205	3.358	3.519	0.36	4.09	95.9	0.0048
3.519	3.687	3.863	0.40	4.45	95.6	0.0040
3.863	4.047	4.240	0.44	4.85	95.2	0.0033
4.240	4.443	4.655	0.48	5.28	94.7	0.0028
4.655	4.877	5.110	0.53	5.76	94.2	0.0023
5.110	5.354	5.610	0.58	6.29	93.7	0.0019
5.610	5.878	6.158	0.64	6.88	93.1	0.0016
6.158	6.452	6.760	0.70	7.52	92.5	0.0013
6.760	7.083	7.421	0.77	8.22	91.8	0.0011
7.421	7.775	8.147	0.84	8.99	91.0	0.00090
8.147	8.536	8.943	0.92	9.83	90.2	0.00074
8.943	9.370	9.817	1.00	10.8	89.2	0.00061
9.817	10.29	10.78	1.09	11.8	88.2	0.00051
10.78	11.29	11.83	1.19	12.8	87.2	0.00042
11.83	12.40	12.99	1.30	14.0	86.0	0.00034
12.99	13.61	14.26	1.41	15.3	84.7	0.00028
14.26	14.94	15.65	1.54	16.8	83.2	0.00023
15.65	16.40	17.18	1.67	18.3	81.7	0.00019
17.18	18.00	18.86	1.80	20.0	80.0	0.00016
18.86	19.76	20.70	1.95	21.8	78.2	0.00013
20.70	21.69	22.73	2.09	23.7	76.3	0.00010
22.73	23.81	24.95	2.23	25.8	74.2	0.000083
24.95	26.14	27.39	2.37	28.0	72.0	0.000067
27.39	28.70	30.07	2.48	30.4	69.6	0.000053
30.07	31.50	33.01	2.58	32.9	67.1	0.000041
33.01	34.58	36.24	2.66	35.5	64.5	0.000032
36.24	37.97	39.78	2.74	38.1	61.9	0.000025
39.78	41.68	43.67	2.82	40.9	59.1	0.000020
43.67	45.75	47.94	2.92	43.7	56.3	0.000015
47.94	50.22	52.62	3.02	46.6	53.4	0.000012
52.62	55.13	57.77	3.12	49.6	50.4	0.000009
57.77	60.52	63.41	3.20	52.8	47.2	0.000007
63.41	66.44	69.61	3.26	56.0	44.0	0.000006
69.61	72.94	76.42	3.29	59.2	40.8	0.000004
76.42	80.07	83.89	3.30	62.5	37.5	0.000003
83.89	87.90	92.09	3.28	65.8	34.2	0.000002
92.09	96.49	101.1	3.24	69.1	30.9	0.000002
101.1	105.9	111.0	3.17	72.3	27.7	0.000001
111.0	116.3	121.8	3.06	75.5	24.5	0.000001
121.8	127.6	133.7	2.92	78.6	21.4	0.000001
133.7	140.1	146.8	2.76	81.5	18.5	0.000001
146.8	153.8	161.2	2.58	84.2	15.8	3.56E-7
161.2	168.9	176.9	2.38	86.8	13.2	2.48E-7
176.9	185.4	194.2	2.16	89.2	10.8	1.7E-7
194.2	203.5	213.2	1.89	91.3	8.65	1.13E-7
213.2	223.4	234.1	1.58	93.2	6.76	7.14E-8
234.1	245.2	256.9	1.23	94.8	5.18	4.2E-8
256.9	269.2	282.1	0.87	96.1	3.95	2.25E-8
282.1	295.5	309.6	0.56	96.9	3.08	1.09E-8
309.6	324.4	339.9	0.34	97.5	2.52	5.05E-9
339.9	356.1	373.1	0.24	97.8	2.17	2.67E-9
373.1	390.9	409.6	0.23	98.1	1.93	1.93E-9
409.6	429.2	449.7	0.28	98.3	1.71	1.8E-9
449.7	471.1	493.6	0.35	98.6	1.42	1.7E-9
493.6	517.2	541.9	0.39	98.9	1.07	1.41E-9
541.9	567.7	594.9	0.34	99.3	0.68	9.47E-10
594.9	623.3	653.0	0.22	99.7	0.34	4.59E-10
653.0	684.2	716.8	0.094	99.9	0.12	1.48E-10
716.8	751.1	786.9	0.019	99.98	0.021	2.28E-11
786.9	824.5	863.9	0.0016	99.998	0.0016	1.45E-12
863.9	905.1	948.3	0	100	0	0
948.3	993.6	1041	0	100	0	0
1041	1091	1143	0	100	0	0
1143	1197	1255	0	100	0	0
1255	1314	1377	0	100	0	0
1377	1443	1512	0	100	0	0
1512	1584	1660	0	100	0	0
1660	1739	1822	0	100	0	0
1822	1909	2000	0	100	0	0
2000				100	0	

