LS	2022-02-24  12:11
File name:	IODP_1176_STV0017_23.$ls
File ID:	IODP_1176
Sample ID:	STV0017
Operator:	RG
Bar code:	
Comment 1:	
Comment 2:	
Instrument:	LS 230, VSM Plus
Run number:	23
Start time:	2022-02-24  12:10
Run length:	61
Optical model:	Fraunhofer.rfd   PIDS included
Obscuration:	11
PIDS Obscur:	44
Obscuration:	OK
Serial Number:	7205

From	0.0400
To	2000
Volume 	100
Mean:	52.23
Median:	27.48
D(0,0):	0.104
Mean/Median ratio:	1.901
Mode:	28.70
S.D.:	69.76
Variance:	4867
C.V.:	133.6
Skewness:	2.400
Kurtosis:	5.459
d10:	4.149
d50:	27.48
d90:	133.3
Specific Surf. Area:	9709

% <	Size 
10	4.15
25	12.1
50	27.5
75	56.8
90	133

% >	Size 
10	133
25	56.8
50	27.5
75	12.1
90	4.15

Size 	% <
1	2.88
10	21.2
100	87.0
1000	100

Size 	% >
1	97.1
10	78.8
100	13.0
1000	0

Particle	IODP_1176	Volume	Volume
Diameter	_STV0017	% >	%
um	_23.$ls		
	Volume		
	% <		
0.4	1.11	98.9	0.28
0.488	1.39	98.6	0.61
0.69	2.00	98.0	0.82
0.98	2.82	97.2	1.05
1.38	3.87	96.1	1.39
1.95	5.26	94.7	1.83
2.76	7.09	92.9	2.42
3.91	9.51	90.5	3.23
5.52	12.7	87.3	4.42
7.81	17.2	82.8	6.01
11.05	23.2	76.8	8.16
15.63	31.3	68.7	10.7
22.1	42.1	57.9	12.8
31.3	54.9	45.1	12.3
44.2	67.1	32.9	10.5
62.5	77.7	22.3	7.46
88.4	85.1	14.9	4.35
125	89.5	10.5	2.38
177	91.8	8.16	3.95
250	95.8	4.21	3.90
354	99.7	0.31	0.31
500	100	0	0
707	100	0	0
1000	100	0	0
1414	100	0	0
2000	100	0	0
2828	100	0	0
4000	100	0	

Channel	Channel	Channel	Diff.	Cum. <	Cum. >	Diff.
Diameter	Diameter	Diameter	Volume	Volume	Volume	Number
(Lower)	(Center)	(Upper)	%	%	%	%
um	um	um				
0.040	0.042	0.044	0.00051	0	100	1.89
0.044	0.046	0.048	0.00067	0.00051	99.999	1.87
0.048	0.050	0.053	0.0011	0.0012	99.999	2.26
0.053	0.055	0.058	0.0021	0.0022	99.998	3.43
0.058	0.061	0.064	0.0045	0.0044	99.996	5.43
0.064	0.067	0.070	0.0083	0.0088	99.99	7.63
0.070	0.073	0.077	0.013	0.017	99.98	8.84
0.077	0.080	0.084	0.017	0.030	99.97	8.90
0.084	0.088	0.093	0.021	0.047	99.95	8.38
0.093	0.097	0.102	0.026	0.068	99.9	7.70
0.102	0.106	0.112	0.031	0.094	99.9	6.91
0.112	0.117	0.122	0.035	0.12	99.9	6.03
0.122	0.128	0.134	0.040	0.16	99.8	5.17
0.134	0.141	0.148	0.045	0.20	99.8	4.38
0.148	0.155	0.162	0.050	0.24	99.8	3.67
0.162	0.170	0.178	0.055	0.29	99.7	3.05
0.178	0.186	0.195	0.060	0.35	99.7	2.54
0.195	0.205	0.214	0.066	0.41	99.6	2.11
0.214	0.225	0.235	0.072	0.47	99.5	1.75
0.235	0.247	0.258	0.080	0.55	99.5	1.45
0.258	0.271	0.284	0.087	0.63	99.4	1.20
0.284	0.297	0.311	0.095	0.71	99.3	0.99
0.311	0.326	0.342	0.10	0.81	99.2	0.81
0.342	0.358	0.375	0.11	0.91	99.1	0.67
0.375	0.393	0.412	0.12	1.02	99.0	0.54
0.412	0.431	0.452	0.13	1.14	98.9	0.44
0.452	0.474	0.496	0.14	1.27	98.7	0.36
0.496	0.520	0.545	0.15	1.42	98.6	0.29
0.545	0.571	0.598	0.16	1.57	98.4	0.24
0.598	0.627	0.656	0.18	1.73	98.3	0.20
0.656	0.688	0.721	0.19	1.91	98.1	0.16
0.721	0.755	0.791	0.20	2.09	97.9	0.13
0.791	0.829	0.868	0.22	2.30	97.7	0.10
0.868	0.910	0.953	0.23	2.52	97.5	0.085
0.953	0.999	1.047	0.25	2.75	97.2	0.069
1.047	1.097	1.149	0.27	3.00	97.0	0.056
1.149	1.204	1.261	0.29	3.28	96.7	0.046
1.261	1.321	1.385	0.32	3.57	96.4	0.037
1.385	1.451	1.520	0.34	3.88	96.1	0.030
1.520	1.592	1.668	0.37	4.22	95.8	0.025
1.668	1.748	1.832	0.39	4.59	95.4	0.020
1.832	1.919	2.011	0.42	4.98	95.0	0.016
2.011	2.107	2.207	0.45	5.40	94.6	0.013
2.207	2.313	2.423	0.49	5.86	94.1	0.011
2.423	2.539	2.660	0.53	6.35	93.7	0.0088
2.660	2.787	2.920	0.57	6.87	93.1	0.0071
2.920	3.059	3.205	0.61	7.44	92.6	0.0058
3.205	3.358	3.519	0.66	8.05	92.0	0.0048
3.519	3.687	3.863	0.71	8.70	91.3	0.0039
3.863	4.047	4.240	0.77	9.42	90.6	0.0032
4.240	4.443	4.655	0.84	10.2	89.8	0.0026
4.655	4.877	5.110	0.91	11.0	89.0	0.0021
5.110	5.354	5.610	0.99	11.9	88.1	0.0018
5.610	5.878	6.158	1.07	12.9	87.1	0.0014
6.158	6.452	6.760	1.16	14.0	86.0	0.0012
6.760	7.083	7.421	1.27	15.2	84.8	0.00097
7.421	7.775	8.147	1.37	16.4	83.6	0.00080
8.147	8.536	8.943	1.49	17.8	82.2	0.00066
8.943	9.370	9.817	1.62	19.3	80.7	0.00054
9.817	10.29	10.78	1.76	20.9	79.1	0.00044
10.78	11.29	11.83	1.91	22.7	77.3	0.00036
11.83	12.40	12.99	2.08	24.6	75.4	0.00030
12.99	13.61	14.26	2.26	26.7	73.3	0.00024
14.26	14.94	15.65	2.44	28.9	71.1	0.00020
15.65	16.40	17.18	2.64	31.4	68.6	0.00016
17.18	18.00	18.86	2.83	34.0	66.0	0.00013
18.86	19.76	20.70	3.03	36.8	63.2	0.00011
20.70	21.69	22.73	3.21	39.9	60.1	0.000086
22.73	23.81	24.95	3.36	43.1	56.9	0.000068
24.95	26.14	27.39	3.46	46.4	53.6	0.000053
27.39	28.70	30.07	3.51	49.9	50.1	0.000041
30.07	31.50	33.01	3.48	53.4	46.6	0.000030
33.01	34.58	36.24	3.41	56.9	43.1	0.000023
36.24	37.97	39.78	3.30	60.3	39.7	0.000017
39.78	41.68	43.67	3.18	63.6	36.4	0.000012
43.67	45.75	47.94	3.06	66.8	33.2	0.000009
47.94	50.22	52.62	2.92	69.8	30.2	0.000006
52.62	55.13	57.77	2.76	72.7	27.3	0.000005
57.77	60.52	63.41	2.56	75.5	24.5	0.000003
63.41	66.44	69.61	2.32	78.1	21.9	0.000002
69.61	72.94	76.42	2.06	80.4	19.6	0.000001
76.42	80.07	83.89	1.80	82.4	17.6	0.000001
83.89	87.90	92.09	1.57	84.3	15.7	0.000001
92.09	96.49	101.1	1.35	85.8	14.2	4.1E-7
101.1	105.9	111.0	1.14	87.2	12.8	2.63E-7
111.0	116.3	121.8	0.95	88.3	11.7	1.65E-7
121.8	127.6	133.7	0.77	89.3	10.7	1.02E-7
133.7	140.1	146.8	0.64	90.0	9.97	6.34E-8
146.8	153.8	161.2	0.57	90.7	9.33	4.29E-8
161.2	168.9	176.9	0.60	91.2	8.76	3.4E-8
176.9	185.4	194.2	0.74	91.8	8.16	3.16E-8
194.2	203.5	213.2	0.97	92.6	7.43	3.16E-8
213.2	223.4	234.1	1.25	93.5	6.45	3.05E-8
234.1	245.2	256.9	1.43	94.8	5.21	2.65E-8
256.9	269.2	282.1	1.41	96.2	3.78	1.98E-8
282.1	295.5	309.6	1.16	97.6	2.37	1.23E-8
309.6	324.4	339.9	0.75	98.8	1.21	6.01E-9
339.9	356.1	373.1	0.35	99.5	0.46	2.1E-9
373.1	390.9	409.6	0.096	99.9	0.11	4.4E-10
409.6	429.2	449.7	0.013	99.99	0.014	4.55E-11
449.7	471.1	493.6	0.00046	100	0.00046	1.19E-12
493.6	517.2	541.9	0	100	0	0
541.9	567.7	594.9	0	100	0	0
594.9	623.3	653.0	0	100	0	0
653.0	684.2	716.8	0	100	0	0
716.8	751.1	786.9	0	100	0	0
786.9	824.5	863.9	0	100	0	0
863.9	905.1	948.3	0	100	0	0
948.3	993.6	1041	0	100	0	0
1041	1091	1143	0	100	0	0
1143	1197	1255	0	100	0	0
1255	1314	1377	0	100	0	0
1377	1443	1512	0	100	0	0
1512	1584	1660	0	100	0	0
1660	1739	1822	0	100	0	0
1822	1909	2000	0	100	0	0
2000				100	0	

