LS	2022-02-24  10:56
File name:	IODP_1176_STV0015_07.$ls
File ID:	IODP_1176
Sample ID:	STV0015
Operator:	RG
Bar code:	
Comment 1:	
Comment 2:	
Instrument:	LS 230, VSM Plus
Run number:	7
Start time:	2022-02-24  10:55
Run length:	62
Optical model:	Fraunhofer.rfd   PIDS included
Obscuration:	9
PIDS Obscur:	38
Obscuration:	OK
Serial Number:	7205

From	0.0400
To	2000
Volume 	100
Mean:	38.33
Median:	26.14
D(0,0):	0.117
Mean/Median ratio:	1.466
Mode:	31.50
S.D.:	42.70
Variance:	1824
C.V.:	111.4
Skewness:	2.448
Kurtosis:	6.973
d10:	3.677
d50:	26.14
d90:	81.40
Specific Surf. Area:	9053

% <	Size 
10	3.68
25	11.2
50	26.1
75	48.2
90	81.4

% >	Size 
10	81.4
25	48.2
50	26.1
75	11.2
90	3.68

Size 	% <
1	2.67
10	22.8
100	93.0
1000	100

Size 	% >
1	97.3
10	77.2
100	7.03
1000	0

Particle	IODP_1176	Volume	Volume
Diameter	_STV0015	% >	%
um	_07.$ls		
	Volume		
	% <		
0.4	0.80	99.2	0.27
0.488	1.06	98.9	0.63
0.69	1.69	98.3	0.91
0.98	2.61	97.4	1.24
1.38	3.85	96.2	1.68
1.95	5.53	94.5	2.20
2.76	7.73	92.3	2.82
3.91	10.5	89.5	3.55
5.52	14.1	85.9	4.59
7.81	18.7	81.3	5.98
11.05	24.7	75.3	8.01
15.63	32.7	67.3	10.9
22.1	43.6	56.4	13.8
31.3	57.4	42.6	14.2
44.2	71.6	28.4	12.1
62.5	83.8	16.2	7.60
88.4	91.4	8.64	3.38
125	94.7	5.26	2.41
177	97.2	2.85	2.63
250	99.8	0.22	0.22
354	100	0	0
500	100	0	0
707	100	0	0
1000	100	0	0
1414	100	0	0
2000	100	0	0
2828	100	0	0
4000	100	0	

Channel	Channel	Channel	Diff.	Cum. <	Cum. >	Diff.
Diameter	Diameter	Diameter	Volume	Volume	Volume	Number
(Lower)	(Center)	(Upper)	%	%	%	%
um	um	um				
0.040	0.042	0.044	0.00021	0	100	1.44
0.044	0.046	0.048	0.00029	0.00021	100	1.50
0.048	0.050	0.053	0.00049	0.00051	99.999	1.91
0.053	0.055	0.058	0.0010	0.0010	99.999	2.94
0.058	0.061	0.064	0.0021	0.0020	99.998	4.59
0.064	0.067	0.070	0.0038	0.0041	99.996	6.40
0.070	0.073	0.077	0.0060	0.0079	99.99	7.51
0.077	0.080	0.084	0.0082	0.014	99.99	7.78
0.084	0.088	0.093	0.010	0.022	99.98	7.55
0.093	0.097	0.102	0.013	0.033	99.97	7.18
0.102	0.106	0.112	0.016	0.046	99.95	6.67
0.112	0.117	0.122	0.019	0.062	99.9	6.03
0.122	0.128	0.134	0.023	0.081	99.9	5.33
0.134	0.141	0.148	0.026	0.10	99.9	4.67
0.148	0.155	0.162	0.030	0.13	99.9	4.08
0.162	0.170	0.178	0.035	0.16	99.8	3.54
0.178	0.186	0.195	0.040	0.20	99.8	3.06
0.195	0.205	0.214	0.046	0.24	99.8	2.65
0.214	0.225	0.235	0.052	0.28	99.7	2.29
0.235	0.247	0.258	0.060	0.33	99.7	1.98
0.258	0.271	0.284	0.068	0.39	99.6	1.71
0.284	0.297	0.311	0.077	0.46	99.5	1.47
0.311	0.326	0.342	0.087	0.54	99.5	1.25
0.342	0.358	0.375	0.098	0.63	99.4	1.06
0.375	0.393	0.412	0.11	0.72	99.3	0.89
0.412	0.431	0.452	0.12	0.83	99.2	0.75
0.452	0.474	0.496	0.14	0.95	99.0	0.63
0.496	0.520	0.545	0.15	1.09	98.9	0.53
0.545	0.571	0.598	0.17	1.24	98.8	0.44
0.598	0.627	0.656	0.18	1.40	98.6	0.37
0.656	0.688	0.721	0.20	1.59	98.4	0.31
0.721	0.755	0.791	0.22	1.79	98.2	0.26
0.791	0.829	0.868	0.24	2.01	98.0	0.21
0.868	0.910	0.953	0.27	2.26	97.7	0.18
0.953	0.999	1.047	0.29	2.52	97.5	0.15
1.047	1.097	1.149	0.32	2.82	97.2	0.12
1.149	1.204	1.261	0.35	3.13	96.9	0.099
1.261	1.321	1.385	0.38	3.48	96.5	0.081
1.385	1.451	1.520	0.41	3.86	96.1	0.067
1.520	1.592	1.668	0.44	4.27	95.7	0.055
1.668	1.748	1.832	0.48	4.71	95.3	0.044
1.832	1.919	2.011	0.51	5.19	94.8	0.036
2.011	2.107	2.207	0.55	5.70	94.3	0.029
2.207	2.313	2.423	0.59	6.25	93.7	0.024
2.423	2.539	2.660	0.63	6.84	93.2	0.019
2.660	2.787	2.920	0.67	7.47	92.5	0.015
2.920	3.059	3.205	0.72	8.14	91.9	0.012
3.205	3.358	3.519	0.76	8.86	91.1	0.010
3.519	3.687	3.863	0.82	9.62	90.4	0.0081
3.863	4.047	4.240	0.87	10.4	89.6	0.0065
4.240	4.443	4.655	0.93	11.3	88.7	0.0053
4.655	4.877	5.110	0.99	12.2	87.8	0.0043
5.110	5.354	5.610	1.06	13.2	86.8	0.0034
5.610	5.878	6.158	1.14	14.3	85.7	0.0028
6.158	6.452	6.760	1.22	15.4	84.6	0.0023
6.760	7.083	7.421	1.30	16.6	83.4	0.0018
7.421	7.775	8.147	1.40	17.9	82.1	0.0015
8.147	8.536	8.943	1.50	19.3	80.7	0.0012
8.943	9.370	9.817	1.61	20.8	79.2	0.00097
9.817	10.29	10.78	1.74	22.4	77.6	0.00079
10.78	11.29	11.83	1.88	24.2	75.8	0.00065
11.83	12.40	12.99	2.03	26.1	73.9	0.00053
12.99	13.61	14.26	2.21	28.1	71.9	0.00044
14.26	14.94	15.65	2.41	30.3	69.7	0.00036
15.65	16.40	17.18	2.62	32.7	67.3	0.00030
17.18	18.00	18.86	2.85	35.3	64.7	0.00024
18.86	19.76	20.70	3.09	38.2	61.8	0.00020
20.70	21.69	22.73	3.33	41.3	58.7	0.00016
22.73	23.81	24.95	3.56	44.6	55.4	0.00013
24.95	26.14	27.39	3.74	48.2	51.8	0.00010
27.39	28.70	30.07	3.87	51.9	48.1	0.000081
30.07	31.50	33.01	3.92	55.8	44.2	0.000062
33.01	34.58	36.24	3.91	59.7	40.3	0.000047
36.24	37.97	39.78	3.84	63.6	36.4	0.000035
39.78	41.68	43.67	3.74	67.5	32.5	0.000026
43.67	45.75	47.94	3.60	71.2	28.8	0.000019
47.94	50.22	52.62	3.41	74.8	25.2	0.000013
52.62	55.13	57.77	3.16	78.2	21.8	0.000009
57.77	60.52	63.41	2.86	81.4	18.6	0.000006
63.41	66.44	69.61	2.50	84.2	15.8	0.000004
69.61	72.94	76.42	2.12	86.7	13.3	0.000003
76.42	80.07	83.89	1.75	88.8	11.2	0.000002
83.89	87.90	92.09	1.41	90.6	9.42	0.000001
92.09	96.49	101.1	1.11	92.0	8.00	0.000001
101.1	105.9	111.0	0.85	93.1	6.89	3.55E-7
111.0	116.3	121.8	0.65	94.0	6.05	2.04E-7
121.8	127.6	133.7	0.54	94.6	5.40	1.28E-7
133.7	140.1	146.8	0.54	95.1	4.86	9.8E-8
146.8	153.8	161.2	0.66	95.7	4.32	8.95E-8
161.2	168.9	176.9	0.82	96.3	3.67	8.45E-8
176.9	185.4	194.2	0.92	97.2	2.85	7.2E-8
194.2	203.5	213.2	0.86	98.1	1.93	5.09E-8
213.2	223.4	234.1	0.63	98.9	1.07	2.79E-8
234.1	245.2	256.9	0.32	99.6	0.44	1.09E-8
256.9	269.2	282.1	0.10	99.9	0.12	2.59E-9
282.1	295.5	309.6	0.016	99.98	0.016	3.03E-10
309.6	324.4	339.9	0.00073	99.999	0.00073	1.07E-11
339.9	356.1	373.1	0	100	0	0
373.1	390.9	409.6	0	100	0	0
409.6	429.2	449.7	0	100	0	0
449.7	471.1	493.6	0	100	0	0
493.6	517.2	541.9	0	100	0	0
541.9	567.7	594.9	0	100	0	0
594.9	623.3	653.0	0	100	0	0
653.0	684.2	716.8	0	100	0	0
716.8	751.1	786.9	0	100	0	0
786.9	824.5	863.9	0	100	0	0
863.9	905.1	948.3	0	100	0	0
948.3	993.6	1041	0	100	0	0
1041	1091	1143	0	100	0	0
1143	1197	1255	0	100	0	0
1255	1314	1377	0	100	0	0
1377	1443	1512	0	100	0	0
1512	1584	1660	0	100	0	0
1660	1739	1822	0	100	0	0
1822	1909	2000	0	100	0	0
2000				100	0	

