LS	2022-02-24  13:30
File name:	IODP_1176_STV0018_32.$ls
File ID:	IODP_1176
Sample ID:	STV0018
Operator:	RG
Bar code:	
Comment 1:	
Comment 2:	
Instrument:	LS 230, VSM Plus
Run number:	32
Start time:	2022-02-24  13:29
Run length:	62
Optical model:	Fraunhofer.rfd   PIDS included
Obscuration:	10
PIDS Obscur:	45
Obscuration:	OK
Serial Number:	7205

From	0.0400
To	2000
Volume 	100
Mean:	46.57
Median:	30.80
D(0,0):	0.104
Mean/Median ratio:	1.512
Mode:	41.68
S.D.:	50.13
Variance:	2513
C.V.:	107.6
Skewness:	2.089
Kurtosis:	4.825
d10:	4.584
d50:	30.80
d90:	106.1
Specific Surf. Area:	8808

% <	Size 
10	4.58
25	13.2
50	30.8
75	60.3
90	106

% >	Size 
10	106
25	60.3
50	30.8
75	13.2
90	4.58

Size 	% <
1	2.52
10	19.7
100	88.9
1000	100

Size 	% >
1	97.5
10	80.3
100	11.1
1000	0

Particle	IODP_1176	Volume	Volume
Diameter	_STV0018	% >	%
um	_32.$ls		
	Volume		
	% <		
0.4	0.97	99.0	0.25
0.488	1.21	98.8	0.54
0.69	1.75	98.2	0.72
0.98	2.47	97.5	0.93
1.38	3.40	96.6	1.26
1.95	4.66	95.3	1.71
2.76	6.37	93.6	2.32
3.91	8.68	91.3	3.10
5.52	11.8	88.2	4.18
7.81	16.0	84.0	5.54
11.05	21.5	78.5	7.34
15.63	28.8	71.2	9.67
22.1	38.5	61.5	12.1
31.3	50.6	49.4	13.0
44.2	63.6	36.4	12.7
62.5	76.2	23.8	10.0
88.4	86.3	13.7	6.10
125	92.4	7.62	3.49
177	95.9	4.13	3.46
250	99.3	0.67	0.67
354	99.999	0.00069	0.00069
500	100	0	0
707	100	0	0
1000	100	0	0
1414	100	0	0
2000	100	0	0
2828	100	0	0
4000	100	0	

Channel	Channel	Channel	Diff.	Cum. <	Cum. >	Diff.
Diameter	Diameter	Diameter	Volume	Volume	Volume	Number
(Lower)	(Center)	(Upper)	%	%	%	%
um	um	um				
0.040	0.042	0.044	0.00044	0	100	1.88
0.044	0.046	0.048	0.00058	0.00044	100	1.87
0.048	0.050	0.053	0.00092	0.0010	99.999	2.25
0.053	0.055	0.058	0.0018	0.0019	99.998	3.41
0.058	0.061	0.064	0.0039	0.0038	99.996	5.39
0.064	0.067	0.070	0.0072	0.0076	99.99	7.59
0.070	0.073	0.077	0.011	0.015	99.99	8.81
0.077	0.080	0.084	0.015	0.026	99.97	8.89
0.084	0.088	0.093	0.018	0.041	99.96	8.38
0.093	0.097	0.102	0.022	0.059	99.9	7.70
0.102	0.106	0.112	0.027	0.081	99.9	6.91
0.112	0.117	0.122	0.031	0.11	99.9	6.03
0.122	0.128	0.134	0.035	0.14	99.9	5.18
0.134	0.141	0.148	0.039	0.17	99.8	4.39
0.148	0.155	0.162	0.043	0.21	99.8	3.68
0.162	0.170	0.178	0.048	0.26	99.7	3.07
0.178	0.186	0.195	0.052	0.30	99.7	2.55
0.195	0.205	0.214	0.058	0.36	99.6	2.12
0.214	0.225	0.235	0.063	0.41	99.6	1.76
0.235	0.247	0.258	0.070	0.48	99.5	1.46
0.258	0.271	0.284	0.076	0.55	99.5	1.21
0.284	0.297	0.311	0.083	0.62	99.4	1.00
0.311	0.326	0.342	0.091	0.71	99.3	0.82
0.342	0.358	0.375	0.098	0.80	99.2	0.67
0.375	0.393	0.412	0.11	0.89	99.1	0.55
0.412	0.431	0.452	0.11	1.00	99.0	0.45
0.452	0.474	0.496	0.12	1.11	98.9	0.36
0.496	0.520	0.545	0.13	1.24	98.8	0.30
0.545	0.571	0.598	0.14	1.37	98.6	0.24
0.598	0.627	0.656	0.15	1.51	98.5	0.20
0.656	0.688	0.721	0.16	1.67	98.3	0.16
0.721	0.755	0.791	0.18	1.83	98.2	0.13
0.791	0.829	0.868	0.19	2.01	98.0	0.11
0.868	0.910	0.953	0.21	2.20	97.8	0.086
0.953	0.999	1.047	0.22	2.41	97.6	0.070
1.047	1.097	1.149	0.24	2.63	97.4	0.057
1.149	1.204	1.261	0.26	2.87	97.1	0.047
1.261	1.321	1.385	0.28	3.13	96.9	0.038
1.385	1.451	1.520	0.30	3.41	96.6	0.031
1.520	1.592	1.668	0.33	3.71	96.3	0.026
1.668	1.748	1.832	0.36	4.04	96.0	0.021
1.832	1.919	2.011	0.39	4.40	95.6	0.017
2.011	2.107	2.207	0.42	4.79	95.2	0.014
2.207	2.313	2.423	0.46	5.21	94.8	0.012
2.423	2.539	2.660	0.49	5.66	94.3	0.0095
2.660	2.787	2.920	0.54	6.16	93.8	0.0078
2.920	3.059	3.205	0.58	6.70	93.3	0.0064
3.205	3.358	3.519	0.63	7.28	92.7	0.0052
3.519	3.687	3.863	0.68	7.91	92.1	0.0043
3.863	4.047	4.240	0.74	8.59	91.4	0.0035
4.240	4.443	4.655	0.80	9.33	90.7	0.0029
4.655	4.877	5.110	0.87	10.1	89.9	0.0024
5.110	5.354	5.610	0.94	11.0	89.0	0.0019
5.610	5.878	6.158	1.02	12.0	88.0	0.0016
6.158	6.452	6.760	1.10	13.0	87.0	0.0013
6.760	7.083	7.421	1.19	14.1	85.9	0.0011
7.421	7.775	8.147	1.29	15.3	84.7	0.00086
8.147	8.536	8.943	1.39	16.6	83.4	0.00070
8.943	9.370	9.817	1.49	17.9	82.1	0.00057
9.817	10.29	10.78	1.61	19.4	80.6	0.00047
10.78	11.29	11.83	1.74	21.1	78.9	0.00038
11.83	12.40	12.99	1.87	22.8	77.2	0.00031
12.99	13.61	14.26	2.02	24.7	75.3	0.00025
14.26	14.94	15.65	2.18	26.7	73.3	0.00021
15.65	16.40	17.18	2.36	28.9	71.1	0.00017
17.18	18.00	18.86	2.54	31.2	68.8	0.00014
18.86	19.76	20.70	2.73	33.8	66.2	0.00011
20.70	21.69	22.73	2.92	36.5	63.5	0.000090
22.73	23.81	24.95	3.10	39.4	60.6	0.000072
24.95	26.14	27.39	3.26	42.5	57.5	0.000057
27.39	28.70	30.07	3.37	45.8	54.2	0.000045
30.07	31.50	33.01	3.45	49.1	50.9	0.000035
33.01	34.58	36.24	3.50	52.6	47.4	0.000027
36.24	37.97	39.78	3.52	56.1	43.9	0.000020
39.78	41.68	43.67	3.52	59.6	40.4	0.000015
43.67	45.75	47.94	3.52	63.1	36.9	0.000012
47.94	50.22	52.62	3.48	66.7	33.3	0.000009
52.62	55.13	57.77	3.39	70.1	29.9	0.000006
57.77	60.52	63.41	3.24	73.5	26.5	0.000005
63.41	66.44	69.61	3.03	76.8	23.2	0.000003
69.61	72.94	76.42	2.77	79.8	20.2	0.000002
76.42	80.07	83.89	2.49	82.6	17.4	0.000002
83.89	87.90	92.09	2.21	85.1	14.9	0.000001
92.09	96.49	101.1	1.91	87.3	12.7	0.000001
101.1	105.9	111.0	1.61	89.2	10.8	4.26E-7
111.0	116.3	121.8	1.31	90.8	9.21	2.62E-7
121.8	127.6	133.7	1.06	92.1	7.91	1.6E-7
133.7	140.1	146.8	0.90	93.2	6.85	1.03E-7
146.8	153.8	161.2	0.87	94.1	5.95	7.53E-8
161.2	168.9	176.9	0.94	94.9	5.08	6.14E-8
176.9	185.4	194.2	1.03	95.9	4.14	5.11E-8
194.2	203.5	213.2	1.05	96.9	3.10	3.94E-8
213.2	223.4	234.1	0.92	97.9	2.05	2.61E-8
234.1	245.2	256.9	0.65	98.9	1.13	1.4E-8
256.9	269.2	282.1	0.34	99.5	0.48	5.48E-9
282.1	295.5	309.6	0.11	99.9	0.14	1.4E-9
309.6	324.4	339.9	0.019	99.98	0.021	1.79E-10
339.9	356.1	373.1	0.0012	99.999	0.0012	8.24E-12
373.1	390.9	409.6	0	100	0	0
409.6	429.2	449.7	0	100	0	0
449.7	471.1	493.6	0	100	0	0
493.6	517.2	541.9	0	100	0	0
541.9	567.7	594.9	0	100	0	0
594.9	623.3	653.0	0	100	0	0
653.0	684.2	716.8	0	100	0	0
716.8	751.1	786.9	0	100	0	0
786.9	824.5	863.9	0	100	0	0
863.9	905.1	948.3	0	100	0	0
948.3	993.6	1041	0	100	0	0
1041	1091	1143	0	100	0	0
1143	1197	1255	0	100	0	0
1255	1314	1377	0	100	0	0
1377	1443	1512	0	100	0	0
1512	1584	1660	0	100	0	0
1660	1739	1822	0	100	0	0
1822	1909	2000	0	100	0	0
2000				100	0	

