LS	2022-02-24  11:24
File name:	IODP_1176_STV0016_14.$ls
File ID:	IODP_1176
Sample ID:	STV0016
Operator:	RG
Bar code:	
Comment 1:	
Comment 2:	
Instrument:	LS 230, VSM Plus
Run number:	14
Start time:	2022-02-24  11:23
Run length:	62
Optical model:	Fraunhofer.rfd   PIDS included
Obscuration:	12
PIDS Obscur:	43
Obscuration:	OK
Serial Number:	7205

From	0.0400
To	2000
Volume 	100
Mean:	198.1
Median:	166.2
D(0,0):	0.110
Mean/Median ratio:	1.192
Mode:	295.5
S.D.:	169.1
Variance:	28596
C.V.:	85.35
Skewness:	0.777
Kurtosis:	-0.150
d10:	12.95
d50:	166.2
d90:	443.9
Specific Surf. Area:	3708

% <	Size 
10	13.0
25	45.2
50	166
75	311
90	444

% >	Size 
10	444
25	311
50	166
75	45.2
90	13.0

Size 	% <
1	1.08
10	8.11
100	38.5
1000	100

Size 	% >
1	98.9
10	91.9
100	61.5
1000	0

Particle	IODP_1176	Volume	Volume
Diameter	_STV0016	% >	%
um	_14.$ls		
	Volume		
	% <		
0.4	0.36	99.6	0.11
0.488	0.47	99.5	0.25
0.69	0.71	99.3	0.35
0.98	1.06	98.9	0.46
1.38	1.52	98.5	0.60
1.95	2.12	97.9	0.77
2.76	2.89	97.1	0.96
3.91	3.85	96.2	1.21
5.52	5.06	94.9	1.60
7.81	6.66	93.3	2.13
11.05	8.79	91.2	2.88
15.63	11.7	88.3	3.78
22.1	15.4	84.6	4.50
31.3	19.9	80.1	4.74
44.2	24.7	75.3	5.32
62.5	30.0	70.0	6.13
88.4	36.1	63.9	7.03
125	43.2	56.8	8.64
177	51.8	48.2	13.1
250	64.9	35.1	15.9
354	80.8	19.2	13.1
500	93.9	6.14	5.76
707	99.6	0.38	0.38
1000	100	0	0
1414	100	0	0
2000	100	0	0
2828	100	0	0
4000	100	0	

Channel	Channel	Channel	Diff.	Cum. <	Cum. >	Diff.
Diameter	Diameter	Diameter	Volume	Volume	Volume	Number
(Lower)	(Center)	(Upper)	%	%	%	%
um	um	um				
0.040	0.042	0.044	0.00013	0	100	1.69
0.044	0.046	0.048	0.00017	0.00013	100	1.70
0.048	0.050	0.053	0.00028	0.00030	100	2.09
0.053	0.055	0.058	0.00056	0.00058	99.999	3.19
0.058	0.061	0.064	0.0012	0.0011	99.999	5.02
0.064	0.067	0.070	0.0022	0.0023	99.998	7.04
0.070	0.073	0.077	0.0034	0.0045	99.996	8.21
0.077	0.080	0.084	0.0045	0.0078	99.99	8.38
0.084	0.088	0.093	0.0057	0.012	99.99	8.00
0.093	0.097	0.102	0.0071	0.018	99.98	7.46
0.102	0.106	0.112	0.0085	0.025	99.97	6.80
0.112	0.117	0.122	0.0100	0.034	99.97	6.03
0.122	0.128	0.134	0.011	0.044	99.96	5.25
0.134	0.141	0.148	0.013	0.055	99.9	4.52
0.148	0.155	0.162	0.015	0.068	99.9	3.86
0.162	0.170	0.178	0.017	0.083	99.9	3.28
0.178	0.186	0.195	0.019	0.100	99.9	2.78
0.195	0.205	0.214	0.021	0.12	99.9	2.36
0.214	0.225	0.235	0.023	0.14	99.9	2.00
0.235	0.247	0.258	0.026	0.16	99.8	1.70
0.258	0.271	0.284	0.030	0.19	99.8	1.44
0.284	0.297	0.311	0.033	0.22	99.8	1.22
0.311	0.326	0.342	0.037	0.25	99.7	1.02
0.342	0.358	0.375	0.041	0.29	99.7	0.85
0.375	0.393	0.412	0.045	0.33	99.7	0.71
0.412	0.431	0.452	0.049	0.37	99.6	0.59
0.452	0.474	0.496	0.054	0.42	99.6	0.49
0.496	0.520	0.545	0.059	0.48	99.5	0.41
0.545	0.571	0.598	0.065	0.54	99.5	0.34
0.598	0.627	0.656	0.071	0.60	99.4	0.28
0.656	0.688	0.721	0.078	0.67	99.3	0.23
0.721	0.755	0.791	0.085	0.75	99.2	0.19
0.791	0.829	0.868	0.093	0.84	99.2	0.16
0.868	0.910	0.953	0.10	0.93	99.1	0.13
0.953	0.999	1.047	0.11	1.03	99.0	0.11
1.047	1.097	1.149	0.12	1.14	98.9	0.087
1.149	1.204	1.261	0.13	1.26	98.7	0.071
1.261	1.321	1.385	0.14	1.38	98.6	0.058
1.385	1.451	1.520	0.15	1.52	98.5	0.047
1.520	1.592	1.668	0.16	1.67	98.3	0.038
1.668	1.748	1.832	0.17	1.83	98.2	0.031
1.832	1.919	2.011	0.18	2.00	98.0	0.025
2.011	2.107	2.207	0.19	2.18	97.8	0.020
2.207	2.313	2.423	0.21	2.37	97.6	0.016
2.423	2.539	2.660	0.22	2.58	97.4	0.013
2.660	2.787	2.920	0.23	2.80	97.2	0.010
2.920	3.059	3.205	0.25	3.03	97.0	0.0083
3.205	3.358	3.519	0.26	3.27	96.7	0.0066
3.519	3.687	3.863	0.28	3.53	96.5	0.0053
3.863	4.047	4.240	0.30	3.81	96.2	0.0043
4.240	4.443	4.655	0.32	4.11	95.9	0.0035
4.655	4.877	5.110	0.34	4.42	95.6	0.0028
5.110	5.354	5.610	0.36	4.76	95.2	0.0023
5.610	5.878	6.158	0.39	5.13	94.9	0.0019
6.158	6.452	6.760	0.42	5.52	94.5	0.0015
6.760	7.083	7.421	0.45	5.94	94.1	0.0012
7.421	7.775	8.147	0.49	6.39	93.6	0.0010
8.147	8.536	8.943	0.53	6.89	93.1	0.00082
8.943	9.370	9.817	0.57	7.42	92.6	0.00067
9.817	10.29	10.78	0.62	7.99	92.0	0.00055
10.78	11.29	11.83	0.68	8.61	91.4	0.00045
11.83	12.40	12.99	0.73	9.29	90.7	0.00037
12.99	13.61	14.26	0.80	10.0	90.0	0.00031
14.26	14.94	15.65	0.86	10.8	89.2	0.00025
15.65	16.40	17.18	0.93	11.7	88.3	0.00020
17.18	18.00	18.86	1.00	12.6	87.4	0.00017
18.86	19.76	20.70	1.06	13.6	86.4	0.00013
20.70	21.69	22.73	1.13	14.7	85.3	0.00011
22.73	23.81	24.95	1.18	15.8	84.2	0.000084
24.95	26.14	27.39	1.22	17.0	83.0	0.000066
27.39	28.70	30.07	1.24	18.2	81.8	0.000051
30.07	31.50	33.01	1.25	19.4	80.6	0.000039
33.01	34.58	36.24	1.26	20.7	79.3	0.000029
36.24	37.97	39.78	1.28	21.9	78.1	0.000023
39.78	41.68	43.67	1.31	23.2	76.8	0.000017
43.67	45.75	47.94	1.35	24.5	75.5	0.000014
47.94	50.22	52.62	1.40	25.9	74.1	0.000011
52.62	55.13	57.77	1.46	27.3	72.7	0.000008
57.77	60.52	63.41	1.52	28.7	71.3	0.000007
63.41	66.44	69.61	1.57	30.3	69.7	0.000005
69.61	72.94	76.42	1.63	31.8	68.2	0.000004
76.42	80.07	83.89	1.70	33.5	66.5	0.000003
83.89	87.90	92.09	1.77	35.2	64.8	0.000003
92.09	96.49	101.1	1.84	36.9	63.1	0.000002
101.1	105.9	111.0	1.90	38.8	61.2	0.000002
111.0	116.3	121.8	1.96	40.7	59.3	0.000001
121.8	127.6	133.7	2.03	42.6	57.4	0.000001
133.7	140.1	146.8	2.15	44.7	55.3	0.000001
146.8	153.8	161.2	2.35	46.8	53.2	0.000001
161.2	168.9	176.9	2.64	49.2	50.8	0.000001
176.9	185.4	194.2	3.02	51.8	48.2	4.58E-7
194.2	203.5	213.2	3.43	54.8	45.2	3.93E-7
213.2	223.4	234.1	3.81	58.2	41.8	3.3E-7
234.1	245.2	256.9	4.11	62.1	37.9	2.69E-7
256.9	269.2	282.1	4.28	66.2	33.8	2.12E-7
282.1	295.5	309.6	4.33	70.4	29.6	1.62E-7
309.6	324.4	339.9	4.27	74.8	25.2	1.21E-7
339.9	356.1	373.1	4.11	79.1	20.9	8.79E-8
373.1	390.9	409.6	3.85	83.2	16.8	6.23E-8
409.6	429.2	449.7	3.49	87.0	13.0	4.27E-8
449.7	471.1	493.6	3.03	90.5	9.49	2.8E-8
493.6	517.2	541.9	2.46	93.5	6.47	1.72E-8
541.9	567.7	594.9	1.85	96.0	4.00	9.76E-9
594.9	623.3	653.0	1.23	97.8	2.16	4.9E-9
653.0	684.2	716.8	0.64	99.1	0.93	1.94E-9
716.8	751.1	786.9	0.24	99.7	0.28	5.38E-10
786.9	824.5	863.9	0.044	99.95	0.047	7.52E-11
863.9	905.1	948.3	0.0032	99.997	0.0032	4.21E-12
948.3	993.6	1041	0	100	0	0
1041	1091	1143	0	100	0	0
1143	1197	1255	0	100	0	0
1255	1314	1377	0	100	0	0
1377	1443	1512	0	100	0	0
1512	1584	1660	0	100	0	0
1660	1739	1822	0	100	0	0
1822	1909	2000	0	100	0	0
2000				100	0	

