LS	2022-02-24  13:43
File name:	IODP_1176_STV0018_35.$ls
File ID:	IODP_1176
Sample ID:	STV0018
Operator:	RG
Bar code:	
Comment 1:	
Comment 2:	
Instrument:	LS 230, VSM Plus
Run number:	35
Start time:	2022-02-24  13:42
Run length:	62
Optical model:	Fraunhofer.rfd   PIDS included
Obscuration:	11
PIDS Obscur:	48
Obscuration:	OK
Serial Number:	7205

From	0.0400
To	2000
Volume 	100
Mean:	45.20
Median:	30.27
D(0,0):	0.105
Mean/Median ratio:	1.493
Mode:	37.97
S.D.:	48.50
Variance:	2353
C.V.:	107.3
Skewness:	2.186
Kurtosis:	5.604
d10:	4.542
d50:	30.27
d90:	101.0
Specific Surf. Area:	8897

% <	Size 
10	4.54
25	13.1
50	30.3
75	58.9
90	101

% >	Size 
10	101
25	58.9
50	30.3
75	13.1
90	4.54

Size 	% <
1	2.55
10	19.9
100	89.8
1000	100

Size 	% >
1	97.5
10	80.1
100	10.2
1000	0

Particle	IODP_1176	Volume	Volume
Diameter	_STV0018	% >	%
um	_35.$ls		
	Volume		
	% <		
0.4	0.98	99.0	0.25
0.488	1.23	98.8	0.54
0.69	1.77	98.2	0.73
0.98	2.50	97.5	0.94
1.38	3.44	96.6	1.27
1.95	4.71	95.3	1.72
2.76	6.43	93.6	2.33
3.91	8.76	91.2	3.11
5.52	11.9	88.1	4.21
7.81	16.1	83.9	5.60
11.05	21.7	78.3	7.45
15.63	29.1	70.9	9.82
22.1	39.0	61.0	12.3
31.3	51.2	48.8	13.1
44.2	64.4	35.6	12.7
62.5	77.1	22.9	10.1
88.4	87.1	12.9	6.05
125	93.2	6.82	3.24
177	96.4	3.58	2.89
250	99.3	0.69	0.69
354	99.999	0.0013	0.0013
500	100	0	0
707	100	0	0
1000	100	0	0
1414	100	0	0
2000	100	0	0
2828	100	0	0
4000	100	0	

Channel	Channel	Channel	Diff.	Cum. <	Cum. >	Diff.
Diameter	Diameter	Diameter	Volume	Volume	Volume	Number
(Lower)	(Center)	(Upper)	%	%	%	%
um	um	um				
0.040	0.042	0.044	0.00045	0	100	1.89
0.044	0.046	0.048	0.00058	0.00045	100	1.86
0.048	0.050	0.053	0.00092	0.0010	99.999	2.23
0.053	0.055	0.058	0.0018	0.0019	99.998	3.37
0.058	0.061	0.064	0.0038	0.0038	99.996	5.33
0.064	0.067	0.070	0.0072	0.0076	99.99	7.53
0.070	0.073	0.077	0.011	0.015	99.99	8.79
0.077	0.080	0.084	0.015	0.026	99.97	8.89
0.084	0.088	0.093	0.019	0.041	99.96	8.39
0.093	0.097	0.102	0.023	0.059	99.9	7.72
0.102	0.106	0.112	0.027	0.082	99.9	6.93
0.112	0.117	0.122	0.031	0.11	99.9	6.05
0.122	0.128	0.134	0.035	0.14	99.9	5.20
0.134	0.141	0.148	0.039	0.17	99.8	4.41
0.148	0.155	0.162	0.044	0.21	99.8	3.70
0.162	0.170	0.178	0.048	0.26	99.7	3.08
0.178	0.186	0.195	0.053	0.31	99.7	2.56
0.195	0.205	0.214	0.058	0.36	99.6	2.13
0.214	0.225	0.235	0.064	0.42	99.6	1.77
0.235	0.247	0.258	0.071	0.48	99.5	1.47
0.258	0.271	0.284	0.077	0.55	99.4	1.22
0.284	0.297	0.311	0.084	0.63	99.4	1.01
0.311	0.326	0.342	0.092	0.71	99.3	0.83
0.342	0.358	0.375	0.099	0.81	99.2	0.68
0.375	0.393	0.412	0.11	0.91	99.1	0.55
0.412	0.431	0.452	0.12	1.01	99.0	0.45
0.452	0.474	0.496	0.12	1.13	98.9	0.37
0.496	0.520	0.545	0.13	1.25	98.7	0.30
0.545	0.571	0.598	0.14	1.39	98.6	0.24
0.598	0.627	0.656	0.16	1.53	98.5	0.20
0.656	0.688	0.721	0.17	1.69	98.3	0.16
0.721	0.755	0.791	0.18	1.85	98.1	0.13
0.791	0.829	0.868	0.19	2.03	98.0	0.11
0.868	0.910	0.953	0.21	2.23	97.8	0.087
0.953	0.999	1.047	0.23	2.44	97.6	0.071
1.047	1.097	1.149	0.24	2.66	97.3	0.058
1.149	1.204	1.261	0.26	2.90	97.1	0.047
1.261	1.321	1.385	0.28	3.17	96.8	0.039
1.385	1.451	1.520	0.31	3.45	96.5	0.032
1.520	1.592	1.668	0.33	3.76	96.2	0.026
1.668	1.748	1.832	0.36	4.09	95.9	0.021
1.832	1.919	2.011	0.39	4.45	95.5	0.017
2.011	2.107	2.207	0.42	4.84	95.2	0.014
2.207	2.313	2.423	0.46	5.27	94.7	0.012
2.423	2.539	2.660	0.50	5.73	94.3	0.0095
2.660	2.787	2.920	0.54	6.22	93.8	0.0078
2.920	3.059	3.205	0.58	6.76	93.2	0.0064
3.205	3.358	3.519	0.63	7.35	92.7	0.0052
3.519	3.687	3.863	0.69	7.98	92.0	0.0043
3.863	4.047	4.240	0.74	8.67	91.3	0.0035
4.240	4.443	4.655	0.81	9.41	90.6	0.0029
4.655	4.877	5.110	0.88	10.2	89.8	0.0024
5.110	5.354	5.610	0.95	11.1	88.9	0.0019
5.610	5.878	6.158	1.03	12.0	88.0	0.0016
6.158	6.452	6.760	1.11	13.1	86.9	0.0013
6.760	7.083	7.421	1.20	14.2	85.8	0.0011
7.421	7.775	8.147	1.30	15.4	84.6	0.00086
8.147	8.536	8.943	1.40	16.7	83.3	0.00070
8.943	9.370	9.817	1.51	18.1	81.9	0.00057
9.817	10.29	10.78	1.63	19.6	80.4	0.00047
10.78	11.29	11.83	1.76	21.2	78.8	0.00038
11.83	12.40	12.99	1.90	23.0	77.0	0.00031
12.99	13.61	14.26	2.05	24.9	75.1	0.00025
14.26	14.94	15.65	2.22	26.9	73.1	0.00021
15.65	16.40	17.18	2.39	29.2	70.8	0.00017
17.18	18.00	18.86	2.58	31.6	68.4	0.00014
18.86	19.76	20.70	2.77	34.1	65.9	0.00011
20.70	21.69	22.73	2.96	36.9	63.1	0.000091
22.73	23.81	24.95	3.15	39.9	60.1	0.000073
24.95	26.14	27.39	3.31	43.0	57.0	0.000058
27.39	28.70	30.07	3.43	46.3	53.7	0.000045
30.07	31.50	33.01	3.51	49.8	50.2	0.000035
33.01	34.58	36.24	3.54	53.3	46.7	0.000027
36.24	37.97	39.78	3.56	56.8	43.2	0.000020
39.78	41.68	43.67	3.56	60.4	39.6	0.000015
43.67	45.75	47.94	3.54	63.9	36.1	0.000012
47.94	50.22	52.62	3.49	67.5	32.5	0.000009
52.62	55.13	57.77	3.40	70.9	29.1	0.000006
57.77	60.52	63.41	3.26	74.4	25.6	0.000005
63.41	66.44	69.61	3.04	77.6	22.4	0.000003
69.61	72.94	76.42	2.78	80.7	19.3	0.000002
76.42	80.07	83.89	2.49	83.4	16.6	0.000002
83.89	87.90	92.09	2.19	85.9	14.1	0.000001
92.09	96.49	101.1	1.89	88.1	11.9	0.000001
101.1	105.9	111.0	1.59	90.0	9.98	4.18E-7
111.0	116.3	121.8	1.30	91.6	8.40	2.58E-7
121.8	127.6	133.7	1.05	92.9	7.10	1.58E-7
133.7	140.1	146.8	0.87	94.0	6.05	9.94E-8
146.8	153.8	161.2	0.79	94.8	5.17	6.81E-8
161.2	168.9	176.9	0.80	95.6	4.38	5.17E-8
176.9	185.4	194.2	0.84	96.4	3.58	4.13E-8
194.2	203.5	213.2	0.85	97.3	2.74	3.17E-8
213.2	223.4	234.1	0.78	98.1	1.89	2.18E-8
234.1	245.2	256.9	0.60	98.9	1.11	1.27E-8
256.9	269.2	282.1	0.35	99.5	0.51	5.54E-9
282.1	295.5	309.6	0.14	99.8	0.17	1.65E-9
309.6	324.4	339.9	0.027	99.97	0.029	2.44E-10
339.9	356.1	373.1	0.0022	99.998	0.0022	1.5E-11
373.1	390.9	409.6	0	100	0	0
409.6	429.2	449.7	0	100	0	0
449.7	471.1	493.6	0	100	0	0
493.6	517.2	541.9	0	100	0	0
541.9	567.7	594.9	0	100	0	0
594.9	623.3	653.0	0	100	0	0
653.0	684.2	716.8	0	100	0	0
716.8	751.1	786.9	0	100	0	0
786.9	824.5	863.9	0	100	0	0
863.9	905.1	948.3	0	100	0	0
948.3	993.6	1041	0	100	0	0
1041	1091	1143	0	100	0	0
1143	1197	1255	0	100	0	0
1255	1314	1377	0	100	0	0
1377	1443	1512	0	100	0	0
1512	1584	1660	0	100	0	0
1660	1739	1822	0	100	0	0
1822	1909	2000	0	100	0	0
2000				100	0	

