LS	2022-02-24  15:07
File name:	IODP_1176_STV0020_53.$ls
File ID:	IODP_1176
Sample ID:	STV0020
Operator:	RG
Bar code:	
Comment 1:	
Comment 2:	
Instrument:	LS 230, VSM Plus
Run number:	53
Start time:	2022-02-24  15:06
Run length:	62
Optical model:	Fraunhofer.rfd   PIDS included
Obscuration:	10
PIDS Obscur:	40
Obscuration:	OK
Serial Number:	7205

From	0.0400
To	2000
Volume 	100
Mean:	81.21
Median:	53.40
D(0,0):	0.103
Mean/Median ratio:	1.521
Mode:	72.94
S.D.:	89.99
Variance:	8098
C.V.:	110.8
Skewness:	2.654
Kurtosis:	10.02
d10:	8.439
d50:	53.40
d90:	183.4
Specific Surf. Area:	5537

% <	Size 
10	8.44
25	22.2
50	53.4
75	110
90	183

% >	Size 
10	183
25	110
50	53.4
75	22.2
90	8.44

Size 	% <
1	1.45
10	11.8
100	71.9
1000	100

Size 	% >
1	98.5
10	88.2
100	28.1
1000	0

Particle	IODP_1176	Volume	Volume
Diameter	_STV0020	% >	%
um	_53.$ls		
	Volume		
	% <		
0.4	0.58	99.4	0.14
0.488	0.73	99.3	0.30
0.69	1.03	99.0	0.40
0.98	1.43	98.6	0.50
1.38	1.93	98.1	0.68
1.95	2.61	97.4	0.93
2.76	3.53	96.5	1.30
3.91	4.83	95.2	1.83
5.52	6.67	93.3	2.62
7.81	9.28	90.7	3.66
11.05	12.9	87.1	5.07
15.63	18.0	82.0	6.87
22.1	24.9	75.1	8.83
31.3	33.7	66.3	10.2
44.2	43.9	56.1	11.5
62.5	55.4	44.6	12.2
88.4	67.6	32.4	11.7
125	79.3	20.7	9.90
177	89.2	10.8	6.39
250	95.6	4.41	2.31
354	97.9	2.10	1.17
500	99.1	0.93	0.90
707	99.97	0.028	0.028
1000	100	0	0
1414	100	0	0
2000	100	0	0
2828	100	0	0
4000	100	0	

Channel	Channel	Channel	Diff.	Cum. <	Cum. >	Diff.
Diameter	Diameter	Diameter	Volume	Volume	Volume	Number
(Lower)	(Center)	(Upper)	%	%	%	%
um	um	um				
0.040	0.042	0.044	0.00029	0	100	1.93
0.044	0.046	0.048	0.00038	0.00029	100	1.92
0.048	0.050	0.053	0.00060	0.00066	99.999	2.33
0.053	0.055	0.058	0.0012	0.0013	99.999	3.55
0.058	0.061	0.064	0.0025	0.0025	99.998	5.61
0.064	0.067	0.070	0.0047	0.0050	99.99	7.85
0.070	0.073	0.077	0.0072	0.0098	99.99	9.02
0.077	0.080	0.084	0.0095	0.017	99.98	9.02
0.084	0.088	0.093	0.012	0.026	99.97	8.46
0.093	0.097	0.102	0.014	0.038	99.96	7.74
0.102	0.106	0.112	0.017	0.052	99.9	6.91
0.112	0.117	0.122	0.019	0.069	99.9	5.99
0.122	0.128	0.134	0.022	0.089	99.9	5.12
0.134	0.141	0.148	0.024	0.11	99.9	4.32
0.148	0.155	0.162	0.027	0.13	99.9	3.60
0.162	0.170	0.178	0.029	0.16	99.8	2.98
0.178	0.186	0.195	0.032	0.19	99.8	2.46
0.195	0.205	0.214	0.035	0.22	99.8	2.04
0.214	0.225	0.235	0.038	0.26	99.7	1.68
0.235	0.247	0.258	0.042	0.30	99.7	1.38
0.258	0.271	0.284	0.045	0.34	99.7	1.14
0.284	0.297	0.311	0.049	0.38	99.6	0.93
0.311	0.326	0.342	0.053	0.43	99.6	0.76
0.342	0.358	0.375	0.057	0.49	99.5	0.62
0.375	0.393	0.412	0.061	0.54	99.5	0.50
0.412	0.431	0.452	0.066	0.60	99.4	0.40
0.452	0.474	0.496	0.070	0.67	99.3	0.33
0.496	0.520	0.545	0.075	0.74	99.3	0.27
0.545	0.571	0.598	0.080	0.82	99.2	0.21
0.598	0.627	0.656	0.086	0.90	99.1	0.17
0.656	0.688	0.721	0.092	0.98	99.0	0.14
0.721	0.755	0.791	0.099	1.07	98.9	0.11
0.791	0.829	0.868	0.11	1.17	98.8	0.092
0.868	0.910	0.953	0.11	1.28	98.7	0.074
0.953	0.999	1.047	0.12	1.39	98.6	0.060
1.047	1.097	1.149	0.13	1.51	98.5	0.049
1.149	1.204	1.261	0.14	1.64	98.4	0.040
1.261	1.321	1.385	0.15	1.78	98.2	0.033
1.385	1.451	1.520	0.16	1.94	98.1	0.027
1.520	1.592	1.668	0.18	2.10	97.9	0.022
1.668	1.748	1.832	0.19	2.28	97.7	0.018
1.832	1.919	2.011	0.21	2.47	97.5	0.015
2.011	2.107	2.207	0.23	2.68	97.3	0.012
2.207	2.313	2.423	0.25	2.90	97.1	0.0099
2.423	2.539	2.660	0.27	3.15	96.9	0.0082
2.660	2.787	2.920	0.29	3.42	96.6	0.0067
2.920	3.059	3.205	0.32	3.71	96.3	0.0056
3.205	3.358	3.519	0.35	4.04	96.0	0.0046
3.519	3.687	3.863	0.39	4.39	95.6	0.0039
3.863	4.047	4.240	0.43	4.78	95.2	0.0032
4.240	4.443	4.655	0.47	5.21	94.8	0.0027
4.655	4.877	5.110	0.52	5.68	94.3	0.0022
5.110	5.354	5.610	0.57	6.20	93.8	0.0018
5.610	5.878	6.158	0.63	6.77	93.2	0.0015
6.158	6.452	6.760	0.69	7.40	92.6	0.0013
6.760	7.083	7.421	0.76	8.09	91.9	0.0011
7.421	7.775	8.147	0.83	8.84	91.2	0.00087
8.147	8.536	8.943	0.90	9.67	90.3	0.00072
8.943	9.370	9.817	0.99	10.6	89.4	0.00060
9.817	10.29	10.78	1.08	11.6	88.4	0.00049
10.78	11.29	11.83	1.18	12.6	87.4	0.00041
11.83	12.40	12.99	1.29	13.8	86.2	0.00033
12.99	13.61	14.26	1.40	15.1	84.9	0.00028
14.26	14.94	15.65	1.53	16.5	83.5	0.00023
15.65	16.40	17.18	1.66	18.0	82.0	0.00019
17.18	18.00	18.86	1.80	19.7	80.3	0.00015
18.86	19.76	20.70	1.95	21.5	78.5	0.00013
20.70	21.69	22.73	2.09	23.4	76.6	0.00010
22.73	23.81	24.95	2.24	25.5	74.5	0.000082
24.95	26.14	27.39	2.37	27.8	72.2	0.000066
27.39	28.70	30.07	2.49	30.1	69.9	0.000052
30.07	31.50	33.01	2.59	32.6	67.4	0.000041
33.01	34.58	36.24	2.68	35.2	64.8	0.000032
36.24	37.97	39.78	2.76	37.9	62.1	0.000025
39.78	41.68	43.67	2.85	40.7	59.3	0.000020
43.67	45.75	47.94	2.95	43.5	56.5	0.000015
47.94	50.22	52.62	3.06	46.5	53.5	0.000012
52.62	55.13	57.77	3.15	49.5	50.5	0.000009
57.77	60.52	63.41	3.23	52.7	47.3	0.000007
63.41	66.44	69.61	3.28	55.9	44.1	0.000006
69.61	72.94	76.42	3.30	59.2	40.8	0.000004
76.42	80.07	83.89	3.30	62.5	37.5	0.000003
83.89	87.90	92.09	3.28	65.8	34.2	0.000002
92.09	96.49	101.1	3.24	69.1	30.9	0.000002
101.1	105.9	111.0	3.17	72.3	27.7	0.000001
111.0	116.3	121.8	3.07	75.5	24.5	0.000001
121.8	127.6	133.7	2.93	78.5	21.5	0.000001
133.7	140.1	146.8	2.77	81.5	18.5	4.99E-7
146.8	153.8	161.2	2.59	84.2	15.8	3.53E-7
161.2	168.9	176.9	2.38	86.8	13.2	2.45E-7
176.9	185.4	194.2	2.14	89.2	10.8	1.67E-7
194.2	203.5	213.2	1.87	91.3	8.66	1.1E-7
213.2	223.4	234.1	1.55	93.2	6.80	6.9E-8
234.1	245.2	256.9	1.21	94.8	5.25	4.06E-8
256.9	269.2	282.1	0.87	96.0	4.04	2.2E-8
282.1	295.5	309.6	0.58	96.8	3.17	1.11E-8
309.6	324.4	339.9	0.38	97.4	2.60	5.52E-9
339.9	356.1	373.1	0.28	97.8	2.22	3.12E-9
373.1	390.9	409.6	0.27	98.1	1.93	2.27E-9
409.6	429.2	449.7	0.32	98.3	1.66	1.98E-9
449.7	471.1	493.6	0.37	98.7	1.34	1.74E-9
493.6	517.2	541.9	0.38	99.0	0.98	1.35E-9
541.9	567.7	594.9	0.31	99.4	0.60	8.53E-10
594.9	623.3	653.0	0.19	99.7	0.28	3.92E-10
653.0	684.2	716.8	0.077	99.9	0.093	1.19E-10
716.8	751.1	786.9	0.015	99.98	0.016	1.74E-11
786.9	824.5	863.9	0.0011	99.999	0.0011	1.01E-12
863.9	905.1	948.3	0	100	0	0
948.3	993.6	1041	0	100	0	0
1041	1091	1143	0	100	0	0
1143	1197	1255	0	100	0	0
1255	1314	1377	0	100	0	0
1377	1443	1512	0	100	0	0
1512	1584	1660	0	100	0	0
1660	1739	1822	0	100	0	0
1822	1909	2000	0	100	0	0
2000				100	0	

