LS	2022-02-24  13:56
File name:	IODP_1176_STV0019_37.$ls
File ID:	IODP_1176
Sample ID:	STV0019
Operator:	RG
Bar code:	
Comment 1:	
Comment 2:	
Instrument:	LS 230, VSM Plus
Run number:	37
Start time:	2022-02-24  13:55
Run length:	62
Optical model:	Fraunhofer.rfd   PIDS included
Obscuration:	10
PIDS Obscur:	37
Obscuration:	OK
Serial Number:	7205

From	0.0400
To	2000
Volume 	100
Mean:	55.67
Median:	35.90
D(0,0):	0.104
Mean/Median ratio:	1.551
Mode:	50.22
S.D.:	78.06
Variance:	6094
C.V.:	140.2
Skewness:	4.380
Kurtosis:	23.72
d10:	6.365
d50:	35.90
d90:	106.0
Specific Surf. Area:	6920

% <	Size 
10	6.36
25	16.8
50	35.9
75	64.8
90	106

% >	Size 
10	106
25	64.8
50	35.9
75	16.8
90	6.36

Size 	% <
1	1.85
10	15.3
100	88.8
1000	100

Size 	% >
1	98.1
10	84.7
100	11.2
1000	0

Particle	IODP_1176	Volume	Volume
Diameter	_STV0019	% >	%
um	_37.$ls		
	Volume		
	% <		
0.4	0.70	99.3	0.18
0.488	0.89	99.1	0.40
0.69	1.28	98.7	0.53
0.98	1.82	98.2	0.69
1.38	2.51	97.5	0.92
1.95	3.43	96.6	1.25
2.76	4.68	95.3	1.71
3.91	6.39	93.6	2.37
5.52	8.76	91.2	3.36
7.81	12.1	87.9	4.70
11.05	16.8	83.2	6.58
15.63	23.4	76.6	9.15
22.1	32.5	67.5	12.1
31.3	44.6	55.4	14.0
44.2	58.6	41.4	14.9
62.5	73.5	26.5	12.2
88.4	85.8	14.2	6.84
125	92.6	7.41	2.94
177	95.5	4.47	1.88
250	97.4	2.59	0.79
354	98.2	1.80	0.74
500	98.9	1.06	1.05
707	99.99	0.014	0.014
1000	100	0	0
1414	100	0	0
2000	100	0	0
2828	100	0	0
4000	100	0	

Channel	Channel	Channel	Diff.	Cum. <	Cum. >	Diff.
Diameter	Diameter	Diameter	Volume	Volume	Volume	Number
(Lower)	(Center)	(Upper)	%	%	%	%
um	um	um				
0.040	0.042	0.044	0.00032	0	100	1.86
0.044	0.046	0.048	0.00042	0.00032	100	1.87
0.048	0.050	0.053	0.00068	0.00074	99.999	2.28
0.053	0.055	0.058	0.0014	0.0014	99.999	3.50
0.058	0.061	0.064	0.0029	0.0028	99.997	5.52
0.064	0.067	0.070	0.0053	0.0057	99.99	7.70
0.070	0.073	0.077	0.0081	0.011	99.99	8.82
0.077	0.080	0.084	0.011	0.019	99.98	8.85
0.084	0.088	0.093	0.013	0.030	99.97	8.32
0.093	0.097	0.102	0.016	0.043	99.96	7.65
0.102	0.106	0.112	0.019	0.059	99.9	6.86
0.112	0.117	0.122	0.022	0.078	99.9	5.98
0.122	0.128	0.134	0.025	0.10	99.9	5.13
0.134	0.141	0.148	0.028	0.13	99.9	4.36
0.148	0.155	0.162	0.031	0.15	99.8	3.66
0.162	0.170	0.178	0.035	0.19	99.8	3.05
0.178	0.186	0.195	0.038	0.22	99.8	2.54
0.195	0.205	0.214	0.042	0.26	99.7	2.11
0.214	0.225	0.235	0.046	0.30	99.7	1.76
0.235	0.247	0.258	0.051	0.35	99.7	1.46
0.258	0.271	0.284	0.056	0.40	99.6	1.21
0.284	0.297	0.311	0.061	0.45	99.5	1.00
0.311	0.326	0.342	0.066	0.51	99.5	0.82
0.342	0.358	0.375	0.072	0.58	99.4	0.67
0.375	0.393	0.412	0.078	0.65	99.3	0.55
0.412	0.431	0.452	0.084	0.73	99.3	0.45
0.452	0.474	0.496	0.091	0.81	99.2	0.37
0.496	0.520	0.545	0.098	0.90	99.1	0.30
0.545	0.571	0.598	0.11	1.00	99.0	0.25
0.598	0.627	0.656	0.11	1.11	98.9	0.20
0.656	0.688	0.721	0.12	1.22	98.8	0.16
0.721	0.755	0.791	0.13	1.34	98.7	0.13
0.791	0.829	0.868	0.14	1.48	98.5	0.11
0.868	0.910	0.953	0.15	1.62	98.4	0.088
0.953	0.999	1.047	0.17	1.77	98.2	0.072
1.047	1.097	1.149	0.18	1.94	98.1	0.058
1.149	1.204	1.261	0.19	2.11	97.9	0.048
1.261	1.321	1.385	0.21	2.31	97.7	0.039
1.385	1.451	1.520	0.22	2.51	97.5	0.032
1.520	1.592	1.668	0.24	2.74	97.3	0.026
1.668	1.748	1.832	0.26	2.98	97.0	0.021
1.832	1.919	2.011	0.28	3.24	96.8	0.017
2.011	2.107	2.207	0.31	3.53	96.5	0.014
2.207	2.313	2.423	0.33	3.83	96.2	0.012
2.423	2.539	2.660	0.36	4.16	95.8	0.0095
2.660	2.787	2.920	0.39	4.52	95.5	0.0078
2.920	3.059	3.205	0.43	4.92	95.1	0.0064
3.205	3.358	3.519	0.47	5.34	94.7	0.0053
3.519	3.687	3.863	0.51	5.81	94.2	0.0044
3.863	4.047	4.240	0.56	6.32	93.7	0.0036
4.240	4.443	4.655	0.61	6.88	93.1	0.0030
4.655	4.877	5.110	0.67	7.49	92.5	0.0025
5.110	5.354	5.610	0.73	8.16	91.8	0.0021
5.610	5.878	6.158	0.81	8.89	91.1	0.0017
6.158	6.452	6.760	0.88	9.70	90.3	0.0014
6.760	7.083	7.421	0.97	10.6	89.4	0.0012
7.421	7.775	8.147	1.06	11.5	88.5	0.00097
8.147	8.536	8.943	1.16	12.6	87.4	0.00080
8.943	9.370	9.817	1.27	13.8	86.2	0.00067
9.817	10.29	10.78	1.39	15.0	85.0	0.00055
10.78	11.29	11.83	1.52	16.4	83.6	0.00046
11.83	12.40	12.99	1.66	17.9	82.1	0.00038
12.99	13.61	14.26	1.82	19.6	80.4	0.00031
14.26	14.94	15.65	2.00	21.4	78.6	0.00026
15.65	16.40	17.18	2.19	23.4	76.6	0.00021
17.18	18.00	18.86	2.39	25.6	74.4	0.00018
18.86	19.76	20.70	2.60	28.0	72.0	0.00015
20.70	21.69	22.73	2.82	30.6	69.4	0.00012
22.73	23.81	24.95	3.04	33.4	66.6	0.000097
24.95	26.14	27.39	3.24	36.5	63.5	0.000078
27.39	28.70	30.07	3.42	39.7	60.3	0.000062
30.07	31.50	33.01	3.57	43.1	56.9	0.000049
33.01	34.58	36.24	3.70	46.7	53.3	0.000039
36.24	37.97	39.78	3.82	50.4	49.6	0.000030
39.78	41.68	43.67	3.92	54.2	45.8	0.000023
43.67	45.75	47.94	4.01	58.1	41.9	0.000018
47.94	50.22	52.62	4.06	62.1	37.9	0.000014
52.62	55.13	57.77	4.04	66.2	33.8	0.000010
57.77	60.52	63.41	3.93	70.2	29.8	0.000008
63.41	66.44	69.61	3.72	74.2	25.8	0.000005
69.61	72.94	76.42	3.40	77.9	22.1	0.000004
76.42	80.07	83.89	3.02	81.3	18.7	0.000003
83.89	87.90	92.09	2.61	84.3	15.7	0.000002
92.09	96.49	101.1	2.19	86.9	13.1	0.000001
101.1	105.9	111.0	1.78	89.1	10.9	0.000001
111.0	116.3	121.8	1.41	90.9	9.11	3.87E-7
121.8	127.6	133.7	1.09	92.3	7.70	2.27E-7
133.7	140.1	146.8	0.85	93.4	6.61	1.34E-7
146.8	153.8	161.2	0.69	94.2	5.76	8.16E-8
161.2	168.9	176.9	0.59	94.9	5.07	5.32E-8
176.9	185.4	194.2	0.55	95.5	4.48	3.73E-8
194.2	203.5	213.2	0.53	96.1	3.92	2.72E-8
213.2	223.4	234.1	0.50	96.6	3.39	1.94E-8
234.1	245.2	256.9	0.44	97.1	2.89	1.28E-8
256.9	269.2	282.1	0.33	97.5	2.46	7.2E-9
282.1	295.5	309.6	0.20	97.9	2.13	3.32E-9
309.6	324.4	339.9	0.11	98.1	1.93	1.33E-9
339.9	356.1	373.1	0.071	98.2	1.83	6.79E-10
373.1	390.9	409.6	0.099	98.2	1.76	7.19E-10
409.6	429.2	449.7	0.20	98.3	1.66	1.07E-9
449.7	471.1	493.6	0.34	98.5	1.46	1.42E-9
493.6	517.2	541.9	0.45	98.9	1.12	1.41E-9
541.9	567.7	594.9	0.39	99.3	0.67	9.26E-10
594.9	623.3	653.0	0.22	99.7	0.28	3.88E-10
653.0	684.2	716.8	0.053	99.9	0.059	7.2E-11
716.8	751.1	786.9	0.0057	99.99	0.0057	5.79E-12
786.9	824.5	863.9	0	100	0	0
863.9	905.1	948.3	0	100	0	0
948.3	993.6	1041	0	100	0	0
1041	1091	1143	0	100	0	0
1143	1197	1255	0	100	0	0
1255	1314	1377	0	100	0	0
1377	1443	1512	0	100	0	0
1512	1584	1660	0	100	0	0
1660	1739	1822	0	100	0	0
1822	1909	2000	0	100	0	0
2000				100	0	

