LS	2022-02-24  11:23
File name:	IODP_1176_STV0016_13.$ls
File ID:	IODP_1176
Sample ID:	STV0016
Operator:	RG
Bar code:	
Comment 1:	
Comment 2:	
Instrument:	LS 230, VSM Plus
Run number:	13
Start time:	2022-02-24  11:22
Run length:	62
Optical model:	Fraunhofer.rfd   PIDS included
Obscuration:	11
PIDS Obscur:	40
Obscuration:	OK
Serial Number:	7205

From	0.0400
To	2000
Volume 	100
Mean:	198.7
Median:	164.4
D(0,0):	0.109
Mean/Median ratio:	1.209
Mode:	295.5
S.D.:	170.8
Variance:	29185
C.V.:	85.99
Skewness:	0.821
Kurtosis:	-0.0148
d10:	13.40
d50:	164.4
d90:	445.4
Specific Surf. Area:	3695

% <	Size 
10	13.4
25	45.7
50	164
75	311
90	445

% >	Size 
10	445
25	311
50	164
75	45.7
90	13.4

Size 	% <
1	1.08
10	7.87
100	38.7
1000	100

Size 	% >
1	98.9
10	92.1
100	61.3
1000	0.00024

Particle	IODP_1176	Volume	Volume
Diameter	_STV0016	% >	%
um	_13.$ls		
	Volume		
	% <		
0.4	0.37	99.6	0.11
0.488	0.47	99.5	0.24
0.69	0.72	99.3	0.34
0.98	1.06	98.9	0.44
1.38	1.50	98.5	0.58
1.95	2.08	97.9	0.74
2.76	2.82	97.2	0.92
3.91	3.75	96.3	1.17
5.52	4.91	95.1	1.54
7.81	6.46	93.5	2.07
11.05	8.53	91.5	2.83
15.63	11.4	88.6	3.76
22.1	15.1	84.9	4.55
31.3	19.7	80.3	4.84
44.2	24.5	75.5	5.46
62.5	30.0	70.0	6.29
88.4	36.3	63.7	7.16
125	43.4	56.6	8.69
177	52.1	47.9	12.8
250	65.0	35.0	15.8
354	80.8	19.2	12.9
500	93.6	6.36	5.82
707	99.5	0.54	0.54
1000	100	0.00024	0.00024
1414	100	0	0
2000	100	0	0
2828	100	0	0
4000	100	0	

Channel	Channel	Channel	Diff.	Cum. <	Cum. >	Diff.
Diameter	Diameter	Diameter	Volume	Volume	Volume	Number
(Lower)	(Center)	(Upper)	%	%	%	%
um	um	um				
0.040	0.042	0.044	0.00014	0	100	1.72
0.044	0.046	0.048	0.00018	0.00014	100	1.74
0.048	0.050	0.053	0.00030	0.00032	100	2.14
0.053	0.055	0.058	0.00061	0.00062	99.999	3.28
0.058	0.061	0.064	0.0013	0.0012	99.999	5.16
0.064	0.067	0.070	0.0023	0.0025	99.998	7.21
0.070	0.073	0.077	0.0036	0.0048	99.995	8.35
0.077	0.080	0.084	0.0048	0.0084	99.99	8.47
0.084	0.088	0.093	0.0060	0.013	99.99	8.06
0.093	0.097	0.102	0.0074	0.019	99.98	7.49
0.102	0.106	0.112	0.0089	0.027	99.97	6.80
0.112	0.117	0.122	0.010	0.036	99.96	6.01
0.122	0.128	0.134	0.012	0.046	99.95	5.22
0.134	0.141	0.148	0.014	0.058	99.9	4.48
0.148	0.155	0.162	0.015	0.072	99.9	3.81
0.162	0.170	0.178	0.017	0.087	99.9	3.23
0.178	0.186	0.195	0.019	0.10	99.9	2.73
0.195	0.205	0.214	0.021	0.12	99.9	2.31
0.214	0.225	0.235	0.024	0.14	99.9	1.95
0.235	0.247	0.258	0.027	0.17	99.8	1.65
0.258	0.271	0.284	0.030	0.20	99.8	1.39
0.284	0.297	0.311	0.033	0.23	99.8	1.17
0.311	0.326	0.342	0.037	0.26	99.7	0.98
0.342	0.358	0.375	0.041	0.30	99.7	0.82
0.375	0.393	0.412	0.045	0.34	99.7	0.68
0.412	0.431	0.452	0.049	0.38	99.6	0.56
0.452	0.474	0.496	0.054	0.43	99.6	0.47
0.496	0.520	0.545	0.059	0.48	99.5	0.39
0.545	0.571	0.598	0.065	0.54	99.5	0.32
0.598	0.627	0.656	0.070	0.61	99.4	0.26
0.656	0.688	0.721	0.077	0.68	99.3	0.22
0.721	0.755	0.791	0.084	0.76	99.2	0.18
0.791	0.829	0.868	0.091	0.84	99.2	0.15
0.868	0.910	0.953	0.098	0.93	99.1	0.12
0.953	0.999	1.047	0.11	1.03	99.0	0.098
1.047	1.097	1.149	0.12	1.14	98.9	0.080
1.149	1.204	1.261	0.12	1.25	98.7	0.065
1.261	1.321	1.385	0.13	1.37	98.6	0.053
1.385	1.451	1.520	0.14	1.51	98.5	0.043
1.520	1.592	1.668	0.15	1.65	98.3	0.035
1.668	1.748	1.832	0.16	1.81	98.2	0.028
1.832	1.919	2.011	0.17	1.97	98.0	0.023
2.011	2.107	2.207	0.19	2.14	97.9	0.018
2.207	2.313	2.423	0.20	2.33	97.7	0.015
2.423	2.539	2.660	0.21	2.53	97.5	0.012
2.660	2.787	2.920	0.22	2.74	97.3	0.0094
2.920	3.059	3.205	0.24	2.96	97.0	0.0076
3.205	3.358	3.519	0.25	3.19	96.8	0.0061
3.519	3.687	3.863	0.27	3.44	96.6	0.0049
3.863	4.047	4.240	0.28	3.71	96.3	0.0039
4.240	4.443	4.655	0.30	4.00	96.0	0.0032
4.655	4.877	5.110	0.33	4.30	95.7	0.0026
5.110	5.354	5.610	0.35	4.63	95.4	0.0021
5.610	5.878	6.158	0.38	4.98	95.0	0.0017
6.158	6.452	6.760	0.41	5.36	94.6	0.0014
6.760	7.083	7.421	0.44	5.76	94.2	0.0011
7.421	7.775	8.147	0.48	6.20	93.8	0.00093
8.147	8.536	8.943	0.52	6.68	93.3	0.00076
8.943	9.370	9.817	0.56	7.20	92.8	0.00062
9.817	10.29	10.78	0.61	7.76	92.2	0.00051
10.78	11.29	11.83	0.66	8.36	91.6	0.00042
11.83	12.40	12.99	0.72	9.02	91.0	0.00035
12.99	13.61	14.26	0.78	9.74	90.3	0.00029
14.26	14.94	15.65	0.85	10.5	89.5	0.00023
15.65	16.40	17.18	0.92	11.4	88.6	0.00019
17.18	18.00	18.86	0.99	12.3	87.7	0.00016
18.86	19.76	20.70	1.06	13.3	86.7	0.00013
20.70	21.69	22.73	1.13	14.3	85.7	0.00010
22.73	23.81	24.95	1.18	15.5	84.5	0.000081
24.95	26.14	27.39	1.23	16.7	83.3	0.000063
27.39	28.70	30.07	1.26	17.9	82.1	0.000049
30.07	31.50	33.01	1.27	19.1	80.9	0.000037
33.01	34.58	36.24	1.28	20.4	79.6	0.000029
36.24	37.97	39.78	1.30	21.7	78.3	0.000022
39.78	41.68	43.67	1.34	23.0	77.0	0.000017
43.67	45.75	47.94	1.38	24.3	75.7	0.000013
47.94	50.22	52.62	1.44	25.7	74.3	0.000010
52.62	55.13	57.77	1.50	27.2	72.8	0.000008
57.77	60.52	63.41	1.56	28.7	71.3	0.000006
63.41	66.44	69.61	1.62	30.2	69.8	0.000005
69.61	72.94	76.42	1.68	31.8	68.2	0.000004
76.42	80.07	83.89	1.74	33.5	66.5	0.000003
83.89	87.90	92.09	1.81	35.3	64.7	0.000002
92.09	96.49	101.1	1.87	37.1	62.9	0.000002
101.1	105.9	111.0	1.93	38.9	61.1	0.000001
111.0	116.3	121.8	1.99	40.9	59.1	0.000001
121.8	127.6	133.7	2.06	42.9	57.1	0.000001
133.7	140.1	146.8	2.18	44.9	55.1	0.000001
146.8	153.8	161.2	2.36	47.1	52.9	0.000001
161.2	168.9	176.9	2.62	49.5	50.5	0.000001
176.9	185.4	194.2	2.97	52.1	47.9	4.28E-7
194.2	203.5	213.2	3.35	55.1	44.9	3.66E-7
213.2	223.4	234.1	3.73	58.4	41.6	3.07E-7
234.1	245.2	256.9	4.04	62.1	37.9	2.52E-7
256.9	269.2	282.1	4.24	66.2	33.8	2E-7
282.1	295.5	309.6	4.32	70.4	29.6	1.54E-7
309.6	324.4	339.9	4.27	74.7	25.3	1.15E-7
339.9	356.1	373.1	4.10	79.0	21.0	8.34E-8
373.1	390.9	409.6	3.82	83.1	16.9	5.87E-8
409.6	429.2	449.7	3.43	86.9	13.1	3.99E-8
449.7	471.1	493.6	2.96	90.4	9.64	2.6E-8
493.6	517.2	541.9	2.42	93.3	6.67	1.61E-8
541.9	567.7	594.9	1.84	95.7	4.26	9.23E-9
594.9	623.3	653.0	1.26	97.6	2.42	4.79E-9
653.0	684.2	716.8	0.73	98.8	1.16	2.1E-9
716.8	751.1	786.9	0.32	99.6	0.42	6.96E-10
786.9	824.5	863.9	0.090	99.9	0.10	1.47E-10
863.9	905.1	948.3	0.013	99.99	0.013	1.56E-11
948.3	993.6	1041	0.00055	99.999	0.00055	5.15E-13
1041	1091	1143	0	100	0	0
1143	1197	1255	0	100	0	0
1255	1314	1377	0	100	0	0
1377	1443	1512	0	100	0	0
1512	1584	1660	0	100	0	0
1660	1739	1822	0	100	0	0
1822	1909	2000	0	100	0	0
2000				100	0	

