LS	2022-02-24  11:25
File name:	IODP_1176_STV0016_15.$ls
File ID:	IODP_1176
Sample ID:	STV0016
Operator:	RG
Bar code:	
Comment 1:	
Comment 2:	
Instrument:	LS 230, VSM Plus
Run number:	15
Start time:	2022-02-24  11:24
Run length:	62
Optical model:	Fraunhofer.rfd   PIDS included
Obscuration:	12
PIDS Obscur:	44
Obscuration:	OK
Serial Number:	7205

From	0.0400
To	2000
Volume 	100
Mean:	197.8
Median:	163.8
D(0,0):	0.111
Mean/Median ratio:	1.207
Mode:	295.5
S.D.:	171.8
Variance:	29504
C.V.:	86.82
Skewness:	0.829
Kurtosis:	-0.0190
d10:	12.35
d50:	163.8
d90:	447.6
Specific Surf. Area:	3783

% <	Size 
10	12.4
25	43.6
50	164
75	309
90	448

% >	Size 
10	448
25	309
50	164
75	43.6
90	12.4

Size 	% <
1	1.10
10	8.44
100	39.0
1000	100

Size 	% >
1	98.9
10	91.6
100	61.0
1000	0.000076

Particle	IODP_1176	Volume	Volume
Diameter	_STV0016	% >	%
um	_15.$ls		
	Volume		
	% <		
0.4	0.36	99.6	0.11
0.488	0.47	99.5	0.25
0.69	0.72	99.3	0.36
0.98	1.08	98.9	0.47
1.38	1.55	98.4	0.63
1.95	2.18	97.8	0.80
2.76	2.98	97.0	1.01
3.91	3.99	96.0	1.27
5.52	5.26	94.7	1.67
7.81	6.93	93.1	2.21
11.05	9.14	90.9	2.96
15.63	12.1	87.9	3.84
22.1	15.9	84.1	4.54
31.3	20.5	79.5	4.73
44.2	25.2	74.8	5.31
62.5	30.5	69.5	6.13
88.4	36.6	63.4	6.97
125	43.6	56.4	8.58
177	52.2	47.8	13.1
250	65.3	34.7	15.5
354	80.9	19.1	12.6
500	93.4	6.56	6.03
707	99.5	0.53	0.53
1000	100	0.000076	0.000076
1414	100	0	0
2000	100	0	0
2828	100	0	0
4000	100	0	

Channel	Channel	Channel	Diff.	Cum. <	Cum. >	Diff.
Diameter	Diameter	Diameter	Volume	Volume	Volume	Number
(Lower)	(Center)	(Upper)	%	%	%	%
um	um	um				
0.040	0.042	0.044	0.00013	0	100	1.67
0.044	0.046	0.048	0.00017	0.00013	100	1.69
0.048	0.050	0.053	0.00027	0.00030	100	2.07
0.053	0.055	0.058	0.00055	0.00057	99.999	3.16
0.058	0.061	0.064	0.0012	0.0011	99.999	4.96
0.064	0.067	0.070	0.0021	0.0023	99.998	6.97
0.070	0.073	0.077	0.0033	0.0044	99.996	8.16
0.077	0.080	0.084	0.0045	0.0077	99.99	8.34
0.084	0.088	0.093	0.0057	0.012	99.99	7.97
0.093	0.097	0.102	0.0070	0.018	99.98	7.44
0.102	0.106	0.112	0.0084	0.025	99.98	6.80
0.112	0.117	0.122	0.0099	0.033	99.97	6.04
0.122	0.128	0.134	0.011	0.043	99.96	5.26
0.134	0.141	0.148	0.013	0.055	99.9	4.53
0.148	0.155	0.162	0.015	0.068	99.9	3.88
0.162	0.170	0.178	0.017	0.082	99.9	3.30
0.178	0.186	0.195	0.019	0.099	99.9	2.80
0.195	0.205	0.214	0.021	0.12	99.9	2.38
0.214	0.225	0.235	0.024	0.14	99.9	2.02
0.235	0.247	0.258	0.027	0.16	99.8	1.72
0.258	0.271	0.284	0.030	0.19	99.8	1.46
0.284	0.297	0.311	0.033	0.22	99.8	1.24
0.311	0.326	0.342	0.037	0.25	99.7	1.04
0.342	0.358	0.375	0.041	0.29	99.7	0.87
0.375	0.393	0.412	0.045	0.33	99.7	0.73
0.412	0.431	0.452	0.050	0.38	99.6	0.61
0.452	0.474	0.496	0.055	0.43	99.6	0.50
0.496	0.520	0.545	0.061	0.48	99.5	0.42
0.545	0.571	0.598	0.067	0.54	99.5	0.35
0.598	0.627	0.656	0.073	0.61	99.4	0.29
0.656	0.688	0.721	0.080	0.68	99.3	0.24
0.721	0.755	0.791	0.087	0.76	99.2	0.20
0.791	0.829	0.868	0.095	0.85	99.2	0.16
0.868	0.910	0.953	0.10	0.94	99.1	0.13
0.953	0.999	1.047	0.11	1.05	99.0	0.11
1.047	1.097	1.149	0.12	1.16	98.8	0.090
1.149	1.204	1.261	0.13	1.28	98.7	0.074
1.261	1.321	1.385	0.14	1.41	98.6	0.060
1.385	1.451	1.520	0.15	1.56	98.4	0.049
1.520	1.592	1.668	0.17	1.71	98.3	0.040
1.668	1.748	1.832	0.18	1.88	98.1	0.032
1.832	1.919	2.011	0.19	2.05	97.9	0.026
2.011	2.107	2.207	0.20	2.24	97.8	0.021
2.207	2.313	2.423	0.21	2.44	97.6	0.017
2.423	2.539	2.660	0.23	2.66	97.3	0.014
2.660	2.787	2.920	0.24	2.89	97.1	0.011
2.920	3.059	3.205	0.26	3.13	96.9	0.0087
3.205	3.358	3.519	0.27	3.39	96.6	0.0070
3.519	3.687	3.863	0.29	3.66	96.3	0.0056
3.863	4.047	4.240	0.31	3.95	96.0	0.0045
4.240	4.443	4.655	0.33	4.26	95.7	0.0037
4.655	4.877	5.110	0.36	4.59	95.4	0.0030
5.110	5.354	5.610	0.38	4.95	95.1	0.0024
5.610	5.878	6.158	0.41	5.33	94.7	0.0020
6.158	6.452	6.760	0.44	5.74	94.3	0.0016
6.760	7.083	7.421	0.47	6.18	93.8	0.0013
7.421	7.775	8.147	0.51	6.65	93.3	0.0011
8.147	8.536	8.943	0.55	7.17	92.8	0.00086
8.943	9.370	9.817	0.60	7.72	92.3	0.00070
9.817	10.29	10.78	0.65	8.31	91.7	0.00058
10.78	11.29	11.83	0.70	8.96	91.0	0.00047
11.83	12.40	12.99	0.76	9.66	90.3	0.00039
12.99	13.61	14.26	0.82	10.4	89.6	0.00032
14.26	14.94	15.65	0.88	11.2	88.8	0.00026
15.65	16.40	17.18	0.95	12.1	87.9	0.00021
17.18	18.00	18.86	1.01	13.1	86.9	0.00017
18.86	19.76	20.70	1.08	14.1	85.9	0.00014
20.70	21.69	22.73	1.14	15.2	84.8	0.00011
22.73	23.81	24.95	1.19	16.3	83.7	0.000086
24.95	26.14	27.39	1.22	17.5	82.5	0.000067
27.39	28.70	30.07	1.24	18.7	81.3	0.000051
30.07	31.50	33.01	1.25	20.0	80.0	0.000039
33.01	34.58	36.24	1.26	21.2	78.8	0.000030
36.24	37.97	39.78	1.27	22.5	77.5	0.000023
39.78	41.68	43.67	1.30	23.7	76.3	0.000017
43.67	45.75	47.94	1.34	25.0	75.0	0.000014
47.94	50.22	52.62	1.40	26.4	73.6	0.000011
52.62	55.13	57.77	1.46	27.8	72.2	0.000008
57.77	60.52	63.41	1.52	29.2	70.8	0.000007
63.41	66.44	69.61	1.58	30.8	69.2	0.000005
69.61	72.94	76.42	1.64	32.3	67.7	0.000004
76.42	80.07	83.89	1.70	34.0	66.0	0.000003
83.89	87.90	92.09	1.77	35.7	64.3	0.000003
92.09	96.49	101.1	1.83	37.4	62.6	0.000002
101.1	105.9	111.0	1.88	39.3	60.7	0.000002
111.0	116.3	121.8	1.93	41.2	58.8	0.000001
121.8	127.6	133.7	2.00	43.1	56.9	0.000001
133.7	140.1	146.8	2.13	45.1	54.9	0.000001
146.8	153.8	161.2	2.33	47.2	52.8	0.000001
161.2	168.9	176.9	2.64	49.6	50.4	0.000001
176.9	185.4	194.2	3.02	52.2	47.8	4.61E-7
194.2	203.5	213.2	3.44	55.2	44.8	3.96E-7
213.2	223.4	234.1	3.82	58.7	41.3	3.33E-7
234.1	245.2	256.9	4.09	62.5	37.5	2.7E-7
256.9	269.2	282.1	4.24	66.6	33.4	2.11E-7
282.1	295.5	309.6	4.25	70.8	29.2	1.6E-7
309.6	324.4	339.9	4.14	75.0	25.0	1.18E-7
339.9	356.1	373.1	3.95	79.2	20.8	8.5E-8
373.1	390.9	409.6	3.68	83.1	16.9	5.99E-8
409.6	429.2	449.7	3.35	86.8	13.2	4.12E-8
449.7	471.1	493.6	2.94	90.2	9.83	2.74E-8
493.6	517.2	541.9	2.46	93.1	6.89	1.73E-8
541.9	567.7	594.9	1.91	95.6	4.43	1.01E-8
594.9	623.3	653.0	1.34	97.5	2.51	5.37E-9
653.0	684.2	716.8	0.77	98.8	1.18	2.33E-9
716.8	751.1	786.9	0.32	99.6	0.41	7.41E-10
786.9	824.5	863.9	0.078	99.9	0.088	1.36E-10
863.9	905.1	948.3	0.0092	99.99	0.0093	1.2E-11
948.3	993.6	1041	0.00018	100	0.00018	1.74E-13
1041	1091	1143	0	100	0	0
1143	1197	1255	0	100	0	0
1255	1314	1377	0	100	0	0
1377	1443	1512	0	100	0	0
1512	1584	1660	0	100	0	0
1660	1739	1822	0	100	0	0
1822	1909	2000	0	100	0	0
2000				100	0	

