LS	2022-02-24  14:08
File name:	IODP_1176_STV0019_40.$ls
File ID:	IODP_1176
Sample ID:	STV0019
Operator:	RG
Bar code:	
Comment 1:	
Comment 2:	
Instrument:	LS 230, VSM Plus
Run number:	40
Start time:	2022-02-24  14:07
Run length:	62
Optical model:	Fraunhofer.rfd   PIDS included
Obscuration:	9
PIDS Obscur:	35
Obscuration:	OK
Serial Number:	7205

From	0.0400
To	2000
Volume 	100
Mean:	56.87
Median:	37.37
D(0,0):	0.103
Mean/Median ratio:	1.522
Mode:	50.22
S.D.:	75.77
Variance:	5741
C.V.:	133.2
Skewness:	4.089
Kurtosis:	21.19
d10:	6.835
d50:	37.37
d90:	109.6
Specific Surf. Area:	6758

% <	Size 
10	6.83
25	17.8
50	37.4
75	66.5
90	110

% >	Size 
10	110
25	66.5
50	37.4
75	17.8
90	6.83

Size 	% <
1	1.81
10	14.3
100	88.1
1000	100

Size 	% >
1	98.2
10	85.7
100	11.9
1000	0

Particle	IODP_1176	Volume	Volume
Diameter	_STV0019	% >	%
um	_40.$ls		
	Volume		
	% <		
0.4	0.71	99.3	0.18
0.488	0.89	99.1	0.38
0.69	1.27	98.7	0.51
0.98	1.78	98.2	0.65
1.38	2.43	97.6	0.86
1.95	3.29	96.7	1.15
2.76	4.44	95.6	1.58
3.91	6.02	94.0	2.19
5.52	8.21	91.8	3.11
7.81	11.3	88.7	4.40
11.05	15.7	84.3	6.26
15.63	22.0	78.0	8.89
22.1	30.9	69.1	12.0
31.3	42.9	57.1	14.3
44.2	57.2	42.8	15.3
62.5	72.5	27.5	12.5
88.4	85.0	15.0	7.10
125	92.1	7.95	3.26
177	95.3	4.69	1.86
250	97.2	2.84	1.08
354	98.2	1.75	0.98
500	99.2	0.77	0.76
707	99.99	0.0088	0.0088
1000	100	0	0
1414	100	0	0
2000	100	0	0
2828	100	0	0
4000	100	0	

Channel	Channel	Channel	Diff.	Cum. <	Cum. >	Diff.
Diameter	Diameter	Diameter	Volume	Volume	Volume	Number
(Lower)	(Center)	(Upper)	%	%	%	%
um	um	um				
0.040	0.042	0.044	0.00033	0	100	1.89
0.044	0.046	0.048	0.00045	0.00033	100	1.90
0.048	0.050	0.053	0.00072	0.00078	99.999	2.33
0.053	0.055	0.058	0.0015	0.0015	99.999	3.58
0.058	0.061	0.064	0.0031	0.0030	99.997	5.65
0.064	0.067	0.070	0.0056	0.0060	99.99	7.85
0.070	0.073	0.077	0.0085	0.012	99.99	8.95
0.077	0.080	0.084	0.011	0.020	99.98	8.94
0.084	0.088	0.093	0.014	0.031	99.97	8.38
0.093	0.097	0.102	0.017	0.045	99.95	7.68
0.102	0.106	0.112	0.020	0.062	99.9	6.86
0.112	0.117	0.122	0.023	0.082	99.9	5.96
0.122	0.128	0.134	0.026	0.11	99.9	5.10
0.134	0.141	0.148	0.029	0.13	99.9	4.32
0.148	0.155	0.162	0.032	0.16	99.8	3.61
0.162	0.170	0.178	0.035	0.19	99.8	3.00
0.178	0.186	0.195	0.039	0.23	99.8	2.49
0.195	0.205	0.214	0.042	0.27	99.7	2.06
0.214	0.225	0.235	0.047	0.31	99.7	1.71
0.235	0.247	0.258	0.051	0.36	99.6	1.41
0.258	0.271	0.284	0.055	0.41	99.6	1.16
0.284	0.297	0.311	0.060	0.46	99.5	0.96
0.311	0.326	0.342	0.065	0.52	99.5	0.78
0.342	0.358	0.375	0.071	0.59	99.4	0.64
0.375	0.393	0.412	0.076	0.66	99.3	0.52
0.412	0.431	0.452	0.082	0.73	99.3	0.42
0.452	0.474	0.496	0.088	0.82	99.2	0.34
0.496	0.520	0.545	0.095	0.90	99.1	0.28
0.545	0.571	0.598	0.10	1.00	99.0	0.23
0.598	0.627	0.656	0.11	1.10	98.9	0.18
0.656	0.688	0.721	0.12	1.21	98.8	0.15
0.721	0.755	0.791	0.13	1.33	98.7	0.12
0.791	0.829	0.868	0.14	1.45	98.5	0.099
0.868	0.910	0.953	0.15	1.59	98.4	0.080
0.953	0.999	1.047	0.16	1.73	98.3	0.065
1.047	1.097	1.149	0.17	1.89	98.1	0.053
1.149	1.204	1.261	0.18	2.06	97.9	0.043
1.261	1.321	1.385	0.19	2.24	97.8	0.035
1.385	1.451	1.520	0.21	2.43	97.6	0.029
1.520	1.592	1.668	0.23	2.64	97.4	0.023
1.668	1.748	1.832	0.24	2.87	97.1	0.019
1.832	1.919	2.011	0.26	3.11	96.9	0.015
2.011	2.107	2.207	0.28	3.38	96.6	0.013
2.207	2.313	2.423	0.31	3.66	96.3	0.010
2.423	2.539	2.660	0.33	3.97	96.0	0.0085
2.660	2.787	2.920	0.36	4.30	95.7	0.0069
2.920	3.059	3.205	0.39	4.66	95.3	0.0057
3.205	3.358	3.519	0.43	5.06	94.9	0.0047
3.519	3.687	3.863	0.47	5.49	94.5	0.0039
3.863	4.047	4.240	0.51	5.96	94.0	0.0032
4.240	4.443	4.655	0.56	6.47	93.5	0.0027
4.655	4.877	5.110	0.62	7.04	93.0	0.0022
5.110	5.354	5.610	0.68	7.65	92.3	0.0018
5.610	5.878	6.158	0.75	8.33	91.7	0.0015
6.158	6.452	6.760	0.82	9.08	90.9	0.0013
6.760	7.083	7.421	0.90	9.90	90.1	0.0011
7.421	7.775	8.147	0.99	10.8	89.2	0.00087
8.147	8.536	8.943	1.08	11.8	88.2	0.00072
8.943	9.370	9.817	1.19	12.9	87.1	0.00060
9.817	10.29	10.78	1.30	14.0	86.0	0.00050
10.78	11.29	11.83	1.43	15.4	84.6	0.00041
11.83	12.40	12.99	1.58	16.8	83.2	0.00034
12.99	13.61	14.26	1.74	18.4	81.6	0.00029
14.26	14.94	15.65	1.91	20.1	79.9	0.00024
15.65	16.40	17.18	2.11	22.0	78.0	0.00020
17.18	18.00	18.86	2.31	24.1	75.9	0.00016
18.86	19.76	20.70	2.54	26.4	73.6	0.00014
20.70	21.69	22.73	2.77	29.0	71.0	0.00011
22.73	23.81	24.95	3.00	31.7	68.3	0.000092
24.95	26.14	27.39	3.22	34.7	65.3	0.000075
27.39	28.70	30.07	3.43	38.0	62.0	0.000060
30.07	31.50	33.01	3.61	41.4	58.6	0.000048
33.01	34.58	36.24	3.77	45.0	55.0	0.000038
36.24	37.97	39.78	3.90	48.8	51.2	0.000030
39.78	41.68	43.67	4.02	52.7	47.3	0.000023
43.67	45.75	47.94	4.11	56.7	43.3	0.000018
47.94	50.22	52.62	4.16	60.8	39.2	0.000014
52.62	55.13	57.77	4.14	65.0	35.0	0.000010
57.77	60.52	63.41	4.02	69.1	30.9	0.000008
63.41	66.44	69.61	3.80	73.1	26.9	0.000005
69.61	72.94	76.42	3.48	76.9	23.1	0.000004
76.42	80.07	83.89	3.10	80.4	19.6	0.000003
83.89	87.90	92.09	2.67	83.5	16.5	0.000002
92.09	96.49	101.1	2.25	86.2	13.8	0.000001
101.1	105.9	111.0	1.85	88.4	11.6	0.000001
111.0	116.3	121.8	1.49	90.2	9.75	3.93E-7
121.8	127.6	133.7	1.19	91.7	8.26	2.37E-7
133.7	140.1	146.8	0.95	92.9	7.08	1.43E-7
146.8	153.8	161.2	0.78	93.9	6.13	8.87E-8
161.2	168.9	176.9	0.66	94.6	5.35	5.67E-8
176.9	185.4	194.2	0.58	95.3	4.69	3.76E-8
194.2	203.5	213.2	0.52	95.9	4.12	2.56E-8
213.2	223.4	234.1	0.47	96.4	3.60	1.75E-8
234.1	245.2	256.9	0.42	96.9	3.13	1.18E-8
256.9	269.2	282.1	0.35	97.3	2.71	7.52E-9
282.1	295.5	309.6	0.29	97.6	2.36	4.61E-9
309.6	324.4	339.9	0.23	97.9	2.07	2.81E-9
339.9	356.1	373.1	0.21	98.2	1.84	1.89E-9
373.1	390.9	409.6	0.22	98.4	1.63	1.53E-9
409.6	429.2	449.7	0.27	98.6	1.41	1.41E-9
449.7	471.1	493.6	0.33	98.9	1.14	1.3E-9
493.6	517.2	541.9	0.35	99.2	0.82	1.06E-9
541.9	567.7	594.9	0.28	99.5	0.46	6.31E-10
594.9	623.3	653.0	0.15	99.8	0.18	2.49E-10
653.0	684.2	716.8	0.034	99.96	0.038	4.47E-11
716.8	751.1	786.9	0.0035	99.996	0.0035	3.45E-12
786.9	824.5	863.9	0	100	0	0
863.9	905.1	948.3	0	100	0	0
948.3	993.6	1041	0	100	0	0
1041	1091	1143	0	100	0	0
1143	1197	1255	0	100	0	0
1255	1314	1377	0	100	0	0
1377	1443	1512	0	100	0	0
1512	1584	1660	0	100	0	0
1660	1739	1822	0	100	0	0
1822	1909	2000	0	100	0	0
2000				100	0	

