LS	2022-02-24  14:10
File name:	IODP_1176_STV0019_42.$ls
File ID:	IODP_1176
Sample ID:	STV0019
Operator:	RG
Bar code:	
Comment 1:	
Comment 2:	
Instrument:	LS 230, VSM Plus
Run number:	42
Start time:	2022-02-24  14:09
Run length:	61
Optical model:	Fraunhofer.rfd   PIDS included
Obscuration:	9
PIDS Obscur:	37
Obscuration:	OK
Serial Number:	7205

From	0.0400
To	2000
Volume 	100
Mean:	59.77
Median:	37.06
D(0,0):	0.105
Mean/Median ratio:	1.613
Mode:	50.22
S.D.:	85.01
Variance:	7227
C.V.:	142.2
Skewness:	3.971
Kurtosis:	18.74
d10:	6.576
d50:	37.06
d90:	114.3
Specific Surf. Area:	6699

% <	Size 
10	6.58
25	17.3
50	37.1
75	67.1
90	114

% >	Size 
10	114
25	67.1
50	37.1
75	17.3
90	6.58

Size 	% <
1	1.79
10	14.8
100	87.5
1000	100

Size 	% >
1	98.2
10	85.2
100	12.5
1000	0

Particle	IODP_1176	Volume	Volume
Diameter	_STV0019	% >	%
um	_42.$ls		
	Volume		
	% <		
0.4	0.67	99.3	0.18
0.488	0.85	99.2	0.39
0.69	1.24	98.8	0.52
0.98	1.76	98.2	0.67
1.38	2.43	97.6	0.90
1.95	3.33	96.7	1.21
2.76	4.54	95.5	1.66
3.91	6.21	93.8	2.30
5.52	8.50	91.5	3.24
7.81	11.7	88.3	4.54
11.05	16.3	83.7	6.37
15.63	22.7	77.3	8.89
22.1	31.5	68.5	11.9
31.3	43.4	56.6	13.9
44.2	57.3	42.7	14.9
62.5	72.2	27.8	12.3
88.4	84.4	15.6	6.85
125	91.3	8.73	3.10
177	94.4	5.62	2.20
250	96.6	3.43	1.09
354	97.7	2.34	1.14
500	98.8	1.20	1.19
707	99.98	0.015	0.015
1000	100	0	0
1414	100	0	0
2000	100	0	0
2828	100	0	0
4000	100	0	

Channel	Channel	Channel	Diff.	Cum. <	Cum. >	Diff.
Diameter	Diameter	Diameter	Volume	Volume	Volume	Number
(Lower)	(Center)	(Upper)	%	%	%	%
um	um	um				
0.040	0.042	0.044	0.00030	0	100	1.84
0.044	0.046	0.048	0.00040	0.00030	100	1.86
0.048	0.050	0.053	0.00064	0.00069	99.999	2.27
0.053	0.055	0.058	0.0013	0.0013	99.999	3.49
0.058	0.061	0.064	0.0027	0.0026	99.997	5.50
0.064	0.067	0.070	0.0050	0.0054	99.99	7.67
0.070	0.073	0.077	0.0076	0.010	99.99	8.79
0.077	0.080	0.084	0.010	0.018	99.98	8.81
0.084	0.088	0.093	0.013	0.028	99.97	8.30
0.093	0.097	0.102	0.015	0.041	99.96	7.63
0.102	0.106	0.112	0.018	0.056	99.9	6.85
0.112	0.117	0.122	0.021	0.074	99.9	5.98
0.122	0.128	0.134	0.024	0.095	99.9	5.14
0.134	0.141	0.148	0.027	0.12	99.9	4.36
0.148	0.155	0.162	0.030	0.15	99.9	3.67
0.162	0.170	0.178	0.033	0.18	99.8	3.06
0.178	0.186	0.195	0.036	0.21	99.8	2.56
0.195	0.205	0.214	0.040	0.24	99.8	2.13
0.214	0.225	0.235	0.044	0.28	99.7	1.77
0.235	0.247	0.258	0.049	0.33	99.7	1.48
0.258	0.271	0.284	0.053	0.38	99.6	1.23
0.284	0.297	0.311	0.058	0.43	99.6	1.01
0.311	0.326	0.342	0.064	0.49	99.5	0.84
0.342	0.358	0.375	0.069	0.55	99.4	0.69
0.375	0.393	0.412	0.075	0.62	99.4	0.56
0.412	0.431	0.452	0.081	0.70	99.3	0.46
0.452	0.474	0.496	0.088	0.78	99.2	0.38
0.496	0.520	0.545	0.095	0.87	99.1	0.31
0.545	0.571	0.598	0.10	0.96	99.0	0.25
0.598	0.627	0.656	0.11	1.06	98.9	0.20
0.656	0.688	0.721	0.12	1.17	98.8	0.17
0.721	0.755	0.791	0.13	1.29	98.7	0.14
0.791	0.829	0.868	0.14	1.42	98.6	0.11
0.868	0.910	0.953	0.15	1.56	98.4	0.090
0.953	0.999	1.047	0.16	1.71	98.3	0.074
1.047	1.097	1.149	0.17	1.87	98.1	0.060
1.149	1.204	1.261	0.19	2.04	98.0	0.049
1.261	1.321	1.385	0.20	2.23	97.8	0.040
1.385	1.451	1.520	0.22	2.43	97.6	0.033
1.520	1.592	1.668	0.24	2.65	97.3	0.027
1.668	1.748	1.832	0.26	2.89	97.1	0.022
1.832	1.919	2.011	0.28	3.15	96.9	0.018
2.011	2.107	2.207	0.30	3.42	96.6	0.015
2.207	2.313	2.423	0.32	3.72	96.3	0.012
2.423	2.539	2.660	0.35	4.04	96.0	0.0098
2.660	2.787	2.920	0.38	4.40	95.6	0.0080
2.920	3.059	3.205	0.41	4.78	95.2	0.0066
3.205	3.358	3.519	0.45	5.19	94.8	0.0054
3.519	3.687	3.863	0.49	5.64	94.4	0.0045
3.863	4.047	4.240	0.54	6.14	93.9	0.0037
4.240	4.443	4.655	0.59	6.68	93.3	0.0031
4.655	4.877	5.110	0.65	7.27	92.7	0.0025
5.110	5.354	5.610	0.71	7.92	92.1	0.0021
5.610	5.878	6.158	0.78	8.63	91.4	0.0017
6.158	6.452	6.760	0.85	9.41	90.6	0.0014
6.760	7.083	7.421	0.93	10.3	89.7	0.0012
7.421	7.775	8.147	1.02	11.2	88.8	0.00099
8.147	8.536	8.943	1.12	12.2	87.8	0.00082
8.943	9.370	9.817	1.22	13.3	86.7	0.00068
9.817	10.29	10.78	1.34	14.6	85.4	0.00056
10.78	11.29	11.83	1.47	15.9	84.1	0.00046
11.83	12.40	12.99	1.61	17.4	82.6	0.00039
12.99	13.61	14.26	1.76	19.0	81.0	0.00032
14.26	14.94	15.65	1.94	20.7	79.3	0.00026
15.65	16.40	17.18	2.12	22.7	77.3	0.00022
17.18	18.00	18.86	2.32	24.8	75.2	0.00018
18.86	19.76	20.70	2.53	27.1	72.9	0.00015
20.70	21.69	22.73	2.75	29.6	70.4	0.00012
22.73	23.81	24.95	2.97	32.4	67.6	0.00010
24.95	26.14	27.39	3.18	35.4	64.6	0.000081
27.39	28.70	30.07	3.37	38.5	61.5	0.000065
30.07	31.50	33.01	3.53	41.9	58.1	0.000051
33.01	34.58	36.24	3.67	45.4	54.6	0.000040
36.24	37.97	39.78	3.79	49.1	50.9	0.000032
39.78	41.68	43.67	3.90	52.9	47.1	0.000025
43.67	45.75	47.94	3.99	56.8	43.2	0.000019
47.94	50.22	52.62	4.04	60.8	39.2	0.000015
52.62	55.13	57.77	4.03	64.8	35.2	0.000011
57.77	60.52	63.41	3.93	68.9	31.1	0.000008
63.41	66.44	69.61	3.72	72.8	27.2	0.000006
69.61	72.94	76.42	3.42	76.5	23.5	0.000004
76.42	80.07	83.89	3.04	79.9	20.1	0.000003
83.89	87.90	92.09	2.63	83.0	17.0	0.000002
92.09	96.49	101.1	2.19	85.6	14.4	0.000001
101.1	105.9	111.0	1.78	87.8	12.2	0.000001
111.0	116.3	121.8	1.41	89.6	10.4	4.07E-7
121.8	127.6	133.7	1.10	91.0	9.02	2.41E-7
133.7	140.1	146.8	0.88	92.1	7.92	1.46E-7
146.8	153.8	161.2	0.74	93.0	7.04	9.3E-8
161.2	168.9	176.9	0.67	93.7	6.30	6.37E-8
176.9	185.4	194.2	0.64	94.4	5.62	4.61E-8
194.2	203.5	213.2	0.62	95.0	4.98	3.37E-8
213.2	223.4	234.1	0.58	95.6	4.36	2.38E-8
234.1	245.2	256.9	0.50	96.2	3.78	1.56E-8
256.9	269.2	282.1	0.39	96.7	3.27	9.12E-9
282.1	295.5	309.6	0.28	97.1	2.88	4.88E-9
309.6	324.4	339.9	0.19	97.4	2.61	2.6E-9
339.9	356.1	373.1	0.17	97.6	2.41	1.72E-9
373.1	390.9	409.6	0.21	97.8	2.24	1.61E-9
409.6	429.2	449.7	0.31	98.0	2.03	1.81E-9
449.7	471.1	493.6	0.45	98.3	1.72	1.95E-9
493.6	517.2	541.9	0.53	98.7	1.27	1.74E-9
541.9	567.7	594.9	0.44	99.3	0.74	1.09E-9
594.9	623.3	653.0	0.24	99.7	0.30	4.49E-10
653.0	684.2	716.8	0.058	99.9	0.064	8.25E-11
716.8	751.1	786.9	0.0061	99.99	0.0061	6.59E-12
786.9	824.5	863.9	0	100	0	0
863.9	905.1	948.3	0	100	0	0
948.3	993.6	1041	0	100	0	0
1041	1091	1143	0	100	0	0
1143	1197	1255	0	100	0	0
1255	1314	1377	0	100	0	0
1377	1443	1512	0	100	0	0
1512	1584	1660	0	100	0	0
1660	1739	1822	0	100	0	0
1822	1909	2000	0	100	0	0
2000				100	0	

