LS	2022-02-24  11:38
File name:	IODP_1176_STV0016_18.$ls
File ID:	IODP_1176
Sample ID:	STV0016
Operator:	RG
Bar code:	
Comment 1:	
Comment 2:	
Instrument:	LS 230, VSM Plus
Run number:	18
Start time:	2022-02-24  11:37
Run length:	62
Optical model:	Fraunhofer.rfd   PIDS included
Obscuration:	10
PIDS Obscur:	39
Obscuration:	OK
Serial Number:	7205

From	0.0400
To	2000
Volume 	100
Mean:	185.1
Median:	141.8
D(0,0):	0.110
Mean/Median ratio:	1.305
Mode:	295.5
S.D.:	166.9
Variance:	27841
C.V.:	90.15
Skewness:	0.814
Kurtosis:	-0.229
d10:	10.65
d50:	141.8
d90:	435.2
Specific Surf. Area:	4190

% <	Size 
10	10.7
25	35.5
50	142
75	299
90	435

% >	Size 
10	435
25	299
50	142
75	35.5
90	10.7

Size 	% <
1	1.22
10	9.50
100	43.0
1000	100

Size 	% >
1	98.8
10	90.5
100	57.0
1000	0

Particle	IODP_1176	Volume	Volume
Diameter	_STV0016	% >	%
um	_18.$ls		
	Volume		
	% <		
0.4	0.40	99.6	0.12
0.488	0.52	99.5	0.28
0.69	0.80	99.2	0.39
0.98	1.19	98.8	0.53
1.38	1.72	98.3	0.70
1.95	2.42	97.6	0.90
2.76	3.32	96.7	1.14
3.91	4.46	95.5	1.44
5.52	5.90	94.1	1.89
7.81	7.80	92.2	2.50
11.05	10.3	89.7	3.34
15.63	13.6	86.4	4.32
22.1	18.0	82.0	5.11
31.3	23.1	76.9	5.30
44.2	28.4	71.6	5.82
62.5	34.2	65.8	6.37
88.4	40.6	59.4	6.86
125	47.4	52.6	7.88
177	55.3	44.7	12.2
250	67.5	32.5	14.5
354	82.0	18.0	12.6
500	94.6	5.43	5.25
707	99.8	0.18	0.18
1000	100	0	0
1414	100	0	0
2000	100	0	0
2828	100	0	0
4000	100	0	

Channel	Channel	Channel	Diff.	Cum. <	Cum. >	Diff.
Diameter	Diameter	Diameter	Volume	Volume	Volume	Number
(Lower)	(Center)	(Upper)	%	%	%	%
um	um	um				
0.040	0.042	0.044	0.00014	0	100	1.67
0.044	0.046	0.048	0.00019	0.00014	100	1.70
0.048	0.050	0.053	0.00031	0.00033	100	2.11
0.053	0.055	0.058	0.00063	0.00064	99.999	3.23
0.058	0.061	0.064	0.0013	0.0013	99.999	5.07
0.064	0.067	0.070	0.0024	0.0026	99.997	7.08
0.070	0.073	0.077	0.0037	0.0050	99.99	8.21
0.077	0.080	0.084	0.0050	0.0088	99.99	8.36
0.084	0.088	0.093	0.0063	0.014	99.99	7.97
0.093	0.097	0.102	0.0078	0.020	99.98	7.43
0.102	0.106	0.112	0.0094	0.028	99.97	6.78
0.112	0.117	0.122	0.011	0.037	99.96	6.01
0.122	0.128	0.134	0.013	0.048	99.95	5.23
0.134	0.141	0.148	0.014	0.061	99.9	4.50
0.148	0.155	0.162	0.016	0.076	99.9	3.85
0.162	0.170	0.178	0.018	0.092	99.9	3.28
0.178	0.186	0.195	0.021	0.11	99.9	2.78
0.195	0.205	0.214	0.023	0.13	99.9	2.36
0.214	0.225	0.235	0.026	0.15	99.8	2.00
0.235	0.247	0.258	0.029	0.18	99.8	1.70
0.258	0.271	0.284	0.033	0.21	99.8	1.44
0.284	0.297	0.311	0.037	0.24	99.8	1.22
0.311	0.326	0.342	0.041	0.28	99.7	1.02
0.342	0.358	0.375	0.045	0.32	99.7	0.86
0.375	0.393	0.412	0.050	0.37	99.6	0.71
0.412	0.431	0.452	0.055	0.42	99.6	0.60
0.452	0.474	0.496	0.061	0.47	99.5	0.50
0.496	0.520	0.545	0.067	0.53	99.5	0.41
0.545	0.571	0.598	0.073	0.60	99.4	0.34
0.598	0.627	0.656	0.080	0.67	99.3	0.28
0.656	0.688	0.721	0.088	0.75	99.2	0.23
0.721	0.755	0.791	0.096	0.84	99.2	0.19
0.791	0.829	0.868	0.11	0.94	99.1	0.16
0.868	0.910	0.953	0.11	1.04	99.0	0.13
0.953	0.999	1.047	0.12	1.16	98.8	0.11
1.047	1.097	1.149	0.14	1.28	98.7	0.089
1.149	1.204	1.261	0.15	1.42	98.6	0.073
1.261	1.321	1.385	0.16	1.56	98.4	0.060
1.385	1.451	1.520	0.17	1.72	98.3	0.049
1.520	1.592	1.668	0.18	1.89	98.1	0.040
1.668	1.748	1.832	0.20	2.08	97.9	0.032
1.832	1.919	2.011	0.21	2.28	97.7	0.026
2.011	2.107	2.207	0.23	2.49	97.5	0.021
2.207	2.313	2.423	0.24	2.72	97.3	0.017
2.423	2.539	2.660	0.26	2.96	97.0	0.014
2.660	2.787	2.920	0.27	3.22	96.8	0.011
2.920	3.059	3.205	0.29	3.49	96.5	0.0088
3.205	3.358	3.519	0.31	3.78	96.2	0.0071
3.519	3.687	3.863	0.33	4.09	95.9	0.0057
3.863	4.047	4.240	0.35	4.42	95.6	0.0046
4.240	4.443	4.655	0.38	4.77	95.2	0.0037
4.655	4.877	5.110	0.40	5.14	94.9	0.0030
5.110	5.354	5.610	0.43	5.55	94.5	0.0024
5.610	5.878	6.158	0.46	5.98	94.0	0.0020
6.158	6.452	6.760	0.50	6.45	93.6	0.0016
6.760	7.083	7.421	0.54	6.95	93.1	0.0013
7.421	7.775	8.147	0.58	7.48	92.5	0.0011
8.147	8.536	8.943	0.63	8.06	91.9	0.00087
8.943	9.370	9.817	0.68	8.69	91.3	0.00071
9.817	10.29	10.78	0.73	9.37	90.6	0.00058
10.78	11.29	11.83	0.79	10.1	89.9	0.00048
11.83	12.40	12.99	0.85	10.9	89.1	0.00039
12.99	13.61	14.26	0.92	11.7	88.3	0.00032
14.26	14.94	15.65	0.99	12.7	87.3	0.00026
15.65	16.40	17.18	1.07	13.7	86.3	0.00021
17.18	18.00	18.86	1.14	14.7	85.3	0.00017
18.86	19.76	20.70	1.21	15.9	84.1	0.00014
20.70	21.69	22.73	1.28	17.1	82.9	0.00011
22.73	23.81	24.95	1.34	18.4	81.6	0.000086
24.95	26.14	27.39	1.38	19.7	80.3	0.000067
27.39	28.70	30.07	1.40	21.1	78.9	0.000051
30.07	31.50	33.01	1.41	22.5	77.5	0.000039
33.01	34.58	36.24	1.41	23.9	76.1	0.000030
36.24	37.97	39.78	1.43	25.3	74.7	0.000023
39.78	41.68	43.67	1.46	26.7	73.3	0.000017
43.67	45.75	47.94	1.50	28.2	71.8	0.000014
47.94	50.22	52.62	1.55	29.7	70.3	0.000011
52.62	55.13	57.77	1.59	31.2	68.8	0.000008
57.77	60.52	63.41	1.63	32.8	67.2	0.000006
63.41	66.44	69.61	1.67	34.5	65.5	0.000005
69.61	72.94	76.42	1.70	36.1	63.9	0.000004
76.42	80.07	83.89	1.75	37.8	62.2	0.000003
83.89	87.90	92.09	1.80	39.6	60.4	0.000002
92.09	96.49	101.1	1.84	41.4	58.6	0.000002
101.1	105.9	111.0	1.86	43.2	56.8	0.000001
111.0	116.3	121.8	1.86	45.1	54.9	0.000001
121.8	127.6	133.7	1.87	46.9	53.1	0.000001
133.7	140.1	146.8	1.95	48.8	51.2	0.000001
146.8	153.8	161.2	2.13	50.7	49.3	0.000001
161.2	168.9	176.9	2.42	52.9	47.1	4.36E-7
176.9	185.4	194.2	2.81	55.3	44.7	3.82E-7
194.2	203.5	213.2	3.22	58.1	41.9	3.31E-7
213.2	223.4	234.1	3.57	61.3	38.7	2.78E-7
234.1	245.2	256.9	3.80	64.9	35.1	2.24E-7
256.9	269.2	282.1	3.91	68.7	31.3	1.74E-7
282.1	295.5	309.6	3.92	72.6	27.4	1.32E-7
309.6	324.4	339.9	3.88	76.5	23.5	9.86E-8
339.9	356.1	373.1	3.79	80.4	19.6	7.28E-8
373.1	390.9	409.6	3.65	84.2	15.8	5.3E-8
409.6	429.2	449.7	3.41	87.8	12.2	3.74E-8
449.7	471.1	493.6	3.01	91.2	8.77	2.5E-8
493.6	517.2	541.9	2.43	94.2	5.75	1.53E-8
541.9	567.7	594.9	1.75	96.7	3.32	8.31E-9
594.9	623.3	653.0	1.01	98.4	1.57	3.63E-9
653.0	684.2	716.8	0.44	99.4	0.56	1.19E-9
716.8	751.1	786.9	0.10	99.9	0.12	2.12E-10
786.9	824.5	863.9	0.012	99.99	0.012	1.88E-11
863.9	905.1	948.3	0.00011	100	0.00011	1.28E-13
948.3	993.6	1041	0	100	0	0
1041	1091	1143	0	100	0	0
1143	1197	1255	0	100	0	0
1255	1314	1377	0	100	0	0
1377	1443	1512	0	100	0	0
1512	1584	1660	0	100	0	0
1660	1739	1822	0	100	0	0
1822	1909	2000	0	100	0	0
2000				100	0	

