LS	2022-02-24  10:30
File name:	IODP__1176_STV0015_01.$ls
File ID:	IODP__1176
Sample ID:	STV0015
Operator:	RG
Bar code:	
Comment 1:	
Comment 2:	
Instrument:	LS 230, VSM Plus
Run number:	1
Start time:	2022-02-24  10:29
Run length:	62
Optical model:	Fraunhofer.rfd   PIDS included
Obscuration:	12
PIDS Obscur:	54
Obscuration:	OK
Serial Number:	7205

From	0.0400
To	2000
Volume 	100
Mean:	52.02
Median:	28.57
D(0,0):	0.113
Mean/Median ratio:	1.821
Mode:	34.58
S.D.:	79.28
Variance:	6286
C.V.:	152.4
Skewness:	3.742
Kurtosis:	16.88
d10:	3.814
d50:	28.57
d90:	114.5
Specific Surf. Area:	9099

% <	Size 
10	3.81
25	12.0
50	28.6
75	54.9
90	114

% >	Size 
10	114
25	54.9
50	28.6
75	12.0
90	3.81

Size 	% <
1	2.75
10	21.7
100	88.4
1000	100

Size 	% >
1	97.3
10	78.3
100	11.6
1000	0

Particle	IODP__1176	Volume	Volume
Diameter	_STV0015	% >	%
um	_01.$ls		
	Volume		
	% <		
0.4	0.88	99.1	0.27
0.488	1.16	98.8	0.63
0.69	1.79	98.2	0.90
0.98	2.69	97.3	1.19
1.38	3.88	96.1	1.60
1.95	5.48	94.5	2.08
2.76	7.56	92.4	2.65
3.91	10.2	89.8	3.34
5.52	13.6	86.4	4.30
7.81	17.9	82.1	5.56
11.05	23.4	76.6	7.37
15.63	30.8	69.2	9.97
22.1	40.8	59.2	12.8
31.3	53.6	46.4	13.7
44.2	67.2	32.8	11.8
62.5	79.0	21.0	7.62
88.4	86.7	13.3	4.26
125	90.9	9.08	3.28
177	94.2	5.80	2.39
250	96.6	3.41	1.45
354	98.0	1.96	1.33
500	99.4	0.63	0.62
707	99.99	0.0055	0.0055
1000	100	0	0
1414	100	0	0
2000	100	0	0
2828	100	0	0
4000	100	0	

Channel	Channel	Channel	Diff.	Cum. <	Cum. >	Diff.
Diameter	Diameter	Diameter	Volume	Volume	Volume	Number
(Lower)	(Center)	(Upper)	%	%	%	%
um	um	um				
0.040	0.042	0.044	0.00029	0	100	1.64
0.044	0.046	0.048	0.00038	0.00029	100	1.63
0.048	0.050	0.053	0.00061	0.00067	99.999	1.98
0.053	0.055	0.058	0.0012	0.0013	99.999	2.97
0.058	0.061	0.064	0.0025	0.0025	99.997	4.67
0.064	0.067	0.070	0.0048	0.0051	99.99	6.65
0.070	0.073	0.077	0.0076	0.0098	99.99	7.95
0.077	0.080	0.084	0.010	0.017	99.98	8.23
0.084	0.088	0.093	0.013	0.028	99.97	7.93
0.093	0.097	0.102	0.016	0.041	99.96	7.44
0.102	0.106	0.112	0.020	0.057	99.9	6.83
0.112	0.117	0.122	0.024	0.077	99.9	6.10
0.122	0.128	0.134	0.027	0.10	99.9	5.34
0.134	0.141	0.148	0.031	0.13	99.9	4.62
0.148	0.155	0.162	0.035	0.16	99.8	3.97
0.162	0.170	0.178	0.040	0.19	99.8	3.40
0.178	0.186	0.195	0.045	0.23	99.8	2.89
0.195	0.205	0.214	0.051	0.28	99.7	2.47
0.214	0.225	0.235	0.058	0.33	99.7	2.11
0.235	0.247	0.258	0.065	0.39	99.6	1.81
0.258	0.271	0.284	0.074	0.45	99.5	1.54
0.284	0.297	0.311	0.083	0.53	99.5	1.31
0.311	0.326	0.342	0.093	0.61	99.4	1.10
0.342	0.358	0.375	0.10	0.70	99.3	0.93
0.375	0.393	0.412	0.11	0.81	99.2	0.77
0.412	0.431	0.452	0.13	0.92	99.1	0.65
0.452	0.474	0.496	0.14	1.05	99.0	0.54
0.496	0.520	0.545	0.15	1.18	98.8	0.45
0.545	0.571	0.598	0.17	1.34	98.7	0.37
0.598	0.627	0.656	0.18	1.50	98.5	0.31
0.656	0.688	0.721	0.20	1.69	98.3	0.26
0.721	0.755	0.791	0.22	1.89	98.1	0.21
0.791	0.829	0.868	0.24	2.11	97.9	0.17
0.868	0.910	0.953	0.26	2.35	97.7	0.14
0.953	0.999	1.047	0.28	2.61	97.4	0.12
1.047	1.097	1.149	0.31	2.89	97.1	0.097
1.149	1.204	1.261	0.33	3.20	96.8	0.079
1.261	1.321	1.385	0.36	3.53	96.5	0.065
1.385	1.451	1.520	0.39	3.89	96.1	0.053
1.520	1.592	1.668	0.42	4.29	95.7	0.043
1.668	1.748	1.832	0.45	4.71	95.3	0.035
1.832	1.919	2.011	0.49	5.16	94.8	0.028
2.011	2.107	2.207	0.52	5.64	94.4	0.023
2.207	2.313	2.423	0.56	6.16	93.8	0.019
2.423	2.539	2.660	0.59	6.72	93.3	0.015
2.660	2.787	2.920	0.63	7.31	92.7	0.012
2.920	3.059	3.205	0.67	7.95	92.1	0.0098
3.205	3.358	3.519	0.72	8.62	91.4	0.0079
3.519	3.687	3.863	0.77	9.34	90.7	0.0063
3.863	4.047	4.240	0.82	10.1	89.9	0.0051
4.240	4.443	4.655	0.87	10.9	89.1	0.0041
4.655	4.877	5.110	0.93	11.8	88.2	0.0033
5.110	5.354	5.610	1.00	12.7	87.3	0.0027
5.610	5.878	6.158	1.07	13.7	86.3	0.0022
6.158	6.452	6.760	1.14	14.8	85.2	0.0018
6.760	7.083	7.421	1.22	15.9	84.1	0.0014
7.421	7.775	8.147	1.30	17.2	82.8	0.0011
8.147	8.536	8.943	1.40	18.5	81.5	0.00093
8.943	9.370	9.817	1.50	19.9	80.1	0.00075
9.817	10.29	10.78	1.61	21.4	78.6	0.00061
10.78	11.29	11.83	1.74	23.0	77.0	0.00050
11.83	12.40	12.99	1.88	24.7	75.3	0.00041
12.99	13.61	14.26	2.03	26.6	73.4	0.00033
14.26	14.94	15.65	2.21	28.6	71.4	0.00027
15.65	16.40	17.18	2.40	30.8	69.2	0.00023
17.18	18.00	18.86	2.61	33.2	66.8	0.00019
18.86	19.76	20.70	2.83	35.8	64.2	0.00015
20.70	21.69	22.73	3.05	38.7	61.3	0.00012
22.73	23.81	24.95	3.26	41.7	58.3	0.000100
24.95	26.14	27.39	3.45	45.0	55.0	0.000080
27.39	28.70	30.07	3.59	48.4	51.6	0.000063
30.07	31.50	33.01	3.69	52.0	48.0	0.000049
33.01	34.58	36.24	3.73	55.7	44.3	0.000037
36.24	37.97	39.78	3.71	59.4	40.6	0.000028
39.78	41.68	43.67	3.64	63.1	36.9	0.000021
43.67	45.75	47.94	3.51	66.8	33.2	0.000015
47.94	50.22	52.62	3.33	70.3	29.7	0.000011
52.62	55.13	57.77	3.08	73.6	26.4	0.000008
57.77	60.52	63.41	2.79	76.7	23.3	0.000005
63.41	66.44	69.61	2.46	79.5	20.5	0.000003
69.61	72.94	76.42	2.11	81.9	18.1	0.000002
76.42	80.07	83.89	1.78	84.1	15.9	0.000001
83.89	87.90	92.09	1.49	85.8	14.2	0.000001
92.09	96.49	101.1	1.26	87.3	12.7	0.000001
101.1	105.9	111.0	1.10	88.6	11.4	3.81E-7
111.0	116.3	121.8	0.99	89.7	10.3	2.6E-7
121.8	127.6	133.7	0.93	90.7	9.33	1.84E-7
133.7	140.1	146.8	0.89	91.6	8.40	1.35E-7
146.8	153.8	161.2	0.87	92.5	7.51	9.89E-8
161.2	168.9	176.9	0.83	93.4	6.64	7.15E-8
176.9	185.4	194.2	0.77	94.2	5.81	5E-8
194.2	203.5	213.2	0.69	95.0	5.04	3.37E-8
213.2	223.4	234.1	0.59	95.6	4.35	2.19E-8
234.1	245.2	256.9	0.50	96.2	3.76	1.41E-8
256.9	269.2	282.1	0.43	96.7	3.26	9.07E-9
282.1	295.5	309.6	0.38	97.2	2.83	6.04E-9
309.6	324.4	339.9	0.35	97.5	2.46	4.23E-9
339.9	356.1	373.1	0.34	97.9	2.11	3.15E-9
373.1	390.9	409.6	0.36	98.2	1.76	2.46E-9
409.6	429.2	449.7	0.37	98.6	1.41	1.93E-9
449.7	471.1	493.6	0.37	99.0	1.04	1.45E-9
493.6	517.2	541.9	0.33	99.3	0.67	9.73E-10
541.9	567.7	594.9	0.22	99.7	0.35	4.97E-10
594.9	623.3	653.0	0.10	99.9	0.13	1.73E-10
653.0	684.2	716.8	0.022	99.98	0.024	2.86E-11
716.8	751.1	786.9	0.0020	99.998	0.0020	1.99E-12
786.9	824.5	863.9	0	100	0	0
863.9	905.1	948.3	0	100	0	0
948.3	993.6	1041	0	100	0	0
1041	1091	1143	0	100	0	0
1143	1197	1255	0	100	0	0
1255	1314	1377	0	100	0	0
1377	1443	1512	0	100	0	0
1512	1584	1660	0	100	0	0
1660	1739	1822	0	100	0	0
1822	1909	2000	0	100	0	0
2000				100	0	

