LS	2022-02-24  10:31
File name:	IODP__1176_STV0015_02.$ls
File ID:	IODP__1176
Sample ID:	STV0015
Operator:	RG
Bar code:	
Comment 1:	
Comment 2:	
Instrument:	LS 230, VSM Plus
Run number:	2
Start time:	2022-02-24  10:30
Run length:	62
Optical model:	Fraunhofer.rfd   PIDS included
Obscuration:	12
PIDS Obscur:	55
Obscuration:	OK
Serial Number:	7205

From	0.0400
To	2000
Volume 	100
Mean:	51.16
Median:	27.85
D(0,0):	0.114
Mean/Median ratio:	1.837
Mode:	34.58
S.D.:	78.85
Variance:	6217
C.V.:	154.1
Skewness:	3.802
Kurtosis:	17.51
d10:	3.687
d50:	27.85
d90:	112.1
Specific Surf. Area:	9253

% <	Size 
10	3.69
25	11.5
50	27.8
75	54.0
90	112

% >	Size 
10	112
25	54.0
50	27.8
75	11.5
90	3.69

Size 	% <
1	2.80
10	22.4
100	88.7
1000	100

Size 	% >
1	97.2
10	77.6
100	11.3
1000	0

Particle	IODP__1176	Volume	Volume
Diameter	_STV0015	% >	%
um	_02.$ls		
	Volume		
	% <		
0.4	0.89	99.1	0.28
0.488	1.17	98.8	0.65
0.69	1.81	98.2	0.92
0.98	2.73	97.3	1.23
1.38	3.96	96.0	1.65
1.95	5.61	94.4	2.15
2.76	7.76	92.2	2.75
3.91	10.5	89.5	3.47
5.52	14.0	86.0	4.46
7.81	18.4	81.6	5.73
11.05	24.2	75.8	7.53
15.63	31.7	68.3	10.1
22.1	41.8	58.2	12.7
31.3	54.5	45.5	13.4
44.2	67.9	32.1	11.6
62.5	79.5	20.5	7.43
88.4	86.9	13.1	4.16
125	91.1	8.89	3.18
177	94.3	5.71	2.38
250	96.7	3.34	1.45
354	98.1	1.89	1.24
500	99.4	0.65	0.64
707	99.99	0.0062	0.0062
1000	100	0	0
1414	100	0	0
2000	100	0	0
2828	100	0	0
4000	100	0	

Channel	Channel	Channel	Diff.	Cum. <	Cum. >	Diff.
Diameter	Diameter	Diameter	Volume	Volume	Volume	Number
(Lower)	(Center)	(Upper)	%	%	%	%
um	um	um				
0.040	0.042	0.044	0.00029	0	100	1.62
0.044	0.046	0.048	0.00038	0.00029	100	1.61
0.048	0.050	0.053	0.00060	0.00066	99.999	1.95
0.053	0.055	0.058	0.0012	0.0013	99.999	2.93
0.058	0.061	0.064	0.0025	0.0025	99.998	4.61
0.064	0.067	0.070	0.0047	0.0049	99.995	6.57
0.070	0.073	0.077	0.0074	0.0096	99.99	7.87
0.077	0.080	0.084	0.010	0.017	99.98	8.18
0.084	0.088	0.093	0.013	0.027	99.97	7.89
0.093	0.097	0.102	0.016	0.040	99.96	7.42
0.102	0.106	0.112	0.020	0.057	99.9	6.83
0.112	0.117	0.122	0.023	0.076	99.9	6.11
0.122	0.128	0.134	0.027	0.100	99.9	5.35
0.134	0.141	0.148	0.031	0.13	99.9	4.64
0.148	0.155	0.162	0.035	0.16	99.8	4.00
0.162	0.170	0.178	0.040	0.19	99.8	3.42
0.178	0.186	0.195	0.045	0.23	99.8	2.92
0.195	0.205	0.214	0.051	0.28	99.7	2.50
0.214	0.225	0.235	0.058	0.33	99.7	2.14
0.235	0.247	0.258	0.066	0.39	99.6	1.84
0.258	0.271	0.284	0.075	0.45	99.5	1.57
0.284	0.297	0.311	0.084	0.53	99.5	1.34
0.311	0.326	0.342	0.094	0.61	99.4	1.13
0.342	0.358	0.375	0.10	0.71	99.3	0.95
0.375	0.393	0.412	0.12	0.81	99.2	0.79
0.412	0.431	0.452	0.13	0.93	99.1	0.66
0.452	0.474	0.496	0.14	1.05	98.9	0.55
0.496	0.520	0.545	0.16	1.19	98.8	0.46
0.545	0.571	0.598	0.17	1.35	98.7	0.38
0.598	0.627	0.656	0.19	1.52	98.5	0.32
0.656	0.688	0.721	0.21	1.71	98.3	0.26
0.721	0.755	0.791	0.22	1.91	98.1	0.22
0.791	0.829	0.868	0.25	2.14	97.9	0.18
0.868	0.910	0.953	0.27	2.38	97.6	0.15
0.953	0.999	1.047	0.29	2.65	97.4	0.12
1.047	1.097	1.149	0.32	2.94	97.1	0.10
1.149	1.204	1.261	0.34	3.26	96.7	0.082
1.261	1.321	1.385	0.37	3.60	96.4	0.067
1.385	1.451	1.520	0.40	3.97	96.0	0.055
1.520	1.592	1.668	0.43	4.38	95.6	0.045
1.668	1.748	1.832	0.47	4.81	95.2	0.036
1.832	1.919	2.011	0.50	5.28	94.7	0.030
2.011	2.107	2.207	0.54	5.78	94.2	0.024
2.207	2.313	2.423	0.57	6.32	93.7	0.019
2.423	2.539	2.660	0.61	6.89	93.1	0.016
2.660	2.787	2.920	0.66	7.51	92.5	0.013
2.920	3.059	3.205	0.70	8.16	91.8	0.010
3.205	3.358	3.519	0.75	8.86	91.1	0.0082
3.519	3.687	3.863	0.80	9.61	90.4	0.0066
3.863	4.047	4.240	0.85	10.4	89.6	0.0054
4.240	4.443	4.655	0.91	11.3	88.7	0.0043
4.655	4.877	5.110	0.97	12.2	87.8	0.0035
5.110	5.354	5.610	1.04	13.1	86.9	0.0028
5.610	5.878	6.158	1.11	14.2	85.8	0.0023
6.158	6.452	6.760	1.18	15.3	84.7	0.0018
6.760	7.083	7.421	1.26	16.5	83.5	0.0015
7.421	7.775	8.147	1.35	17.7	82.3	0.0012
8.147	8.536	8.943	1.44	19.1	80.9	0.00097
8.943	9.370	9.817	1.55	20.5	79.5	0.00078
9.817	10.29	10.78	1.66	22.1	77.9	0.00064
10.78	11.29	11.83	1.78	23.7	76.3	0.00052
11.83	12.40	12.99	1.92	25.5	74.5	0.00042
12.99	13.61	14.26	2.07	27.4	72.6	0.00034
14.26	14.94	15.65	2.25	29.5	70.5	0.00028
15.65	16.40	17.18	2.43	31.7	68.3	0.00023
17.18	18.00	18.86	2.64	34.2	65.8	0.00019
18.86	19.76	20.70	2.85	36.8	63.2	0.00015
20.70	21.69	22.73	3.05	39.7	60.3	0.00012
22.73	23.81	24.95	3.25	42.7	57.3	0.00010
24.95	26.14	27.39	3.42	46.0	54.0	0.000080
27.39	28.70	30.07	3.56	49.4	50.6	0.000063
30.07	31.50	33.01	3.64	52.9	47.1	0.000049
33.01	34.58	36.24	3.67	56.6	43.4	0.000037
36.24	37.97	39.78	3.65	60.3	39.7	0.000028
39.78	41.68	43.67	3.58	63.9	36.1	0.000021
43.67	45.75	47.94	3.45	67.5	32.5	0.000015
47.94	50.22	52.62	3.27	70.9	29.1	0.000011
52.62	55.13	57.77	3.02	74.2	25.8	0.000008
57.77	60.52	63.41	2.73	77.2	22.8	0.000005
63.41	66.44	69.61	2.40	80.0	20.0	0.000003
69.61	72.94	76.42	2.05	82.4	17.6	0.000002
76.42	80.07	83.89	1.73	84.4	15.6	0.000001
83.89	87.90	92.09	1.46	86.1	13.9	0.000001
92.09	96.49	101.1	1.23	87.6	12.4	0.000001
101.1	105.9	111.0	1.07	88.8	11.2	3.76E-7
111.0	116.3	121.8	0.96	89.9	10.1	2.56E-7
121.8	127.6	133.7	0.90	90.9	9.13	1.81E-7
133.7	140.1	146.8	0.87	91.8	8.23	1.31E-7
146.8	153.8	161.2	0.84	92.6	7.37	9.64E-8
161.2	168.9	176.9	0.81	93.5	6.52	6.99E-8
176.9	185.4	194.2	0.75	94.3	5.72	4.93E-8
194.2	203.5	213.2	0.68	95.0	4.97	3.36E-8
213.2	223.4	234.1	0.59	95.7	4.29	2.22E-8
234.1	245.2	256.9	0.51	96.3	3.69	1.45E-8
256.9	269.2	282.1	0.44	96.8	3.18	9.37E-9
282.1	295.5	309.6	0.38	97.3	2.74	6.15E-9
309.6	324.4	339.9	0.34	97.6	2.36	4.15E-9
339.9	356.1	373.1	0.32	98.0	2.02	2.97E-9
373.1	390.9	409.6	0.33	98.3	1.70	2.27E-9
409.6	429.2	449.7	0.34	98.6	1.38	1.79E-9
449.7	471.1	493.6	0.35	99.0	1.04	1.39E-9
493.6	517.2	541.9	0.32	99.3	0.69	9.74E-10
541.9	567.7	594.9	0.23	99.6	0.37	5.2E-10
594.9	623.3	653.0	0.11	99.9	0.14	1.89E-10
653.0	684.2	716.8	0.025	99.97	0.027	3.22E-11
716.8	751.1	786.9	0.0024	99.998	0.0024	2.33E-12
786.9	824.5	863.9	0	100	0	0
863.9	905.1	948.3	0	100	0	0
948.3	993.6	1041	0	100	0	0
1041	1091	1143	0	100	0	0
1143	1197	1255	0	100	0	0
1255	1314	1377	0	100	0	0
1377	1443	1512	0	100	0	0
1512	1584	1660	0	100	0	0
1660	1739	1822	0	100	0	0
1822	1909	2000	0	100	0	0
2000				100	0	

