LS	2022-02-24  11:59
File name:	IODP_1176_STV0017_20.$ls
File ID:	IODP_1176
Sample ID:	STV0017
Operator:	RG
Bar code:	
Comment 1:	
Comment 2:	
Instrument:	LS 230, VSM Plus
Run number:	20
Start time:	2022-02-24  11:58
Run length:	62
Optical model:	Fraunhofer.rfd   PIDS included
Obscuration:	12
PIDS Obscur:	35
Obscuration:	OK
Serial Number:	7205

From	0.0400
To	2000
Volume 	100
Mean:	42.51
Median:	24.77
D(0,0):	0.106
Mean/Median ratio:	1.716
Mode:	26.14
S.D.:	52.17
Variance:	2722
C.V.:	122.7
Skewness:	2.309
Kurtosis:	5.183
d10:	3.723
d50:	24.77
d90:	95.02
Specific Surf. Area:	9844

% <	Size 
10	3.72
25	10.7
50	24.8
75	50.9
90	95.0

% >	Size 
10	95.0
25	50.9
50	24.8
75	10.7
90	3.72

Size 	% <
1	2.83
10	23.6
100	90.8
1000	100

Size 	% >
1	97.2
10	76.4
100	9.18
1000	0

Particle	IODP_1176	Volume	Volume
Diameter	_STV0017	% >	%
um	_20.$ls		
	Volume		
	% <		
0.4	1.01	99.0	0.28
0.488	1.29	98.7	0.62
0.69	1.91	98.1	0.86
0.98	2.78	97.2	1.16
1.38	3.93	96.1	1.59
1.95	5.53	94.5	2.12
2.76	7.65	92.3	2.79
3.91	10.4	89.6	3.66
5.52	14.1	85.9	4.94
7.81	19.0	81.0	6.63
11.05	25.7	74.3	8.81
15.63	34.5	65.5	11.3
22.1	45.8	54.2	13.0
31.3	58.8	41.2	11.9
44.2	70.6	29.4	10.1
62.5	80.8	19.2	7.91
88.4	88.7	11.3	3.82
125	92.5	7.48	1.69
177	94.2	5.79	5.21
250	99.4	0.58	0.58
354	100	0	0
500	100	0	0
707	100	0	0
1000	100	0	0
1414	100	0	0
2000	100	0	0
2828	100	0	0
4000	100	0	

Channel	Channel	Channel	Diff.	Cum. <	Cum. >	Diff.
Diameter	Diameter	Diameter	Volume	Volume	Volume	Number
(Lower)	(Center)	(Upper)	%	%	%	%
um	um	um				
0.040	0.042	0.044	0.00042	0	100	1.78
0.044	0.046	0.048	0.00057	0.00042	100	1.82
0.048	0.050	0.053	0.00093	0.00099	99.999	2.25
0.053	0.055	0.058	0.0019	0.0019	99.998	3.46
0.058	0.061	0.064	0.0039	0.0038	99.996	5.44
0.064	0.067	0.070	0.0072	0.0077	99.99	7.56
0.070	0.073	0.077	0.011	0.015	99.99	8.65
0.077	0.080	0.084	0.015	0.026	99.97	8.69
0.084	0.088	0.093	0.018	0.040	99.96	8.20
0.093	0.097	0.102	0.022	0.059	99.9	7.57
0.102	0.106	0.112	0.026	0.081	99.9	6.82
0.112	0.117	0.122	0.031	0.11	99.9	5.97
0.122	0.128	0.134	0.035	0.14	99.9	5.14
0.134	0.141	0.148	0.039	0.17	99.8	4.38
0.148	0.155	0.162	0.044	0.21	99.8	3.70
0.162	0.170	0.178	0.049	0.26	99.7	3.11
0.178	0.186	0.195	0.054	0.30	99.7	2.60
0.195	0.205	0.214	0.060	0.36	99.6	2.18
0.214	0.225	0.235	0.066	0.42	99.6	1.83
0.235	0.247	0.258	0.073	0.48	99.5	1.53
0.258	0.271	0.284	0.081	0.56	99.4	1.28
0.284	0.297	0.311	0.089	0.64	99.4	1.06
0.311	0.326	0.342	0.098	0.73	99.3	0.88
0.342	0.358	0.375	0.11	0.83	99.2	0.73
0.375	0.393	0.412	0.12	0.93	99.1	0.60
0.412	0.431	0.452	0.13	1.05	98.9	0.49
0.452	0.474	0.496	0.14	1.18	98.8	0.41
0.496	0.520	0.545	0.15	1.32	98.7	0.33
0.545	0.571	0.598	0.16	1.47	98.5	0.28
0.598	0.627	0.656	0.18	1.63	98.4	0.23
0.656	0.688	0.721	0.19	1.81	98.2	0.19
0.721	0.755	0.791	0.21	2.01	98.0	0.15
0.791	0.829	0.868	0.23	2.22	97.8	0.13
0.868	0.910	0.953	0.25	2.45	97.6	0.10
0.953	0.999	1.047	0.27	2.70	97.3	0.085
1.047	1.097	1.149	0.30	2.97	97.0	0.070
1.149	1.204	1.261	0.32	3.27	96.7	0.058
1.261	1.321	1.385	0.35	3.59	96.4	0.048
1.385	1.451	1.520	0.38	3.95	96.1	0.039
1.520	1.592	1.668	0.42	4.33	95.7	0.032
1.668	1.748	1.832	0.45	4.75	95.2	0.026
1.832	1.919	2.011	0.49	5.20	94.8	0.022
2.011	2.107	2.207	0.53	5.69	94.3	0.018
2.207	2.313	2.423	0.57	6.22	93.8	0.014
2.423	2.539	2.660	0.61	6.79	93.2	0.012
2.660	2.787	2.920	0.66	7.40	92.6	0.0094
2.920	3.059	3.205	0.70	8.05	91.9	0.0077
3.205	3.358	3.519	0.76	8.76	91.2	0.0062
3.519	3.687	3.863	0.81	9.52	90.5	0.0051
3.863	4.047	4.240	0.88	10.3	89.7	0.0041
4.240	4.443	4.655	0.95	11.2	88.8	0.0034
4.655	4.877	5.110	1.03	12.2	87.8	0.0028
5.110	5.354	5.610	1.11	13.2	86.8	0.0023
5.610	5.878	6.158	1.20	14.3	85.7	0.0018
6.158	6.452	6.760	1.31	15.5	84.5	0.0015
6.760	7.083	7.421	1.41	16.8	83.2	0.0012
7.421	7.775	8.147	1.53	18.2	81.8	0.0010
8.147	8.536	8.943	1.65	19.7	80.3	0.00083
8.943	9.370	9.817	1.79	21.4	78.6	0.00068
9.817	10.29	10.78	1.93	23.2	76.8	0.00055
10.78	11.29	11.83	2.09	25.1	74.9	0.00045
11.83	12.40	12.99	2.26	27.2	72.8	0.00037
12.99	13.61	14.26	2.43	29.5	70.5	0.00030
14.26	14.94	15.65	2.61	31.9	68.1	0.00024
15.65	16.40	17.18	2.79	34.5	65.5	0.00020
17.18	18.00	18.86	2.98	37.3	62.7	0.00016
18.86	19.76	20.70	3.17	40.3	59.7	0.00013
20.70	21.69	22.73	3.34	43.5	56.5	0.00010
22.73	23.81	24.95	3.47	46.8	53.2	0.000080
24.95	26.14	27.39	3.53	50.3	49.7	0.000062
27.39	28.70	30.07	3.51	53.8	46.2	0.000046
30.07	31.50	33.01	3.43	57.3	42.7	0.000034
33.01	34.58	36.24	3.30	60.8	39.2	0.000025
36.24	37.97	39.78	3.17	64.1	35.9	0.000018
39.78	41.68	43.67	3.05	67.2	32.8	0.000013
43.67	45.75	47.94	2.93	70.3	29.7	0.000010
47.94	50.22	52.62	2.81	73.2	26.8	0.000007
52.62	55.13	57.77	2.67	76.0	24.0	0.000005
57.77	60.52	63.41	2.50	78.7	21.3	0.000004
63.41	66.44	69.61	2.33	81.2	18.8	0.000002
69.61	72.94	76.42	2.17	83.5	16.5	0.000002
76.42	80.07	83.89	2.01	85.7	14.3	0.000001
83.89	87.90	92.09	1.81	87.7	12.3	0.000001
92.09	96.49	101.1	1.49	89.5	10.5	0.000001
101.1	105.9	111.0	0.99	91.0	8.99	2.61E-7
111.0	116.3	121.8	0.47	92.0	8.00	9.4E-8
121.8	127.6	133.7	0.19	92.5	7.53	2.83E-8
133.7	140.1	146.8	0.16	92.7	7.34	1.81E-8
146.8	153.8	161.2	0.41	92.8	7.18	3.53E-8
161.2	168.9	176.9	0.97	93.2	6.76	6.26E-8
176.9	185.4	194.2	1.56	94.2	5.80	7.62E-8
194.2	203.5	213.2	1.72	95.8	4.24	6.34E-8
213.2	223.4	234.1	1.40	97.5	2.52	3.9E-8
234.1	245.2	256.9	0.79	98.9	1.13	1.67E-8
256.9	269.2	282.1	0.28	99.7	0.34	4.53E-9
282.1	295.5	309.6	0.050	99.9	0.053	6.01E-10
309.6	324.4	339.9	0.0031	99.997	0.0031	2.86E-11
339.9	356.1	373.1	0	100	0	0
373.1	390.9	409.6	0	100	0	0
409.6	429.2	449.7	0	100	0	0
449.7	471.1	493.6	0	100	0	0
493.6	517.2	541.9	0	100	0	0
541.9	567.7	594.9	0	100	0	0
594.9	623.3	653.0	0	100	0	0
653.0	684.2	716.8	0	100	0	0
716.8	751.1	786.9	0	100	0	0
786.9	824.5	863.9	0	100	0	0
863.9	905.1	948.3	0	100	0	0
948.3	993.6	1041	0	100	0	0
1041	1091	1143	0	100	0	0
1143	1197	1255	0	100	0	0
1255	1314	1377	0	100	0	0
1377	1443	1512	0	100	0	0
1512	1584	1660	0	100	0	0
1660	1739	1822	0	100	0	0
1822	1909	2000	0	100	0	0
2000				100	0	

