LS	2022-02-24  13:18
File name:	IODP_1176_STV0018_30.$ls
File ID:	IODP_1176
Sample ID:	STV0018
Operator:	RG
Bar code:	
Comment 1:	
Comment 2:	
Instrument:	LS 230, VSM Plus
Run number:	30
Start time:	2022-02-24  13:17
Run length:	62
Optical model:	Fraunhofer.rfd   PIDS included
Obscuration:	11
PIDS Obscur:	49
Obscuration:	OK
Serial Number:	7205

From	0.0400
To	2000
Volume 	100
Mean:	45.26
Median:	29.92
D(0,0):	0.103
Mean/Median ratio:	1.512
Mode:	41.68
S.D.:	49.62
Variance:	2462
C.V.:	109.6
Skewness:	2.231
Kurtosis:	5.629
d10:	4.520
d50:	29.92
d90:	100.6
Specific Surf. Area:	9215

% <	Size 
10	4.52
25	12.9
50	29.9
75	57.9
90	101

% >	Size 
10	101
25	57.9
50	29.9
75	12.9
90	4.52

Size 	% <
1	2.64
10	20.1
100	89.9
1000	100

Size 	% >
1	97.4
10	79.9
100	10.1
1000	0

Particle	IODP_1176	Volume	Volume
Diameter	_STV0018	% >	%
um	_30.$ls		
	Volume		
	% <		
0.4	1.06	98.9	0.26
0.488	1.32	98.7	0.55
0.69	1.87	98.1	0.72
0.98	2.59	97.4	0.93
1.38	3.52	96.5	1.25
1.95	4.77	95.2	1.70
2.76	6.47	93.5	2.33
3.91	8.80	91.2	3.14
5.52	11.9	88.1	4.26
7.81	16.2	83.8	5.66
11.05	21.9	78.1	7.52
15.63	29.4	70.6	9.92
22.1	39.3	60.7	12.4
31.3	51.7	48.3	13.3
44.2	64.9	35.1	12.7
62.5	77.6	22.4	9.68
88.4	87.3	12.7	5.77
125	93.1	6.92	2.83
177	95.9	4.10	3.34
250	99.2	0.76	0.76
354	99.999	0.00092	0.00092
500	100	0	0
707	100	0	0
1000	100	0	0
1414	100	0	0
2000	100	0	0
2828	100	0	0
4000	100	0	

Channel	Channel	Channel	Diff.	Cum. <	Cum. >	Diff.
Diameter	Diameter	Diameter	Volume	Volume	Volume	Number
(Lower)	(Center)	(Upper)	%	%	%	%
um	um	um				
0.040	0.042	0.044	0.00051	0	100	1.95
0.044	0.046	0.048	0.00067	0.00051	99.999	1.91
0.048	0.050	0.053	0.0011	0.0012	99.999	2.27
0.053	0.055	0.058	0.0021	0.0022	99.998	3.43
0.058	0.061	0.064	0.0044	0.0043	99.996	5.42
0.064	0.067	0.070	0.0082	0.0087	99.99	7.67
0.070	0.073	0.077	0.013	0.017	99.98	8.95
0.077	0.080	0.084	0.017	0.030	99.97	9.03
0.084	0.088	0.093	0.021	0.047	99.95	8.49
0.093	0.097	0.102	0.026	0.068	99.9	7.78
0.102	0.106	0.112	0.030	0.093	99.9	6.96
0.112	0.117	0.122	0.035	0.12	99.9	6.05
0.122	0.128	0.134	0.039	0.16	99.8	5.17
0.134	0.141	0.148	0.044	0.20	99.8	4.37
0.148	0.155	0.162	0.049	0.24	99.8	3.65
0.162	0.170	0.178	0.053	0.29	99.7	3.02
0.178	0.186	0.195	0.058	0.34	99.7	2.50
0.195	0.205	0.214	0.064	0.40	99.6	2.06
0.214	0.225	0.235	0.069	0.47	99.5	1.70
0.235	0.247	0.258	0.076	0.53	99.5	1.41
0.258	0.271	0.284	0.083	0.61	99.4	1.16
0.284	0.297	0.311	0.090	0.69	99.3	0.95
0.311	0.326	0.342	0.097	0.78	99.2	0.77
0.342	0.358	0.375	0.10	0.88	99.1	0.63
0.375	0.393	0.412	0.11	0.98	99.0	0.51
0.412	0.431	0.452	0.12	1.09	98.9	0.41
0.452	0.474	0.496	0.13	1.21	98.8	0.33
0.496	0.520	0.545	0.14	1.34	98.7	0.27
0.545	0.571	0.598	0.15	1.48	98.5	0.22
0.598	0.627	0.656	0.16	1.63	98.4	0.18
0.656	0.688	0.721	0.17	1.78	98.2	0.14
0.721	0.755	0.791	0.18	1.95	98.0	0.12
0.791	0.829	0.868	0.19	2.13	97.9	0.094
0.868	0.910	0.953	0.21	2.32	97.7	0.076
0.953	0.999	1.047	0.22	2.53	97.5	0.062
1.047	1.097	1.149	0.24	2.75	97.2	0.051
1.149	1.204	1.261	0.26	2.99	97.0	0.041
1.261	1.321	1.385	0.28	3.25	96.7	0.034
1.385	1.451	1.520	0.30	3.53	96.5	0.028
1.520	1.592	1.668	0.33	3.83	96.2	0.023
1.668	1.748	1.832	0.35	4.16	95.8	0.018
1.832	1.919	2.011	0.38	4.52	95.5	0.015
2.011	2.107	2.207	0.42	4.90	95.1	0.012
2.207	2.313	2.423	0.45	5.32	94.7	0.010
2.423	2.539	2.660	0.49	5.77	94.2	0.0084
2.660	2.787	2.920	0.54	6.26	93.7	0.0069
2.920	3.059	3.205	0.58	6.80	93.2	0.0056
3.205	3.358	3.519	0.63	7.38	92.6	0.0046
3.519	3.687	3.863	0.69	8.01	92.0	0.0038
3.863	4.047	4.240	0.75	8.70	91.3	0.0031
4.240	4.443	4.655	0.81	9.45	90.5	0.0026
4.655	4.877	5.110	0.89	10.3	89.7	0.0021
5.110	5.354	5.610	0.96	11.2	88.8	0.0017
5.610	5.878	6.158	1.04	12.1	87.9	0.0014
6.158	6.452	6.760	1.13	13.2	86.8	0.0012
6.760	7.083	7.421	1.22	14.3	85.7	0.00095
7.421	7.775	8.147	1.31	15.5	84.5	0.00078
8.147	8.536	8.943	1.42	16.8	83.2	0.00063
8.943	9.370	9.817	1.53	18.2	81.8	0.00052
9.817	10.29	10.78	1.65	19.8	80.2	0.00042
10.78	11.29	11.83	1.78	21.4	78.6	0.00034
11.83	12.40	12.99	1.92	23.2	76.8	0.00028
12.99	13.61	14.26	2.07	25.1	74.9	0.00023
14.26	14.94	15.65	2.24	27.2	72.8	0.00019
15.65	16.40	17.18	2.42	29.4	70.6	0.00015
17.18	18.00	18.86	2.61	31.8	68.2	0.00012
18.86	19.76	20.70	2.80	34.4	65.6	0.00010
20.70	21.69	22.73	2.99	37.2	62.8	0.000081
22.73	23.81	24.95	3.17	40.2	59.8	0.000065
24.95	26.14	27.39	3.33	43.4	56.6	0.000052
27.39	28.70	30.07	3.45	46.7	53.3	0.000041
30.07	31.50	33.01	3.53	50.2	49.8	0.000031
33.01	34.58	36.24	3.57	53.7	46.3	0.000024
36.24	37.97	39.78	3.59	57.3	42.7	0.000018
39.78	41.68	43.67	3.60	60.9	39.1	0.000014
43.67	45.75	47.94	3.58	64.5	35.5	0.000010
47.94	50.22	52.62	3.51	68.1	31.9	0.000008
52.62	55.13	57.77	3.39	71.6	28.4	0.000006
57.77	60.52	63.41	3.19	75.0	25.0	0.000004
63.41	66.44	69.61	2.95	78.1	21.9	0.000003
69.61	72.94	76.42	2.67	81.1	18.9	0.000002
76.42	80.07	83.89	2.39	83.8	16.2	0.000001
83.89	87.90	92.09	2.11	86.1	13.9	0.000001
92.09	96.49	101.1	1.84	88.3	11.7	0.000001
101.1	105.9	111.0	1.53	90.1	9.90	3.58E-7
111.0	116.3	121.8	1.21	91.6	8.37	2.13E-7
121.8	127.6	133.7	0.91	92.8	7.17	1.22E-7
133.7	140.1	146.8	0.72	93.7	6.26	7.29E-8
146.8	153.8	161.2	0.67	94.5	5.53	5.14E-8
161.2	168.9	176.9	0.76	95.1	4.86	4.38E-8
176.9	185.4	194.2	0.91	95.9	4.10	3.97E-8
194.2	203.5	213.2	1.01	96.8	3.19	3.32E-8
213.2	223.4	234.1	0.94	97.8	2.19	2.34E-8
234.1	245.2	256.9	0.70	98.8	1.25	1.32E-8
256.9	269.2	282.1	0.38	99.5	0.54	5.45E-9
282.1	295.5	309.6	0.14	99.8	0.16	1.47E-9
309.6	324.4	339.9	0.024	99.97	0.026	1.96E-10
339.9	356.1	373.1	0.0016	99.998	0.0016	9.89E-12
373.1	390.9	409.6	0	100	0	0
409.6	429.2	449.7	0	100	0	0
449.7	471.1	493.6	0	100	0	0
493.6	517.2	541.9	0	100	0	0
541.9	567.7	594.9	0	100	0	0
594.9	623.3	653.0	0	100	0	0
653.0	684.2	716.8	0	100	0	0
716.8	751.1	786.9	0	100	0	0
786.9	824.5	863.9	0	100	0	0
863.9	905.1	948.3	0	100	0	0
948.3	993.6	1041	0	100	0	0
1041	1091	1143	0	100	0	0
1143	1197	1255	0	100	0	0
1255	1314	1377	0	100	0	0
1377	1443	1512	0	100	0	0
1512	1584	1660	0	100	0	0
1660	1739	1822	0	100	0	0
1822	1909	2000	0	100	0	0
2000				100	0	

