LS	2022-02-24  14:41
File name:	IODP_1176_STV0020_48.$ls
File ID:	IODP_1176
Sample ID:	STV0020
Operator:	RG
Bar code:	
Comment 1:	
Comment 2:	
Instrument:	LS 230, VSM Plus
Run number:	48
Start time:	2022-02-24  14:40
Run length:	62
Optical model:	Fraunhofer.rfd   PIDS included
Obscuration:	11
PIDS Obscur:	40
Obscuration:	OK
Serial Number:	7205

From	0.0400
To	2000
Volume 	100
Mean:	76.78
Median:	47.67
D(0,0):	0.104
Mean/Median ratio:	1.611
Mode:	66.44
S.D.:	89.01
Variance:	7922
C.V.:	115.9
Skewness:	2.733
Kurtosis:	10.36
d10:	7.453
d50:	47.67
d90:	179.2
Specific Surf. Area:	5871

% <	Size 
10	7.45
25	19.6
50	47.7
75	103
90	179

% >	Size 
10	179
25	103
50	47.7
75	19.6
90	7.45

Size 	% <
1	1.54
10	13.3
100	74.2
1000	100

Size 	% >
1	98.5
10	86.7
100	25.8
1000	0

Particle	IODP_1176	Volume	Volume
Diameter	_STV0020	% >	%
um	_48.$ls		
	Volume		
	% <		
0.4	0.59	99.4	0.15
0.488	0.74	99.3	0.33
0.69	1.07	98.9	0.44
0.98	1.51	98.5	0.57
1.38	2.07	97.9	0.77
1.95	2.84	97.2	1.06
2.76	3.90	96.1	1.49
3.91	5.39	94.6	2.09
5.52	7.48	92.5	2.98
7.81	10.5	89.5	4.15
11.05	14.6	85.4	5.69
15.63	20.3	79.7	7.57
22.1	27.9	72.1	9.44
31.3	37.3	62.7	10.3
44.2	47.6	52.4	11.2
62.5	58.8	41.2	11.4
88.4	70.2	29.8	10.6
125	80.9	19.1	8.88
177	89.7	10.3	6.21
250	96.0	4.05	2.01
354	98.0	2.04	1.10
500	99.1	0.93	0.92
707	99.98	0.015	0.015
1000	100	0	0
1414	100	0	0
2000	100	0	0
2828	100	0	0
4000	100	0	

Channel	Channel	Channel	Diff.	Cum. <	Cum. >	Diff.
Diameter	Diameter	Diameter	Volume	Volume	Volume	Number
(Lower)	(Center)	(Upper)	%	%	%	%
um	um	um				
0.040	0.042	0.044	0.00027	0	100	1.87
0.044	0.046	0.048	0.00035	0.00027	100	1.87
0.048	0.050	0.053	0.00057	0.00062	99.999	2.28
0.053	0.055	0.058	0.0012	0.0012	99.999	3.48
0.058	0.061	0.064	0.0024	0.0024	99.998	5.50
0.064	0.067	0.070	0.0045	0.0048	99.995	7.68
0.070	0.073	0.077	0.0068	0.0092	99.99	8.83
0.077	0.080	0.084	0.0090	0.016	99.98	8.87
0.084	0.088	0.093	0.011	0.025	99.97	8.34
0.093	0.097	0.102	0.014	0.036	99.96	7.67
0.102	0.106	0.112	0.016	0.050	99.95	6.88
0.112	0.117	0.122	0.019	0.066	99.9	6.00
0.122	0.128	0.134	0.021	0.085	99.9	5.15
0.134	0.141	0.148	0.024	0.11	99.9	4.36
0.148	0.155	0.162	0.026	0.13	99.9	3.66
0.162	0.170	0.178	0.029	0.16	99.8	3.05
0.178	0.186	0.195	0.032	0.19	99.8	2.54
0.195	0.205	0.214	0.035	0.22	99.8	2.11
0.214	0.225	0.235	0.039	0.25	99.7	1.76
0.235	0.247	0.258	0.043	0.29	99.7	1.46
0.258	0.271	0.284	0.047	0.33	99.7	1.21
0.284	0.297	0.311	0.051	0.38	99.6	1.00
0.311	0.326	0.342	0.055	0.43	99.6	0.82
0.342	0.358	0.375	0.060	0.49	99.5	0.67
0.375	0.393	0.412	0.065	0.55	99.5	0.55
0.412	0.431	0.452	0.070	0.61	99.4	0.45
0.452	0.474	0.496	0.075	0.68	99.3	0.36
0.496	0.520	0.545	0.081	0.76	99.2	0.30
0.545	0.571	0.598	0.087	0.84	99.2	0.24
0.598	0.627	0.656	0.094	0.92	99.1	0.20
0.656	0.688	0.721	0.10	1.02	99.0	0.16
0.721	0.755	0.791	0.11	1.12	98.9	0.13
0.791	0.829	0.868	0.12	1.23	98.8	0.11
0.868	0.910	0.953	0.13	1.34	98.7	0.086
0.953	0.999	1.047	0.14	1.47	98.5	0.070
1.047	1.097	1.149	0.15	1.61	98.4	0.057
1.149	1.204	1.261	0.16	1.75	98.2	0.046
1.261	1.321	1.385	0.17	1.91	98.1	0.038
1.385	1.451	1.520	0.19	2.08	97.9	0.031
1.520	1.592	1.668	0.20	2.27	97.7	0.026
1.668	1.748	1.832	0.22	2.47	97.5	0.021
1.832	1.919	2.011	0.24	2.69	97.3	0.017
2.011	2.107	2.207	0.26	2.92	97.1	0.014
2.207	2.313	2.423	0.28	3.18	96.8	0.012
2.423	2.539	2.660	0.31	3.46	96.5	0.0096
2.660	2.787	2.920	0.34	3.77	96.2	0.0080
2.920	3.059	3.205	0.37	4.11	95.9	0.0066
3.205	3.358	3.519	0.40	4.48	95.5	0.0055
3.519	3.687	3.863	0.44	4.88	95.1	0.0046
3.863	4.047	4.240	0.49	5.32	94.7	0.0038
4.240	4.443	4.655	0.54	5.81	94.2	0.0031
4.655	4.877	5.110	0.59	6.35	93.6	0.0026
5.110	5.354	5.610	0.65	6.94	93.1	0.0022
5.610	5.878	6.158	0.72	7.60	92.4	0.0018
6.158	6.452	6.760	0.79	8.31	91.7	0.0015
6.760	7.083	7.421	0.86	9.10	90.9	0.0012
7.421	7.775	8.147	0.94	9.96	90.0	0.0010
8.147	8.536	8.943	1.03	10.9	89.1	0.00085
8.943	9.370	9.817	1.12	11.9	88.1	0.00070
9.817	10.29	10.78	1.22	13.0	87.0	0.00058
10.78	11.29	11.83	1.33	14.3	85.7	0.00047
11.83	12.40	12.99	1.45	15.6	84.4	0.00039
12.99	13.61	14.26	1.57	17.0	83.0	0.00032
14.26	14.94	15.65	1.71	18.6	81.4	0.00026
15.65	16.40	17.18	1.85	20.3	79.7	0.00021
17.18	18.00	18.86	1.99	22.2	77.8	0.00017
18.86	19.76	20.70	2.14	24.2	75.8	0.00014
20.70	21.69	22.73	2.28	26.3	73.7	0.00011
22.73	23.81	24.95	2.42	28.6	71.4	0.000092
24.95	26.14	27.39	2.54	31.0	69.0	0.000073
27.39	28.70	30.07	2.63	33.5	66.5	0.000057
30.07	31.50	33.01	2.70	36.2	63.8	0.000044
33.01	34.58	36.24	2.75	38.9	61.1	0.000034
36.24	37.97	39.78	2.79	41.6	58.4	0.000026
39.78	41.68	43.67	2.85	44.4	55.6	0.000020
43.67	45.75	47.94	2.91	47.3	52.7	0.000016
47.94	50.22	52.62	2.99	50.2	49.8	0.000012
52.62	55.13	57.77	3.05	53.2	46.8	0.000009
57.77	60.52	63.41	3.09	56.2	43.8	0.000007
63.41	66.44	69.61	3.11	59.3	40.7	0.000005
69.61	72.94	76.42	3.10	62.4	37.6	0.000004
76.42	80.07	83.89	3.07	65.5	34.5	0.000003
83.89	87.90	92.09	3.02	68.6	31.4	0.000002
92.09	96.49	101.1	2.96	71.6	28.4	0.000002
101.1	105.9	111.0	2.86	74.6	25.4	0.000001
111.0	116.3	121.8	2.74	77.4	22.6	0.000001
121.8	127.6	133.7	2.60	80.2	19.8	0.000001
133.7	140.1	146.8	2.46	82.8	17.2	4.58E-7
146.8	153.8	161.2	2.32	85.2	14.8	3.27E-7
161.2	168.9	176.9	2.19	87.5	12.5	2.33E-7
176.9	185.4	194.2	2.03	89.7	10.3	1.64E-7
194.2	203.5	213.2	1.82	91.8	8.23	1.11E-7
213.2	223.4	234.1	1.54	93.6	6.41	7.07E-8
234.1	245.2	256.9	1.18	95.1	4.87	4.1E-8
256.9	269.2	282.1	0.80	96.3	3.69	2.11E-8
282.1	295.5	309.6	0.48	97.1	2.89	9.59E-9
309.6	324.4	339.9	0.28	97.6	2.41	4.22E-9
339.9	356.1	373.1	0.20	97.9	2.12	2.31E-9
373.1	390.9	409.6	0.22	98.1	1.92	1.92E-9
409.6	429.2	449.7	0.31	98.3	1.70	2E-9
449.7	471.1	493.6	0.40	98.6	1.39	1.96E-9
493.6	517.2	541.9	0.42	99.0	0.99	1.57E-9
541.9	567.7	594.9	0.33	99.4	0.57	9.28E-10
594.9	623.3	653.0	0.18	99.8	0.23	3.72E-10
653.0	684.2	716.8	0.051	99.9	0.059	8.23E-11
716.8	751.1	786.9	0.0071	99.99	0.0073	8.62E-12
786.9	824.5	863.9	0.00019	100	0.00019	1.73E-13
863.9	905.1	948.3	0	100	0	0
948.3	993.6	1041	0	100	0	0
1041	1091	1143	0	100	0	0
1143	1197	1255	0	100	0	0
1255	1314	1377	0	100	0	0
1377	1443	1512	0	100	0	0
1512	1584	1660	0	100	0	0
1660	1739	1822	0	100	0	0
1822	1909	2000	0	100	0	0
2000				100	0	

