LS	2022-02-24  12:22
File name:	IODP_1176_STV0017_26.$ls
File ID:	IODP_1176
Sample ID:	STV0017
Operator:	RG
Bar code:	
Comment 1:	
Comment 2:	
Instrument:	LS 230, VSM Plus
Run number:	26
Start time:	2022-02-24  12:21
Run length:	62
Optical model:	Fraunhofer.rfd   PIDS included
Obscuration:	9
PIDS Obscur:	40
Obscuration:	OK
Serial Number:	7205

From	0.0400
To	2000
Volume 	100
Mean:	54.37
Median:	28.26
D(0,0):	0.104
Mean/Median ratio:	1.924
Mode:	28.70
S.D.:	72.51
Variance:	5258
C.V.:	133.4
Skewness:	2.340
Kurtosis:	5.092
d10:	4.254
d50:	28.26
d90:	147.6
Specific Surf. Area:	9594

% <	Size 
10	4.25
25	12.4
50	28.3
75	58.8
90	148

% >	Size 
10	148
25	58.8
50	28.3
75	12.4
90	4.25

Size 	% <
1	2.85
10	20.8
100	86.2
1000	100

Size 	% >
1	97.2
10	79.2
100	13.8
1000	0

Particle	IODP_1176	Volume	Volume
Diameter	_STV0017	% >	%
um	_26.$ls		
	Volume		
	% <		
0.4	1.10	98.9	0.28
0.488	1.38	98.6	0.61
0.69	1.99	98.0	0.81
0.98	2.79	97.2	1.03
1.38	3.82	96.2	1.35
1.95	5.18	94.8	1.78
2.76	6.96	93.0	2.36
3.91	9.32	90.7	3.15
5.52	12.5	87.5	4.31
7.81	16.8	83.2	5.86
11.05	22.6	77.4	7.98
15.63	30.6	69.4	10.6
22.1	41.2	58.8	12.6
31.3	53.8	46.2	12.3
44.2	66.1	33.9	10.6
62.5	76.7	23.3	7.63
88.4	84.3	15.7	4.41
125	88.7	11.3	2.51
177	91.2	8.77	4.07
250	95.3	4.70	4.28
354	99.6	0.43	0.43
500	100	0	0
707	100	0	0
1000	100	0	0
1414	100	0	0
2000	100	0	0
2828	100	0	0
4000	100	0	

Channel	Channel	Channel	Diff.	Cum. <	Cum. >	Diff.
Diameter	Diameter	Diameter	Volume	Volume	Volume	Number
(Lower)	(Center)	(Upper)	%	%	%	%
um	um	um				
0.040	0.042	0.044	0.00051	0	100	1.89
0.044	0.046	0.048	0.00068	0.00051	99.999	1.89
0.048	0.050	0.053	0.0011	0.0012	99.999	2.29
0.053	0.055	0.058	0.0022	0.0023	99.998	3.50
0.058	0.061	0.064	0.0046	0.0045	99.996	5.52
0.064	0.067	0.070	0.0085	0.0090	99.99	7.72
0.070	0.073	0.077	0.013	0.018	99.98	8.89
0.077	0.080	0.084	0.017	0.030	99.97	8.92
0.084	0.088	0.093	0.021	0.048	99.95	8.38
0.093	0.097	0.102	0.026	0.069	99.9	7.69
0.102	0.106	0.112	0.031	0.095	99.9	6.89
0.112	0.117	0.122	0.035	0.13	99.9	6.00
0.122	0.128	0.134	0.040	0.16	99.8	5.14
0.134	0.141	0.148	0.045	0.20	99.8	4.35
0.148	0.155	0.162	0.050	0.25	99.8	3.64
0.162	0.170	0.178	0.055	0.29	99.7	3.03
0.178	0.186	0.195	0.060	0.35	99.7	2.52
0.195	0.205	0.214	0.066	0.41	99.6	2.09
0.214	0.225	0.235	0.072	0.48	99.5	1.73
0.235	0.247	0.258	0.079	0.55	99.5	1.43
0.258	0.271	0.284	0.087	0.63	99.4	1.19
0.284	0.297	0.311	0.094	0.71	99.3	0.98
0.311	0.326	0.342	0.10	0.81	99.2	0.80
0.342	0.358	0.375	0.11	0.91	99.1	0.66
0.375	0.393	0.412	0.12	1.02	99.0	0.53
0.412	0.431	0.452	0.13	1.14	98.9	0.44
0.452	0.474	0.496	0.14	1.27	98.7	0.35
0.496	0.520	0.545	0.15	1.41	98.6	0.29
0.545	0.571	0.598	0.16	1.56	98.4	0.23
0.598	0.627	0.656	0.17	1.72	98.3	0.19
0.656	0.688	0.721	0.19	1.89	98.1	0.16
0.721	0.755	0.791	0.20	2.08	97.9	0.13
0.791	0.829	0.868	0.21	2.28	97.7	0.10
0.868	0.910	0.953	0.23	2.49	97.5	0.083
0.953	0.999	1.047	0.25	2.72	97.3	0.068
1.047	1.097	1.149	0.27	2.97	97.0	0.055
1.149	1.204	1.261	0.29	3.24	96.8	0.045
1.261	1.321	1.385	0.31	3.52	96.5	0.036
1.385	1.451	1.520	0.33	3.83	96.2	0.030
1.520	1.592	1.668	0.36	4.16	95.8	0.024
1.668	1.748	1.832	0.38	4.52	95.5	0.019
1.832	1.919	2.011	0.41	4.90	95.1	0.016
2.011	2.107	2.207	0.44	5.32	94.7	0.013
2.207	2.313	2.423	0.48	5.76	94.2	0.010
2.423	2.539	2.660	0.51	6.23	93.8	0.0085
2.660	2.787	2.920	0.55	6.74	93.3	0.0069
2.920	3.059	3.205	0.59	7.29	92.7	0.0056
3.205	3.358	3.519	0.64	7.89	92.1	0.0046
3.519	3.687	3.863	0.69	8.53	91.5	0.0038
3.863	4.047	4.240	0.75	9.22	90.8	0.0031
4.240	4.443	4.655	0.81	9.97	90.0	0.0025
4.655	4.877	5.110	0.88	10.8	89.2	0.0021
5.110	5.354	5.610	0.96	11.7	88.3	0.0017
5.610	5.878	6.158	1.05	12.6	87.4	0.0014
6.158	6.452	6.760	1.14	13.7	86.3	0.0011
6.760	7.083	7.421	1.23	14.8	85.2	0.00094
7.421	7.775	8.147	1.34	16.0	84.0	0.00077
8.147	8.536	8.943	1.46	17.4	82.6	0.00064
8.943	9.370	9.817	1.58	18.8	81.2	0.00052
9.817	10.29	10.78	1.72	20.4	79.6	0.00043
10.78	11.29	11.83	1.87	22.1	77.9	0.00035
11.83	12.40	12.99	2.03	24.0	76.0	0.00029
12.99	13.61	14.26	2.21	26.0	74.0	0.00024
14.26	14.94	15.65	2.39	28.2	71.8	0.00019
15.65	16.40	17.18	2.59	30.6	69.4	0.00016
17.18	18.00	18.86	2.78	33.2	66.8	0.00013
18.86	19.76	20.70	2.97	36.0	64.0	0.00010
20.70	21.69	22.73	3.16	39.0	61.0	0.000084
22.73	23.81	24.95	3.31	42.1	57.9	0.000067
24.95	26.14	27.39	3.42	45.4	54.6	0.000052
27.39	28.70	30.07	3.47	48.9	51.1	0.000040
30.07	31.50	33.01	3.46	52.3	47.7	0.000030
33.01	34.58	36.24	3.40	55.8	44.2	0.000022
36.24	37.97	39.78	3.31	59.2	40.8	0.000016
39.78	41.68	43.67	3.20	62.5	37.5	0.000012
43.67	45.75	47.94	3.08	65.7	34.3	0.000009
47.94	50.22	52.62	2.94	68.8	31.2	0.000006
52.62	55.13	57.77	2.79	71.7	28.3	0.000005
57.77	60.52	63.41	2.59	74.5	25.5	0.000003
63.41	66.44	69.61	2.36	77.1	22.9	0.000002
69.61	72.94	76.42	2.11	79.5	20.5	0.000001
76.42	80.07	83.89	1.85	81.6	18.4	0.000001
83.89	87.90	92.09	1.61	83.4	16.6	0.000001
92.09	96.49	101.1	1.37	85.0	15.0	4.15E-7
101.1	105.9	111.0	1.15	86.4	13.6	2.64E-7
111.0	116.3	121.8	0.95	87.6	12.4	1.65E-7
121.8	127.6	133.7	0.78	88.5	11.5	1.02E-7
133.7	140.1	146.8	0.67	89.3	10.7	6.57E-8
146.8	153.8	161.2	0.61	90.0	10.0	4.58E-8
161.2	168.9	176.9	0.65	90.6	9.42	3.65E-8
176.9	185.4	194.2	0.78	91.2	8.77	3.32E-8
194.2	203.5	213.2	1.00	92.0	8.00	3.23E-8
213.2	223.4	234.1	1.27	93.0	6.99	3.09E-8
234.1	245.2	256.9	1.47	94.3	5.73	2.7E-8
256.9	269.2	282.1	1.49	95.7	4.26	2.07E-8
282.1	295.5	309.6	1.28	97.2	2.77	1.34E-8
309.6	324.4	339.9	0.88	98.5	1.50	7E-9
339.9	356.1	373.1	0.45	99.4	0.61	2.68E-9
373.1	390.9	409.6	0.14	99.8	0.17	6.58E-10
409.6	429.2	449.7	0.024	99.98	0.025	8.12E-11
449.7	471.1	493.6	0.0013	99.999	0.0013	3.46E-12
493.6	517.2	541.9	0	100	0	0
541.9	567.7	594.9	0	100	0	0
594.9	623.3	653.0	0	100	0	0
653.0	684.2	716.8	0	100	0	0
716.8	751.1	786.9	0	100	0	0
786.9	824.5	863.9	0	100	0	0
863.9	905.1	948.3	0	100	0	0
948.3	993.6	1041	0	100	0	0
1041	1091	1143	0	100	0	0
1143	1197	1255	0	100	0	0
1255	1314	1377	0	100	0	0
1377	1443	1512	0	100	0	0
1512	1584	1660	0	100	0	0
1660	1739	1822	0	100	0	0
1822	1909	2000	0	100	0	0
2000				100	0	

