LS	2022-02-24  12:23
File name:	IODP_1176_STV0017_27.$ls
File ID:	IODP_1176
Sample ID:	STV0017
Operator:	RG
Bar code:	
Comment 1:	
Comment 2:	
Instrument:	LS 230, VSM Plus
Run number:	27
Start time:	2022-02-24  12:22
Run length:	63
Optical model:	Fraunhofer.rfd   PIDS included
Obscuration:	10
PIDS Obscur:	41
Obscuration:	OK
Serial Number:	7205

From	0.0400
To	2000
Volume 	100
Mean:	49.06
Median:	26.95
D(0,0):	0.105
Mean/Median ratio:	1.821
Mode:	28.70
S.D.:	62.78
Variance:	3941
C.V.:	128.0
Skewness:	2.295
Kurtosis:	4.927
d10:	4.065
d50:	26.95
d90:	122.2
Specific Surf. Area:	9761

% <	Size 
10	4.06
25	11.8
50	26.9
75	55.4
90	122

% >	Size 
10	122
25	55.4
50	26.9
75	11.8
90	4.06

Size 	% <
1	2.89
10	21.7
100	87.9
1000	100

Size 	% >
1	97.1
10	78.3
100	12.1
1000	0

Particle	IODP_1176	Volume	Volume
Diameter	_STV0017	% >	%
um	_27.$ls		
	Volume		
	% <		
0.4	1.10	98.9	0.28
0.488	1.38	98.6	0.62
0.69	2.00	98.0	0.83
0.98	2.83	97.2	1.07
1.38	3.91	96.1	1.42
1.95	5.33	94.7	1.87
2.76	7.20	92.8	2.48
3.91	9.68	90.3	3.30
5.52	13.0	87.0	4.51
7.81	17.5	82.5	6.12
11.05	23.6	76.4	8.29
15.63	31.9	68.1	10.9
22.1	42.8	57.2	12.9
31.3	55.6	44.4	12.3
44.2	67.9	32.1	10.5
62.5	78.4	21.6	7.57
88.4	86.0	14.0	4.20
125	90.1	9.85	2.24
177	92.4	7.61	5.04
250	97.4	2.57	2.54
354	99.97	0.031	0.031
500	100	0	0
707	100	0	0
1000	100	0	0
1414	100	0	0
2000	100	0	0
2828	100	0	0
4000	100	0	

Channel	Channel	Channel	Diff.	Cum. <	Cum. >	Diff.
Diameter	Diameter	Diameter	Volume	Volume	Volume	Number
(Lower)	(Center)	(Upper)	%	%	%	%
um	um	um				
0.040	0.042	0.044	0.00049	0	100	1.87
0.044	0.046	0.048	0.00065	0.00049	100	1.86
0.048	0.050	0.053	0.0010	0.0011	99.999	2.26
0.053	0.055	0.058	0.0021	0.0022	99.998	3.45
0.058	0.061	0.064	0.0044	0.0043	99.996	5.45
0.064	0.067	0.070	0.0082	0.0087	99.99	7.63
0.070	0.073	0.077	0.012	0.017	99.98	8.80
0.077	0.080	0.084	0.017	0.029	99.97	8.85
0.084	0.088	0.093	0.021	0.046	99.95	8.34
0.093	0.097	0.102	0.025	0.067	99.9	7.67
0.102	0.106	0.112	0.030	0.092	99.9	6.88
0.112	0.117	0.122	0.034	0.12	99.9	6.01
0.122	0.128	0.134	0.039	0.16	99.8	5.16
0.134	0.141	0.148	0.044	0.19	99.8	4.37
0.148	0.155	0.162	0.049	0.24	99.8	3.67
0.162	0.170	0.178	0.054	0.29	99.7	3.06
0.178	0.186	0.195	0.059	0.34	99.7	2.55
0.195	0.205	0.214	0.065	0.40	99.6	2.12
0.214	0.225	0.235	0.072	0.47	99.5	1.77
0.235	0.247	0.258	0.079	0.54	99.5	1.47
0.258	0.271	0.284	0.087	0.62	99.4	1.22
0.284	0.297	0.311	0.095	0.70	99.3	1.01
0.311	0.326	0.342	0.10	0.80	99.2	0.83
0.342	0.358	0.375	0.11	0.90	99.1	0.68
0.375	0.393	0.412	0.12	1.01	99.0	0.56
0.412	0.431	0.452	0.13	1.13	98.9	0.45
0.452	0.474	0.496	0.14	1.26	98.7	0.37
0.496	0.520	0.545	0.15	1.41	98.6	0.30
0.545	0.571	0.598	0.16	1.56	98.4	0.25
0.598	0.627	0.656	0.18	1.72	98.3	0.20
0.656	0.688	0.721	0.19	1.90	98.1	0.16
0.721	0.755	0.791	0.21	2.09	97.9	0.13
0.791	0.829	0.868	0.22	2.30	97.7	0.11
0.868	0.910	0.953	0.24	2.52	97.5	0.089
0.953	0.999	1.047	0.26	2.76	97.2	0.072
1.047	1.097	1.149	0.28	3.02	97.0	0.059
1.149	1.204	1.261	0.30	3.30	96.7	0.048
1.261	1.321	1.385	0.32	3.60	96.4	0.039
1.385	1.451	1.520	0.35	3.92	96.1	0.032
1.520	1.592	1.668	0.37	4.27	95.7	0.026
1.668	1.748	1.832	0.40	4.64	95.4	0.021
1.832	1.919	2.011	0.43	5.04	95.0	0.017
2.011	2.107	2.207	0.46	5.47	94.5	0.014
2.207	2.313	2.423	0.50	5.94	94.1	0.011
2.423	2.539	2.660	0.54	6.44	93.6	0.0092
2.660	2.787	2.920	0.58	6.97	93.0	0.0075
2.920	3.059	3.205	0.62	7.55	92.4	0.0061
3.205	3.358	3.519	0.67	8.18	91.8	0.0050
3.519	3.687	3.863	0.73	8.85	91.1	0.0040
3.863	4.047	4.240	0.79	9.58	90.4	0.0033
4.240	4.443	4.655	0.85	10.4	89.6	0.0027
4.655	4.877	5.110	0.93	11.2	88.8	0.0022
5.110	5.354	5.610	1.01	12.1	87.9	0.0018
5.610	5.878	6.158	1.10	13.2	86.8	0.0015
6.158	6.452	6.760	1.19	14.3	85.7	0.0012
6.760	7.083	7.421	1.29	15.4	84.6	0.0010
7.421	7.775	8.147	1.40	16.7	83.3	0.00083
8.147	8.536	8.943	1.52	18.1	81.9	0.00068
8.943	9.370	9.817	1.65	19.7	80.3	0.00056
9.817	10.29	10.78	1.79	21.3	78.7	0.00046
10.78	11.29	11.83	1.95	23.1	76.9	0.00038
11.83	12.40	12.99	2.11	25.1	74.9	0.00031
12.99	13.61	14.26	2.29	27.2	72.8	0.00025
14.26	14.94	15.65	2.48	29.5	70.5	0.00021
15.65	16.40	17.18	2.67	31.9	68.1	0.00017
17.18	18.00	18.86	2.87	34.6	65.4	0.00014
18.86	19.76	20.70	3.06	37.5	62.5	0.00011
20.70	21.69	22.73	3.23	40.5	59.5	0.000088
22.73	23.81	24.95	3.38	43.8	56.2	0.000070
24.95	26.14	27.39	3.48	47.2	52.8	0.000054
27.39	28.70	30.07	3.52	50.6	49.4	0.000042
30.07	31.50	33.01	3.50	54.2	45.8	0.000031
33.01	34.58	36.24	3.42	57.7	42.3	0.000023
36.24	37.97	39.78	3.30	61.1	38.9	0.000017
39.78	41.68	43.67	3.18	64.4	35.6	0.000012
43.67	45.75	47.94	3.05	67.6	32.4	0.000009
47.94	50.22	52.62	2.91	70.6	29.4	0.000006
52.62	55.13	57.77	2.74	73.5	26.5	0.000005
57.77	60.52	63.41	2.55	76.2	23.8	0.000003
63.41	66.44	69.61	2.33	78.8	21.2	0.000002
69.61	72.94	76.42	2.09	81.1	18.9	0.000002
76.42	80.07	83.89	1.85	83.2	16.8	0.000001
83.89	87.90	92.09	1.61	85.1	14.9	0.000001
92.09	96.49	101.1	1.36	86.7	13.3	4.22E-7
101.1	105.9	111.0	1.10	88.0	12.0	2.59E-7
111.0	116.3	121.8	0.84	89.1	10.9	1.5E-7
121.8	127.6	133.7	0.63	90.0	10.0	8.44E-8
133.7	140.1	146.8	0.52	90.6	9.39	5.22E-8
146.8	153.8	161.2	0.54	91.1	8.87	4.14E-8
161.2	168.9	176.9	0.72	91.7	8.33	4.18E-8
176.9	185.4	194.2	1.04	92.4	7.61	4.57E-8
194.2	203.5	213.2	1.39	93.4	6.57	4.58E-8
213.2	223.4	234.1	1.57	94.8	5.18	3.94E-8
234.1	245.2	256.9	1.49	96.4	3.61	2.82E-8
256.9	269.2	282.1	1.15	97.9	2.11	1.64E-8
282.1	295.5	309.6	0.66	99.0	0.96	7.11E-9
309.6	324.4	339.9	0.25	99.7	0.31	2.07E-9
339.9	356.1	373.1	0.048	99.9	0.052	2.98E-10
373.1	390.9	409.6	0.0037	99.996	0.0037	1.74E-11
409.6	429.2	449.7	0	100	0	0
449.7	471.1	493.6	0	100	0	0
493.6	517.2	541.9	0	100	0	0
541.9	567.7	594.9	0	100	0	0
594.9	623.3	653.0	0	100	0	0
653.0	684.2	716.8	0	100	0	0
716.8	751.1	786.9	0	100	0	0
786.9	824.5	863.9	0	100	0	0
863.9	905.1	948.3	0	100	0	0
948.3	993.6	1041	0	100	0	0
1041	1091	1143	0	100	0	0
1143	1197	1255	0	100	0	0
1255	1314	1377	0	100	0	0
1377	1443	1512	0	100	0	0
1512	1584	1660	0	100	0	0
1660	1739	1822	0	100	0	0
1822	1909	2000	0	100	0	0
2000				100	0	

