LS	2022-02-24  12:00
File name:	IODP_1176_STV0017_21.$ls
File ID:	IODP_1176
Sample ID:	STV0017
Operator:	RG
Bar code:	
Comment 1:	
Comment 2:	
Instrument:	LS 230, VSM Plus
Run number:	21
Start time:	2022-02-24  11:59
Run length:	62
Optical model:	Fraunhofer.rfd   PIDS included
Obscuration:	12
PIDS Obscur:	35
Obscuration:	OK
Serial Number:	7205

From	0.0400
To	2000
Volume 	100
Mean:	39.39
Median:	24.16
D(0,0):	0.107
Mean/Median ratio:	1.630
Mode:	26.14
S.D.:	45.61
Variance:	2081
C.V.:	115.8
Skewness:	2.230
Kurtosis:	5.182
d10:	3.632
d50:	24.16
d90:	90.22
Specific Surf. Area:	9976

% <	Size 
10	3.63
25	10.4
50	24.2
75	49.5
90	90.2

% >	Size 
10	90.2
25	49.5
50	24.2
75	10.4
90	3.63

Size 	% <
1	2.88
10	24.1
100	91.7
1000	100

Size 	% >
1	97.1
10	75.9
100	8.35
1000	0

Particle	IODP_1176	Volume	Volume
Diameter	_STV0017	% >	%
um	_21.$ls		
	Volume		
	% <		
0.4	1.02	99.0	0.28
0.488	1.30	98.7	0.63
0.69	1.94	98.1	0.88
0.98	2.82	97.2	1.18
1.38	4.00	96.0	1.63
1.95	5.63	94.4	2.18
2.76	7.81	92.2	2.87
3.91	10.7	89.3	3.76
5.52	14.4	85.6	5.08
7.81	19.5	80.5	6.79
11.05	26.3	73.7	8.98
15.63	35.3	64.7	11.4
22.1	46.7	53.3	13.0
31.3	59.7	40.3	11.8
44.2	71.5	28.5	10.1
62.5	81.7	18.3	7.93
88.4	89.6	10.4	4.01
125	93.6	6.39	2.89
177	96.5	3.49	3.36
250	99.9	0.13	0.13
354	100	0	0
500	100	0	0
707	100	0	0
1000	100	0	0
1414	100	0	0
2000	100	0	0
2828	100	0	0
4000	100	0	

Channel	Channel	Channel	Diff.	Cum. <	Cum. >	Diff.
Diameter	Diameter	Diameter	Volume	Volume	Volume	Number
(Lower)	(Center)	(Upper)	%	%	%	%
um	um	um				
0.040	0.042	0.044	0.00041	0	100	1.76
0.044	0.046	0.048	0.00055	0.00041	100	1.79
0.048	0.050	0.053	0.00090	0.00096	99.999	2.22
0.053	0.055	0.058	0.0018	0.0019	99.998	3.42
0.058	0.061	0.064	0.0038	0.0037	99.996	5.37
0.064	0.067	0.070	0.0070	0.0075	99.99	7.46
0.070	0.073	0.077	0.011	0.015	99.99	8.57
0.077	0.080	0.084	0.014	0.025	99.97	8.63
0.084	0.088	0.093	0.018	0.040	99.96	8.15
0.093	0.097	0.102	0.022	0.057	99.9	7.54
0.102	0.106	0.112	0.026	0.079	99.9	6.81
0.112	0.117	0.122	0.030	0.11	99.9	5.98
0.122	0.128	0.134	0.035	0.14	99.9	5.16
0.134	0.141	0.148	0.039	0.17	99.8	4.41
0.148	0.155	0.162	0.044	0.21	99.8	3.74
0.162	0.170	0.178	0.049	0.25	99.7	3.15
0.178	0.186	0.195	0.054	0.30	99.7	2.64
0.195	0.205	0.214	0.060	0.36	99.6	2.22
0.214	0.225	0.235	0.067	0.42	99.6	1.86
0.235	0.247	0.258	0.074	0.48	99.5	1.56
0.258	0.271	0.284	0.082	0.56	99.4	1.31
0.284	0.297	0.311	0.091	0.64	99.4	1.09
0.311	0.326	0.342	0.100	0.73	99.3	0.91
0.342	0.358	0.375	0.11	0.83	99.2	0.75
0.375	0.393	0.412	0.12	0.94	99.1	0.62
0.412	0.431	0.452	0.13	1.06	98.9	0.51
0.452	0.474	0.496	0.14	1.19	98.8	0.42
0.496	0.520	0.545	0.15	1.33	98.7	0.35
0.545	0.571	0.598	0.17	1.48	98.5	0.28
0.598	0.627	0.656	0.18	1.65	98.3	0.23
0.656	0.688	0.721	0.20	1.83	98.2	0.19
0.721	0.755	0.791	0.22	2.03	98.0	0.16
0.791	0.829	0.868	0.24	2.25	97.8	0.13
0.868	0.910	0.953	0.26	2.48	97.5	0.11
0.953	0.999	1.047	0.28	2.74	97.3	0.088
1.047	1.097	1.149	0.30	3.02	97.0	0.073
1.149	1.204	1.261	0.33	3.32	96.7	0.060
1.261	1.321	1.385	0.36	3.65	96.3	0.049
1.385	1.451	1.520	0.39	4.01	96.0	0.041
1.520	1.592	1.668	0.43	4.41	95.6	0.033
1.668	1.748	1.832	0.46	4.83	95.2	0.027
1.832	1.919	2.011	0.50	5.30	94.7	0.022
2.011	2.107	2.207	0.54	5.80	94.2	0.018
2.207	2.313	2.423	0.58	6.34	93.7	0.015
2.423	2.539	2.660	0.63	6.92	93.1	0.012
2.660	2.787	2.920	0.67	7.55	92.5	0.0098
2.920	3.059	3.205	0.72	8.22	91.8	0.0080
3.205	3.358	3.519	0.78	8.94	91.1	0.0065
3.519	3.687	3.863	0.84	9.72	90.3	0.0053
3.863	4.047	4.240	0.90	10.6	89.4	0.0043
4.240	4.443	4.655	0.98	11.5	88.5	0.0035
4.655	4.877	5.110	1.06	12.4	87.6	0.0029
5.110	5.354	5.610	1.14	13.5	86.5	0.0024
5.610	5.878	6.158	1.24	14.6	85.4	0.0019
6.158	6.452	6.760	1.34	15.9	84.1	0.0016
6.760	7.083	7.421	1.45	17.2	82.8	0.0013
7.421	7.775	8.147	1.57	18.7	81.3	0.0011
8.147	8.536	8.943	1.70	20.2	79.8	0.00086
8.943	9.370	9.817	1.83	21.9	78.1	0.00070
9.817	10.29	10.78	1.98	23.8	76.2	0.00057
10.78	11.29	11.83	2.14	25.7	74.3	0.00047
11.83	12.40	12.99	2.30	27.9	72.1	0.00038
12.99	13.61	14.26	2.48	30.2	69.8	0.00031
14.26	14.94	15.65	2.65	32.7	67.3	0.00025
15.65	16.40	17.18	2.83	35.3	64.7	0.00020
17.18	18.00	18.86	3.02	38.2	61.8	0.00016
18.86	19.76	20.70	3.20	41.2	58.8	0.00013
20.70	21.69	22.73	3.37	44.4	55.6	0.00010
22.73	23.81	24.95	3.49	47.7	52.3	0.000082
24.95	26.14	27.39	3.55	51.2	48.8	0.000063
27.39	28.70	30.07	3.52	54.8	45.2	0.000047
30.07	31.50	33.01	3.42	58.3	41.7	0.000035
33.01	34.58	36.24	3.29	61.7	38.3	0.000025
36.24	37.97	39.78	3.15	65.0	35.0	0.000018
39.78	41.68	43.67	3.02	68.2	31.8	0.000013
43.67	45.75	47.94	2.91	71.2	28.8	0.000010
47.94	50.22	52.62	2.80	74.1	25.9	0.000007
52.62	55.13	57.77	2.67	76.9	23.1	0.000005
57.77	60.52	63.41	2.52	79.6	20.4	0.000004
63.41	66.44	69.61	2.36	82.1	17.9	0.000003
69.61	72.94	76.42	2.19	84.4	15.6	0.000002
76.42	80.07	83.89	2.01	86.6	13.4	0.000001
83.89	87.90	92.09	1.76	88.6	11.4	0.000001
92.09	96.49	101.1	1.42	90.4	9.60	4.99E-7
101.1	105.9	111.0	1.01	91.8	8.18	2.67E-7
111.0	116.3	121.8	0.65	92.8	7.17	1.32E-7
121.8	127.6	133.7	0.49	93.5	6.52	7.44E-8
133.7	140.1	146.8	0.55	94.0	6.03	6.32E-8
146.8	153.8	161.2	0.82	94.5	5.48	7.07E-8
161.2	168.9	176.9	1.16	95.3	4.66	7.62E-8
176.9	185.4	194.2	1.33	96.5	3.50	6.59E-8
194.2	203.5	213.2	1.15	97.8	2.17	4.32E-8
213.2	223.4	234.1	0.70	99.0	1.01	1.97E-8
234.1	245.2	256.9	0.27	99.7	0.32	5.69E-9
256.9	269.2	282.1	0.049	99.9	0.053	7.97E-10
282.1	295.5	309.6	0.0034	99.997	0.0034	4.1E-11
309.6	324.4	339.9	0	100	0	0
339.9	356.1	373.1	0	100	0	0
373.1	390.9	409.6	0	100	0	0
409.6	429.2	449.7	0	100	0	0
449.7	471.1	493.6	0	100	0	0
493.6	517.2	541.9	0	100	0	0
541.9	567.7	594.9	0	100	0	0
594.9	623.3	653.0	0	100	0	0
653.0	684.2	716.8	0	100	0	0
716.8	751.1	786.9	0	100	0	0
786.9	824.5	863.9	0	100	0	0
863.9	905.1	948.3	0	100	0	0
948.3	993.6	1041	0	100	0	0
1041	1091	1143	0	100	0	0
1143	1197	1255	0	100	0	0
1255	1314	1377	0	100	0	0
1377	1443	1512	0	100	0	0
1512	1584	1660	0	100	0	0
1660	1739	1822	0	100	0	0
1822	1909	2000	0	100	0	0
2000				100	0	

