LS	2022-02-24  13:17
File name:	IODP_1176_STV0018_29.$ls
File ID:	IODP_1176
Sample ID:	STV0018
Operator:	RG
Bar code:	
Comment 1:	
Comment 2:	
Instrument:	LS 230, VSM Plus
Run number:	29
Start time:	2022-02-24  13:16
Run length:	61
Optical model:	Fraunhofer.rfd   PIDS included
Obscuration:	10
PIDS Obscur:	48
Obscuration:	OK
Serial Number:	7205

From	0.0400
To	2000
Volume 	100
Mean:	46.79
Median:	30.89
D(0,0):	0.103
Mean/Median ratio:	1.515
Mode:	41.68
S.D.:	51.52
Variance:	2655
C.V.:	110.1
Skewness:	2.229
Kurtosis:	5.519
d10:	4.669
d50:	30.89
d90:	104.2
Specific Surf. Area:	9102

% <	Size 
10	4.67
25	13.4
50	30.9
75	59.4
90	104

% >	Size 
10	104
25	59.4
50	30.9
75	13.4
90	4.67

Size 	% <
1	2.61
10	19.5
100	89.3
1000	100

Size 	% >
1	97.4
10	80.5
100	10.7
1000	0

Particle	IODP_1176	Volume	Volume
Diameter	_STV0018	% >	%
um	_29.$ls		
	Volume		
	% <		
0.4	1.06	98.9	0.26
0.488	1.32	98.7	0.54
0.69	1.86	98.1	0.71
0.98	2.57	97.4	0.90
1.38	3.47	96.5	1.21
1.95	4.67	95.3	1.64
2.76	6.31	93.7	2.24
3.91	8.56	91.4	3.03
5.52	11.6	88.4	4.12
7.81	15.7	84.3	5.49
11.05	21.2	78.8	7.32
15.63	28.5	71.5	9.73
22.1	38.2	61.8	12.2
31.3	50.5	49.5	13.4
44.2	63.8	36.2	12.9
62.5	76.8	23.2	9.90
88.4	86.7	13.3	5.87
125	92.6	7.45	2.92
177	95.5	4.53	3.54
250	99.0	0.99	0.99
354	99.998	0.0019	0.0019
500	100	0	0
707	100	0	0
1000	100	0	0
1414	100	0	0
2000	100	0	0
2828	100	0	0
4000	100	0	

Channel	Channel	Channel	Diff.	Cum. <	Cum. >	Diff.
Diameter	Diameter	Diameter	Volume	Volume	Volume	Number
(Lower)	(Center)	(Upper)	%	%	%	%
um	um	um				
0.040	0.042	0.044	0.00052	0	100	1.96
0.044	0.046	0.048	0.00068	0.00052	99.999	1.92
0.048	0.050	0.053	0.0011	0.0012	99.999	2.29
0.053	0.055	0.058	0.0021	0.0023	99.998	3.45
0.058	0.061	0.064	0.0045	0.0044	99.996	5.47
0.064	0.067	0.070	0.0084	0.0089	99.99	7.72
0.070	0.073	0.077	0.013	0.017	99.98	9.00
0.077	0.080	0.084	0.017	0.030	99.97	9.06
0.084	0.088	0.093	0.021	0.047	99.95	8.51
0.093	0.097	0.102	0.026	0.069	99.9	7.79
0.102	0.106	0.112	0.031	0.095	99.9	6.96
0.112	0.117	0.122	0.035	0.13	99.9	6.05
0.122	0.128	0.134	0.040	0.16	99.8	5.16
0.134	0.141	0.148	0.044	0.20	99.8	4.36
0.148	0.155	0.162	0.049	0.24	99.8	3.63
0.162	0.170	0.178	0.054	0.29	99.7	3.00
0.178	0.186	0.195	0.058	0.35	99.7	2.48
0.195	0.205	0.214	0.064	0.41	99.6	2.05
0.214	0.225	0.235	0.070	0.47	99.5	1.69
0.235	0.247	0.258	0.076	0.54	99.5	1.39
0.258	0.271	0.284	0.082	0.62	99.4	1.14
0.284	0.297	0.311	0.089	0.70	99.3	0.93
0.311	0.326	0.342	0.096	0.79	99.2	0.76
0.342	0.358	0.375	0.10	0.88	99.1	0.62
0.375	0.393	0.412	0.11	0.99	99.0	0.50
0.412	0.431	0.452	0.12	1.10	98.9	0.40
0.452	0.474	0.496	0.13	1.21	98.8	0.33
0.496	0.520	0.545	0.14	1.34	98.7	0.26
0.545	0.571	0.598	0.14	1.48	98.5	0.21
0.598	0.627	0.656	0.15	1.62	98.4	0.17
0.656	0.688	0.721	0.16	1.77	98.2	0.14
0.721	0.755	0.791	0.18	1.94	98.1	0.11
0.791	0.829	0.868	0.19	2.11	97.9	0.091
0.868	0.910	0.953	0.20	2.30	97.7	0.073
0.953	0.999	1.047	0.22	2.51	97.5	0.060
1.047	1.097	1.149	0.23	2.72	97.3	0.048
1.149	1.204	1.261	0.25	2.95	97.0	0.039
1.261	1.321	1.385	0.27	3.21	96.8	0.032
1.385	1.451	1.520	0.29	3.48	96.5	0.026
1.520	1.592	1.668	0.32	3.77	96.2	0.021
1.668	1.748	1.832	0.34	4.09	95.9	0.018
1.832	1.919	2.011	0.37	4.43	95.6	0.014
2.011	2.107	2.207	0.40	4.80	95.2	0.012
2.207	2.313	2.423	0.44	5.20	94.8	0.0097
2.423	2.539	2.660	0.47	5.64	94.4	0.0080
2.660	2.787	2.920	0.52	6.11	93.9	0.0065
2.920	3.059	3.205	0.56	6.63	93.4	0.0054
3.205	3.358	3.519	0.61	7.19	92.8	0.0044
3.519	3.687	3.863	0.66	7.80	92.2	0.0036
3.863	4.047	4.240	0.72	8.47	91.5	0.0030
4.240	4.443	4.655	0.79	9.19	90.8	0.0025
4.655	4.877	5.110	0.85	9.97	90.0	0.0020
5.110	5.354	5.610	0.93	10.8	89.2	0.0017
5.610	5.878	6.158	1.01	11.8	88.2	0.0014
6.158	6.452	6.760	1.09	12.8	87.2	0.0011
6.760	7.083	7.421	1.18	13.8	86.2	0.00091
7.421	7.775	8.147	1.27	15.0	85.0	0.00074
8.147	8.536	8.943	1.37	16.3	83.7	0.00061
8.943	9.370	9.817	1.48	17.7	82.3	0.00049
9.817	10.29	10.78	1.60	19.1	80.9	0.00040
10.78	11.29	11.83	1.73	20.7	79.3	0.00033
11.83	12.40	12.99	1.87	22.5	77.5	0.00027
12.99	13.61	14.26	2.02	24.3	75.7	0.00022
14.26	14.94	15.65	2.19	26.4	73.6	0.00018
15.65	16.40	17.18	2.36	28.5	71.5	0.00015
17.18	18.00	18.86	2.55	30.9	69.1	0.00012
18.86	19.76	20.70	2.75	33.5	66.5	0.000098
20.70	21.69	22.73	2.94	36.2	63.8	0.000079
22.73	23.81	24.95	3.13	39.2	60.8	0.000064
24.95	26.14	27.39	3.30	42.3	57.7	0.000051
27.39	28.70	30.07	3.43	45.6	54.4	0.000040
30.07	31.50	33.01	3.52	49.0	51.0	0.000031
33.01	34.58	36.24	3.59	52.5	47.5	0.000024
36.24	37.97	39.78	3.63	56.1	43.9	0.000018
39.78	41.68	43.67	3.64	59.8	40.2	0.000014
43.67	45.75	47.94	3.63	63.4	36.6	0.000010
47.94	50.22	52.62	3.57	67.0	33.0	0.000008
52.62	55.13	57.77	3.45	70.6	29.4	0.000006
57.77	60.52	63.41	3.27	74.0	26.0	0.000004
63.41	66.44	69.61	3.02	77.3	22.7	0.000003
69.61	72.94	76.42	2.73	80.3	19.7	0.000002
76.42	80.07	83.89	2.44	83.1	16.9	0.000001
83.89	87.90	92.09	2.15	85.5	14.5	0.000001
92.09	96.49	101.1	1.86	87.7	12.3	0.000001
101.1	105.9	111.0	1.55	89.5	10.5	3.58E-7
111.0	116.3	121.8	1.24	91.1	8.94	2.16E-7
121.8	127.6	133.7	0.95	92.3	7.70	1.26E-7
133.7	140.1	146.8	0.76	93.3	6.75	7.56E-8
146.8	153.8	161.2	0.69	94.0	5.99	5.22E-8
161.2	168.9	176.9	0.76	94.7	5.30	4.33E-8
176.9	185.4	194.2	0.91	95.5	4.53	3.91E-8
194.2	203.5	213.2	1.03	96.4	3.63	3.36E-8
213.2	223.4	234.1	1.02	97.4	2.59	2.51E-8
234.1	245.2	256.9	0.83	98.4	1.57	1.54E-8
256.9	269.2	282.1	0.50	99.3	0.74	7E-9
282.1	295.5	309.6	0.20	99.8	0.24	2.14E-9
309.6	324.4	339.9	0.040	99.96	0.043	3.2E-10
339.9	356.1	373.1	0.0033	99.997	0.0033	1.98E-11
373.1	390.9	409.6	0	100	0	0
409.6	429.2	449.7	0	100	0	0
449.7	471.1	493.6	0	100	0	0
493.6	517.2	541.9	0	100	0	0
541.9	567.7	594.9	0	100	0	0
594.9	623.3	653.0	0	100	0	0
653.0	684.2	716.8	0	100	0	0
716.8	751.1	786.9	0	100	0	0
786.9	824.5	863.9	0	100	0	0
863.9	905.1	948.3	0	100	0	0
948.3	993.6	1041	0	100	0	0
1041	1091	1143	0	100	0	0
1143	1197	1255	0	100	0	0
1255	1314	1377	0	100	0	0
1377	1443	1512	0	100	0	0
1512	1584	1660	0	100	0	0
1660	1739	1822	0	100	0	0
1822	1909	2000	0	100	0	0
2000				100	0	

